   344.20406737420211     
   221.55623014049027     
   173.70233025402831     
   251.15038553910094     
   565.44559304512950     
   258.97672381206070     
   399.74934734615181     
   141.87009812945018     
   200.09804734915286     
   309.03930135438355     
   290.95304323852429     
   137.33777853832348     
   411.16675591345933     
   742.88839946408768     
   513.96363250933780     
   252.46780270603182     
   272.67540723785407     
   289.63314747427643     
   653.55120549691901     
   543.32982795319310     
   209.70699279922582     
   352.81719813535182     
   813.23048561147857     
   676.00145972816767     
   141.46628279655874     
   326.36329132592630     
   195.29004004833544     
   505.78480795437673     
   589.52490441919201     
   497.10336445781871     
   358.80427286024155     
   364.07215796510184     
   444.17221789063819     
   377.25290735915013     
   354.53170803784377     
   420.62535962251951     
   674.22623884884570     
   592.91718947802008     
   328.46021002673012     
   435.03205730780337     
   347.67824159965892     
   220.73926811938054     
   407.01870661527704     
   371.74819825054647     
   228.23047153154170     
   437.24453784595602     
   495.19970281445160     
   238.16790619203050     
   405.58741306284776     
   387.89401341343955     
   248.21928973945023     
   248.11970133259945     
   138.79567154243375     
   440.86002097806460     
   335.96398430500108     
   123.18425496520283     
   619.00139390213940     
   554.22848567063193     
   341.37967830249607     
   254.18040386283533     
   340.99621556556860     
   256.40271963588498     
   803.32504720105499     
   485.39305949890581     
   152.31300203067931     
   384.95933200728541     
   408.36130575460163     
   463.83540685898453     
   141.48464260442995     
   432.14890703838506     
   503.58608621284111     
   326.60948457887980     
   322.65591648329178     
   423.56820073022158     
   361.79097112596878     
   469.69579894903904     
   403.49032192539602     
   297.22078187178107     
   294.40095405845165     
   646.23711141725619     
   430.30080663608987     
   281.43787903935748     
   205.87098355440827     
   352.66108551312783     
   176.70031000238700     
   128.69101204888293     
   317.72238884515480     
   341.91302843868937     
   343.78162776550954     
   372.56049259095943     
   620.64729150332903     
   295.36477067191856     
   504.11479352424976     
   678.66918667856532     
   623.82663928845432     
   584.03685504720454     
   458.14593818229372     
   194.27411755785070     
   440.97227387748836     
   269.38909773910257     
   844.20605913846111     
