   228.47975893875306        103.42352915477146        170.90754348418386        0.0000000000000000     
   215.44169151074004        103.99077057856776        171.33190381357917        0.0000000000000000     
   192.92468942324743        86.346402483887744        169.72713192992404        0.0000000000000000     
   197.80000781020235        100.28856766078337        164.72707632903146        0.0000000000000000     
   178.23272303366420        99.536866189548874        156.89505692219379        0.0000000000000000     
   198.16081637079785        109.06915636965030        175.62578434420405        0.0000000000000000     
   197.78019349619723        105.27456362595944        160.75916154042565        0.0000000000000000     
   187.58251852974303        105.18321751919885        167.50867980325907        0.0000000000000000     
   207.54249075959575        101.97250474096549        158.77630801588828        0.0000000000000000     
   186.10813412664814        100.53209224574690        174.53570216354399        0.0000000000000000     
   202.67131061648428        106.99003163806525        160.29946939569061        0.0000000000000000     
   218.32816231733665        95.900219219423590        181.35624937935327        0.0000000000000000     
   209.88155204608060        99.350331520428981        150.90879970336445        0.0000000000000000     
   207.48691116903009        103.49715896757417        163.96969864599617        0.0000000000000000     
   213.57065215404944        99.514171389366808        171.41701962856436        0.0000000000000000     
   209.47597878391915        95.697385066801544        151.99467442445999        0.0000000000000000     
   226.97318736283950        95.376212369754867        155.00128583968140        0.0000000000000000     
   188.49951201105060        91.589356066739654        187.27981082711756        0.0000000000000000     
   202.45699503211370        106.89123260630593        165.40653045061654        0.0000000000000000     
   201.32663224615212        94.973106899012720        167.20594679036267        0.0000000000000000     
   192.86747964928244        93.285322993019136        173.79444319151679        0.0000000000000000     
   183.77298015412308        105.95665319672118        151.84250645287224        0.0000000000000000     
   192.75627670428153        104.39197784297650        175.47701224686301        0.0000000000000000     
   191.96656755316502        89.541992756142577        158.13969206245602        0.0000000000000000     
   195.68459735417659        102.22381638429377        167.91804805272449        0.0000000000000000     
   191.42604693987374        119.78549129239569        163.65177726509830        0.0000000000000000     
   205.92450096180380        88.887435018128386        179.60145900526751        0.0000000000000000     
   201.79541102763355        96.479606367468705        160.38583187754082        0.0000000000000000     
   185.69806931536655        88.206115190347887        168.80762204375242        0.0000000000000000     
   189.54448199118528        98.129814495863300        168.81428220320979        0.0000000000000000     
   199.57206172894763        104.17309594525268        142.86283602159526        0.0000000000000000     
   190.92419962204875        98.795937600210181        176.69346463261425        0.0000000000000000     
   215.03043876292622        81.818452928962472        169.81008003438160        0.0000000000000000     
   215.27102845586347        82.546303503065630        178.55725647718813        0.0000000000000000     
   202.94887873056919        87.963035395789476        157.09486279905042        0.0000000000000000     
   214.34985993815664        105.55678810165111        163.89265332360722        0.0000000000000000     
   242.08388795399298        101.01937420538968        173.51969147714001        0.0000000000000000     
   240.83863321665541        101.62357162641476        175.65163558069975        0.0000000000000000     
   241.84555911752958        99.391100104210665        160.25368307023368        0.0000000000000000     
   224.53265238527194        102.01809320773403        175.98015967257325        0.0000000000000000     
   212.21735309260873        115.03424421945826        164.57452059386608        0.0000000000000000     
   219.40040320953068        109.92212317723430        154.28151024632010        0.0000000000000000     
   204.37556205966285        119.95605402444926        166.24303747333133        0.0000000000000000     
   224.38269127196617        98.560834374706218        178.72307588506928        0.0000000000000000     
   208.40577581509686        105.43835797158185        167.86701564450146        0.0000000000000000     
   218.84874422278693        87.252999158354370        159.17586234118198        0.0000000000000000     
   237.88578023748028        95.989418212288797        181.55552834555505        0.0000000000000000     
   206.48799460380403        95.362954812771875        177.16282395864283        0.0000000000000000     
   215.21676770238631        95.220349600687996        161.54211323873648        0.0000000000000000     
   212.74462614255100        89.994465167648499        163.59553879215099        0.0000000000000000     
   198.84592052788545        96.078391866901185        159.18295540220490        0.0000000000000000     
   201.51688671937245        106.31354816904606        198.16996146199625        0.0000000000000000     
   202.76739108133151        97.690486786659349        157.37510190429998        0.0000000000000000     
   193.96773566154323        90.286066402587807        164.27909515054128        0.0000000000000000     
   184.62979531621494        86.914821598194663        167.39451523682629        0.0000000000000000     
   193.62464317562586        84.660504825983324        193.27236647390907        0.0000000000000000     
   207.88063841515671        105.66167751591323        164.36121325318069        0.0000000000000000     
   214.53621493892098        92.897300078569216        199.64201044521170        0.0000000000000000     
   198.05529188198383        91.477293785986575        185.85001593825766        0.0000000000000000     
   214.06257703710494        95.864495057466726        179.13964428741147        0.0000000000000000     
   186.86678930833415        93.000809170402633        150.21019605938974        0.0000000000000000     
   221.13512767576094        97.533497359533527        164.18659784241478        0.0000000000000000     
   218.87874706733953        85.492735394480903        175.94139285877026        0.0000000000000000     
   224.84059726244328        103.33111676072922        165.32494820268556        0.0000000000000000     
   187.92707577865303        97.994486934524971        172.37411710287736        0.0000000000000000     
   204.65413720511020        94.525751615270593        173.86425412867771        0.0000000000000000     
   201.66723779237040        89.131974430643396        152.64607469426826        0.0000000000000000     
   218.22214682328828        105.72923740120314        162.46348360628426        0.0000000000000000     
   217.78367639254586        105.94619175012970        198.32321065884051        0.0000000000000000     
   210.30589827521555        101.06266297657082        170.88854539335594        0.0000000000000000     
   207.58090761210465        80.757133587123093        182.14838075318409        0.0000000000000000     
   206.14120791433166        92.848411805176056        197.35548346574501        0.0000000000000000     
   199.61834415866207        82.743917335603427        178.61930003307813        0.0000000000000000     
   196.83989139549848        89.154101023904943        165.11283155816162        0.0000000000000000     
   207.74027802290317        88.332420802771310        160.41763942588580        0.0000000000000000     
   197.94656884604743        97.063651917515287        164.05708093982651        0.0000000000000000     
   192.38953484981727        104.55697746767751        137.08097768903107        0.0000000000000000     
   202.97595069712790        102.19963850311615        152.01934519642430        0.0000000000000000     
   213.63447137448750        103.45631523640846        167.45112627867098        0.0000000000000000     
   210.79195740134588        110.82308689392325        176.88230537894711        0.0000000000000000     
   211.63960226414969        83.608176885566365        189.37298364545094        0.0000000000000000     
   228.71107729740373        91.700247434395919        185.59541109358486        0.0000000000000000     
   176.11206971907885        109.24327753109320        169.34821706037579        0.0000000000000000     
   183.32688995358981        83.190869061723248        166.08887495468764        0.0000000000000000     
   188.62910852073881        110.32924203096000        162.69757616304187        0.0000000000000000     
   221.10170226829970        101.82495674079459        159.09065297587668        0.0000000000000000     
   204.04731299781275        114.78567638421737        165.12352810710905        0.0000000000000000     
   185.47203253468643        105.46219639730579        164.91943219222654        0.0000000000000000     
   185.88013570734023        106.77900468935228        165.15450326979487        0.0000000000000000     
   211.85090376725950        100.14709269767471        181.36086761452347        0.0000000000000000     
   211.95457160801649        98.743311305158656        175.89444915897957        0.0000000000000000     
   197.77027349749719        116.09971089922507        176.77110361557820        0.0000000000000000     
   223.62732761437513        111.21619873350019        174.94266349282918        0.0000000000000000     
   203.80760035660697        105.07087834386384        158.51929268577865        0.0000000000000000     
   198.28815938990198        88.628584437166666        182.45854111219771        0.0000000000000000     
   195.52957484175724        92.388279307549979        177.33475436755609        0.0000000000000000     
   206.10997508502885        84.444060283341258        178.61808179627312        0.0000000000000000     
   203.06431624922939        112.17618715751230        165.31041243997086        0.0000000000000000     
   198.20038213296516        96.665045300341944        169.77819378764124        0.0000000000000000     
   194.22255132746579        96.736034851949981        174.09490932578478        0.0000000000000000     
