   502.81083157770837     
   490.76436590288699     
   448.99822383705924     
   462.81565180001712     
   434.66464614540689     
   482.85575708465217     
   463.81391866258230     
   460.27441585220095     
   468.29130351644949     
   461.17592853593902     
   469.96081165024015     
   495.58463091611350     
   460.14068326987399     
   474.95376878260043     
   484.50184317198057     
   457.16803827518072     
   477.35068557227578     
   467.36867890490782     
   474.75475808903616     
   463.50568593552748     
   459.94724583381839     
   441.57213980371648     
   472.62526679412105     
   439.64825237176365     
   465.82646179119484     
   474.86331549736775     
   474.41339498519972     
   458.66084927264308     
   442.71180654946687     
   456.48857869025835     
   446.60799369579559     
   466.41360185487315     
   466.65897172627029     
   476.37458843611728     
   448.00677692540910     
   483.79930136341500     
   516.62295363652265     
   518.11384042376994     
   501.49034229197389     
   502.53090526557924     
   491.82611790593307     
   483.60403663308512     
   490.57465355744341     
   501.66660153174166     
   481.71114943118016     
   465.27760572232330     
   515.43072679532406     
   479.01377337521870     
   471.97923054181075     
   466.33463010235050     
   454.10726779699155     
   506.00039635041475     
   457.83297977229086     
   448.53289721467229     
   438.93913215123592     
   471.55751447551825     
   477.90352918425060     
   507.07552546270188     
   475.38260160622804     
   489.06671638198316     
   430.07779453812657     
   482.85522287770925     
   480.31287532059071     
   493.49666222585807     
   458.29567981605533     
   473.04414294905854     
   443.44528691728203     
   486.41486783077573     
   522.05307880151611     
   482.25710664514236     
   470.48642195241183     
   496.34510318525270     
   460.98156152734362     
   451.10682397756500     
   456.49033825156027     
   459.06730170338921     
   434.02749000652591     
   457.19493439666837     
   484.54191288956696     
   498.49734967421625     
   484.62076279516702     
   506.00673582538451     
   454.70356431054779     
   432.60663397000070     
   461.65592671474064     
   482.01731198497100     
   483.95651748913917     
   455.85366112421877     
   457.81364366648739     
   493.35886407945770     
   486.59233207215470     
   490.64108801230043     
   509.78618984070454     
   467.39777138624947     
   469.37528493926641     
   465.25260851686335     
   469.17211716464328     
   480.55091584671254     
   464.64362122094838     
   465.05349550520054     
