   100000.00000000000       0.88235623586871859     
   101000.00000000000       0.92647400558813053     
   102000.00000000000       0.88015029426429325     
   103000.00000000000       0.92415776700867136     
   104000.00000000000       0.87794986764141869     
   105000.00000000000       0.92184731915957763     
   106000.00000000000       0.87575494221232231     
   107000.00000000000       0.83196718466189379     
   108000.00000000000       0.87356550422370172     
   109000.00000000000       0.91724373778003754     
   110000.00000000000       0.87138153995663825     
   111000.00000000000       0.91495057540376046     
   112000.00000000000       0.86920303572651159     
   113000.00000000000       0.91266314606600663     
   114000.00000000000       0.86702997788291380     
   115000.00000000000       0.91038143543384842     
   116000.00000000000       0.86486235280956358     
   117000.00000000000       0.90810542921019111     
   118000.00000000000       0.86270014692422126     
   119000.00000000000       0.90583511313368370     
   120000.00000000000       0.86054334667860344     
   121000.00000000000       0.90357047297862925     
   122000.00000000000       0.85839193855829832     
   123000.00000000000       0.90131149455489601     
   124000.00000000000       0.94637702630475962     
   125000.00000000000       0.89905816370782832     
   126000.00000000000       0.85410524480482841     
   127000.00000000000       0.89681046631815808     
   128000.00000000000       0.85196993231143636     
   129000.00000000000       0.89456838830191610     
   130000.00000000000       0.84983995822273406     
   131000.00000000000       0.89233191561034375     
   132000.00000000000       0.93694846884115945     
   133000.00000000000       0.89010103422980535     
   134000.00000000000       0.93460604349797083     
   135000.00000000000       0.88787573018170007     
   136000.00000000000       0.93226947435357110     
   137000.00000000000       0.97888290361717700     
   138000.00000000000       0.92993874676712462     
   139000.00000000000       0.88344179834303471     
   140000.00000000000       0.92761384613439879     
   141000.00000000000       0.88123314276966014     
   142000.00000000000       0.92529475788767235     
   143000.00000000000       0.87903000896291561     
   144000.00000000000       0.92298146749564425     
   145000.00000000000       0.96913049685924046     
   146000.00000000000       0.92067396046334260     
   147000.00000000000       0.87464025146488655     
   148000.00000000000       0.91837222233203364     
   149000.00000000000       0.87245360026758190     
   150000.00000000000       0.82883090985374541     
   151000.00000000000       0.87027241582469517     
   152000.00000000000       0.91378599511810732     
   153000.00000000000       0.86809668446902399     
   154000.00000000000       0.82469183989705386     
   155000.00000000000       0.86592639256753523     
   156000.00000000000       0.90922267090532394     
   157000.00000000000       0.95468376109547470     
   158000.00000000000       0.90694956165998364     
   159000.00000000000       0.86160207276530321     
   160000.00000000000       0.81852195885594092     
   161000.00000000000       0.85944801776856949     
   162000.00000000000       0.90242037767532290     
   163000.00000000000       0.85729934803386754     
   164000.00000000000       0.90016427455634240     
   165000.00000000000       0.85515605009773088     
   166000.00000000000       0.89791381182559937     
   167000.00000000000       0.94280945960101226     
   168000.00000000000       0.89566897538179702     
   169000.00000000000       0.94045238144206200     
   170000.00000000000       0.89342975115889289     
   171000.00000000000       0.84875825295043561     
   172000.00000000000       0.89119612512601010     
   173000.00000000000       0.84663630824582392     
   174000.00000000000       0.88896808328735000     
   175000.00000000000       0.84451966852565719     
   176000.00000000000       0.88674561168210420     
   177000.00000000000       0.93108284998288360     
   178000.00000000000       0.88452869638436693     
   179000.00000000000       0.92875508902597026     
   180000.00000000000       0.88231732350304837     
   181000.00000000000       0.92643314760603224     
   182000.00000000000       0.88011147918178689     
   183000.00000000000       0.92411701117389056     
   184000.00000000000       0.87791114959886274     
   185000.00000000000       0.92180666521674015     
   186000.00000000000       0.87571632096711138     
   187000.00000000000       0.91950209525805882     
   188000.00000000000       0.96547715617568519     
   189000.00000000000        1.0137509679469312     
   190000.00000000000       0.96306340746473140     
   191000.00000000000       0.91491022561088442     
   192000.00000000000       0.86916470342376040     
   193000.00000000000       0.82570645789132169     
   194000.00000000000       0.86699174141313573     
   195000.00000000000       0.91034128714240470     
   196000.00000000000       0.95585830809106975     
   197000.00000000000       0.90806538129179726     
   198000.00000000000       0.86266210140222455     
   199000.00000000000       0.90579516533740123     
   200000.00000000000       0.86050539627261136     
