   100000.00000000000        1.9650309514312789     
   101000.00000000000        2.0632824053028656     
   102000.00000000000        2.1664464271830370     
   103000.00000000000        2.0581240799978313     
   104000.00000000000        2.1610301858587193     
   105000.00000000000        2.0529786508042962     
   106000.00000000000        2.1556274854508604     
   107000.00000000000        2.2634087569350752     
   108000.00000000000        2.1502382921063865     
   109000.00000000000        2.0427263518682293     
   110000.00000000000        2.1448625720568577     
   111000.00000000000        2.0376194178852605     
   112000.00000000000        2.1395002916182584     
   113000.00000000000        2.0325252515325145     
   114000.00000000000        2.1341514171907838     
   115000.00000000000        2.2408588862860532     
   116000.00000000000        2.3529017237478778     
   117000.00000000000        2.2352566095117097     
   118000.00000000000        2.1234937523897890     
   119000.00000000000        2.2296683387532057     
   120000.00000000000        2.3411516493719944     
   121000.00000000000        2.2240940389946924     
   122000.00000000000        2.1128893105316906     
   123000.00000000000        2.2185336753078615     
   124000.00000000000        2.1076069650954863     
   125000.00000000000        2.2129872128517292     
   126000.00000000000        2.3236364679708621     
   127000.00000000000        2.2074546168724138     
   128000.00000000000        2.0970818597138834     
   129000.00000000000        2.2019358527029222     
   130000.00000000000        2.3120325403415851     
   131000.00000000000        2.1964308857629300     
   132000.00000000000        2.3062523253170903     
   133000.00000000000        2.1909396815585658     
   134000.00000000000        2.0813926713626012     
   135000.00000000000        2.1854622056821946     
   136000.00000000000        2.2947352117553454     
   137000.00000000000        2.1799984238122025     
   138000.00000000000        2.0709984766339860     
   139000.00000000000        2.1745483017127825     
   140000.00000000000        2.0658208607045077     
   141000.00000000000        2.1691118052337184     
   142000.00000000000        2.2775672920640933     
   143000.00000000000        2.1636889003101709     
   144000.00000000000        2.2718732421529526     
   145000.00000000000        2.1582795529624654     
   146000.00000000000        2.2661934276958000     
   147000.00000000000        2.1528837292958793     
   148000.00000000000        2.0452395171667113     
   149000.00000000000        2.1475013955004267     
   150000.00000000000        2.0401263001251939     
   151000.00000000000        2.1421325178506510     
   152000.00000000000        2.0350258664219090     
   153000.00000000000        2.1367770627054092     
   154000.00000000000        2.0299381840977713     
   155000.00000000000        2.1314349965076644     
   156000.00000000000        2.2380066446983071     
   157000.00000000000        2.1261062857842736     
   158000.00000000000        2.0198009461498980     
   159000.00000000000        2.1207908971457785     
   160000.00000000000        2.0147513270066919     
   161000.00000000000        2.1154887972861967     
   162000.00000000000        2.2212631362761397     
   163000.00000000000        2.1101999529828128     
   164000.00000000000        2.0046899301781282     
   165000.00000000000        2.1049243310959698     
   166000.00000000000        1.9996780894485178     
   167000.00000000000        2.0996618985688618     
   168000.00000000000        1.9946787786104982     
   169000.00000000000        2.0944126224273272     
   170000.00000000000        2.1991331536793171     
   171000.00000000000        2.0891764697796411     
   172000.00000000000        2.1936351936489262     
   173000.00000000000        2.3033168487306952     
   174000.00000000000        2.1881509788364841     
   175000.00000000000        2.2975584234391389     
   176000.00000000000        2.1826804748781510     
   177000.00000000000        2.0735464251146647     
   178000.00000000000        2.1772236474959996     
   179000.00000000000        2.0683624391666711     
   180000.00000000000        1.9649442925515359     
   181000.00000000000        2.0631914134832674     
   182000.00000000000        2.1663508857767977     
   183000.00000000000        2.2746683267659775     
   184000.00000000000        2.1609348833115192     
   185000.00000000000        2.2689815244356901     
   186000.00000000000        2.1555324211655380     
   187000.00000000000        2.2633089394400194     
   188000.00000000000        2.3764742784890402     
   189000.00000000000        2.2576505362348072     
   190000.00000000000        2.1447679825097752     
   191000.00000000000        2.0375295578166597     
   192000.00000000000        1.9356530556365816     
   193000.00000000000        2.0324356161192805     
   194000.00000000000        2.1340573000111620     
   195000.00000000000        2.0273544095706586     
   196000.00000000000        2.1287220333774002     
   197000.00000000000        2.2351580335408938     
   198000.00000000000        2.3469158286372980     
   199000.00000000000        2.2295700092280164     
   200000.00000000000        2.1180914821880701     
