   100000.00000000000        0.0000000000000000     
   101000.00000000000       0.50700002908706665     
   102000.00000000000       0.52100002765655518     
   103000.00000000000       0.50700002908706665     
   104000.00000000000       0.47200000286102295     
   105000.00000000000       0.50700002908706665     
   106000.00000000000       0.46999999880790710     
   107000.00000000000       0.49500000476837158     
   108000.00000000000       0.51700001955032349     
   109000.00000000000       0.51399999856948853     
   110000.00000000000       0.49500000476837158     
   111000.00000000000       0.48300001025199890     
   112000.00000000000       0.51700001955032349     
   113000.00000000000       0.48600000143051147     
   114000.00000000000       0.51200002431869507     
   115000.00000000000       0.52700001001358032     
   116000.00000000000       0.51499998569488525     
   117000.00000000000       0.46700000762939453     
   118000.00000000000       0.52300000190734863     
   119000.00000000000       0.49500000476837158     
   120000.00000000000       0.48899999260902405     
   121000.00000000000       0.50199997425079346     
   122000.00000000000       0.47699999809265137     
   123000.00000000000       0.50999999046325684     
   124000.00000000000       0.52600002288818359     
   125000.00000000000       0.46500000357627869     
   126000.00000000000       0.52200001478195190     
   127000.00000000000       0.50499999523162842     
   128000.00000000000       0.46000000834465027     
   129000.00000000000       0.48600000143051147     
   130000.00000000000       0.48899999260902405     
   131000.00000000000       0.50599998235702515     
   132000.00000000000       0.48800000548362732     
   133000.00000000000       0.49500000476837158     
   134000.00000000000       0.52799999713897705     
   135000.00000000000       0.52799999713897705     
   136000.00000000000       0.49700000882148743     
   137000.00000000000       0.50099998712539673     
   138000.00000000000       0.50300002098083496     
   139000.00000000000       0.46700000762939453     
   140000.00000000000       0.49900001287460327     
   141000.00000000000       0.49599999189376831     
   142000.00000000000       0.52100002765655518     
   143000.00000000000       0.52999997138977051     
   144000.00000000000       0.48399999737739563     
   145000.00000000000       0.53299999237060547     
   146000.00000000000       0.49200001358985901     
   147000.00000000000       0.55500000715255737     
   148000.00000000000       0.52399998903274536     
   149000.00000000000       0.47200000286102295     
   150000.00000000000       0.50499999523162842     
   151000.00000000000       0.46500000357627869     
   152000.00000000000       0.50300002098083496     
   153000.00000000000       0.51999998092651367     
   154000.00000000000       0.50199997425079346     
   155000.00000000000       0.47099998593330383     
   156000.00000000000       0.46000000834465027     
   157000.00000000000       0.49000000953674316     
   158000.00000000000       0.52200001478195190     
   159000.00000000000       0.49399998784065247     
   160000.00000000000       0.50599998235702515     
   161000.00000000000       0.49700000882148743     
   162000.00000000000       0.49399998784065247     
   163000.00000000000       0.54299998283386230     
   164000.00000000000       0.51999998092651367     
   165000.00000000000       0.51599997282028198     
   166000.00000000000       0.47600001096725464     
   167000.00000000000       0.49799999594688416     
   168000.00000000000       0.49799999594688416     
   169000.00000000000       0.52899998426437378     
   170000.00000000000       0.50800001621246338     
   171000.00000000000       0.47699999809265137     
   172000.00000000000       0.46999999880790710     
   173000.00000000000       0.52999997138977051     
   174000.00000000000       0.51700001955032349     
   175000.00000000000       0.48899999260902405     
   176000.00000000000       0.50499999523162842     
   177000.00000000000       0.50000000000000000     
   178000.00000000000       0.50199997425079346     
   179000.00000000000       0.47900000214576721     
   180000.00000000000       0.49599999189376831     
   181000.00000000000       0.49900001287460327     
   182000.00000000000       0.52999997138977051     
   183000.00000000000       0.52200001478195190     
   184000.00000000000       0.55900001525878906     
   185000.00000000000       0.51999998092651367     
   186000.00000000000       0.46700000762939453     
   187000.00000000000       0.50199997425079346     
   188000.00000000000       0.49300000071525574     
   189000.00000000000       0.48199999332427979     
   190000.00000000000       0.52200001478195190     
   191000.00000000000       0.50400000810623169     
   192000.00000000000       0.49300000071525574     
   193000.00000000000       0.51800000667572021     
   194000.00000000000       0.50599998235702515     
   195000.00000000000       0.47999998927116394     
   196000.00000000000       0.50400000810623169     
   197000.00000000000       0.47600001096725464     
   198000.00000000000       0.50900000333786011     
   199000.00000000000       0.47799998521804810     
   200000.00000000000       0.48199999332427979     
