   100000.00000000000        0.0000000000000000     
   101000.00000000000       0.47200000286102295     
   102000.00000000000       0.47600001096725464     
   103000.00000000000       0.51599997282028198     
   104000.00000000000       0.50700002908706665     
   105000.00000000000       0.53299999237060547     
   106000.00000000000       0.49700000882148743     
   107000.00000000000       0.49500000476837158     
   108000.00000000000       0.53200000524520874     
   109000.00000000000       0.52999997138977051     
   110000.00000000000       0.47999998927116394     
   111000.00000000000       0.51399999856948853     
   112000.00000000000       0.51700001955032349     
   113000.00000000000       0.46000000834465027     
   114000.00000000000       0.48199999332427979     
   115000.00000000000       0.48800000548362732     
   116000.00000000000       0.50800001621246338     
   117000.00000000000       0.52100002765655518     
   118000.00000000000       0.47999998927116394     
   119000.00000000000       0.52300000190734863     
   120000.00000000000       0.46599999070167542     
   121000.00000000000       0.51700001955032349     
   122000.00000000000       0.47699999809265137     
   123000.00000000000       0.51499998569488525     
   124000.00000000000       0.51300001144409180     
   125000.00000000000       0.49099999666213989     
   126000.00000000000       0.49399998784065247     
   127000.00000000000       0.48399999737739563     
   128000.00000000000       0.51300001144409180     
   129000.00000000000       0.51399999856948853     
   130000.00000000000       0.48800000548362732     
   131000.00000000000       0.49900001287460327     
   132000.00000000000       0.54000002145767212     
   133000.00000000000       0.48300001025199890     
   134000.00000000000       0.50999999046325684     
   135000.00000000000       0.50400000810623169     
   136000.00000000000       0.48199999332427979     
   137000.00000000000       0.47499999403953552     
   138000.00000000000       0.53299999237060547     
   139000.00000000000       0.48600000143051147     
   140000.00000000000       0.52799999713897705     
   141000.00000000000       0.51700001955032349     
   142000.00000000000       0.52499997615814209     
   143000.00000000000       0.46999999880790710     
   144000.00000000000       0.50700002908706665     
   145000.00000000000       0.44499999284744263     
   146000.00000000000       0.47999998927116394     
   147000.00000000000       0.51999998092651367     
   148000.00000000000       0.49900001287460327     
   149000.00000000000       0.53100001811981201     
   150000.00000000000       0.48100000619888306     
   151000.00000000000       0.52899998426437378     
   152000.00000000000       0.48300001025199890     
   153000.00000000000       0.52499997615814209     
   154000.00000000000       0.49399998784065247     
   155000.00000000000       0.51200002431869507     
   156000.00000000000       0.51899999380111694     
   157000.00000000000       0.47200000286102295     
   158000.00000000000       0.51499998569488525     
   159000.00000000000       0.49000000953674316     
   160000.00000000000       0.49399998784065247     
   161000.00000000000       0.49799999594688416     
   162000.00000000000       0.55099999904632568     
   163000.00000000000       0.52200001478195190     
   164000.00000000000       0.51700001955032349     
   165000.00000000000       0.52600002288818359     
   166000.00000000000       0.46200001239776611     
   167000.00000000000       0.50499999523162842     
   168000.00000000000       0.45699998736381531     
   169000.00000000000       0.47799998521804810     
   170000.00000000000       0.54000002145767212     
   171000.00000000000       0.49500000476837158     
   172000.00000000000       0.51800000667572021     
   173000.00000000000       0.51099997758865356     
   174000.00000000000       0.49700000882148743     
   175000.00000000000       0.49500000476837158     
   176000.00000000000       0.50000000000000000     
   177000.00000000000       0.54000002145767212     
   178000.00000000000       0.50599998235702515     
   179000.00000000000       0.48699998855590820     
   180000.00000000000       0.51899999380111694     
   181000.00000000000       0.52700001001358032     
   182000.00000000000       0.45300000905990601     
   183000.00000000000       0.53299999237060547     
   184000.00000000000       0.49700000882148743     
   185000.00000000000       0.50000000000000000     
   186000.00000000000       0.49300000071525574     
   187000.00000000000       0.51800000667572021     
   188000.00000000000       0.50700002908706665     
   189000.00000000000       0.51999998092651367     
   190000.00000000000       0.50099998712539673     
   191000.00000000000       0.46799999475479126     
   192000.00000000000       0.47900000214576721     
   193000.00000000000       0.49799999594688416     
   194000.00000000000       0.54400002956390381     
   195000.00000000000       0.50099998712539673     
   196000.00000000000       0.49300000071525574     
   197000.00000000000       0.48800000548362732     
   198000.00000000000       0.55400002002716064     
   199000.00000000000       0.48899999260902405     
   200000.00000000000       0.51999998092651367     
