   100000.00000000000        0.0000000000000000     
   101000.00000000000        0.0000000000000000     
   102000.00000000000        0.0000000000000000     
   103000.00000000000        0.0000000000000000     
   104000.00000000000        0.0000000000000000     
   105000.00000000000        0.0000000000000000     
   106000.00000000000        0.0000000000000000     
   107000.00000000000        0.0000000000000000     
   108000.00000000000        0.0000000000000000     
   109000.00000000000        0.0000000000000000     
   110000.00000000000        0.0000000000000000     
   111000.00000000000        0.0000000000000000     
   112000.00000000000        0.0000000000000000     
   113000.00000000000        0.0000000000000000     
   114000.00000000000        0.0000000000000000     
   115000.00000000000        0.0000000000000000     
   116000.00000000000        0.0000000000000000     
   117000.00000000000        0.0000000000000000     
   118000.00000000000        0.0000000000000000     
   119000.00000000000        0.0000000000000000     
   120000.00000000000        0.0000000000000000     
   121000.00000000000        0.0000000000000000     
   122000.00000000000        0.0000000000000000     
   123000.00000000000        0.0000000000000000     
   124000.00000000000        0.0000000000000000     
   125000.00000000000        0.0000000000000000     
   126000.00000000000        0.0000000000000000     
   127000.00000000000        0.0000000000000000     
   128000.00000000000        0.0000000000000000     
   129000.00000000000        0.0000000000000000     
   130000.00000000000        0.0000000000000000     
   131000.00000000000        0.0000000000000000     
   132000.00000000000        0.0000000000000000     
   133000.00000000000        0.0000000000000000     
   134000.00000000000        0.0000000000000000     
   135000.00000000000        0.0000000000000000     
   136000.00000000000        0.0000000000000000     
   137000.00000000000        0.0000000000000000     
   138000.00000000000        0.0000000000000000     
   139000.00000000000        0.0000000000000000     
   140000.00000000000        0.0000000000000000     
   141000.00000000000        0.0000000000000000     
   142000.00000000000        0.0000000000000000     
   143000.00000000000        0.0000000000000000     
   144000.00000000000        0.0000000000000000     
   145000.00000000000        0.0000000000000000     
   146000.00000000000        0.0000000000000000     
   147000.00000000000        0.0000000000000000     
   148000.00000000000        0.0000000000000000     
   149000.00000000000        0.0000000000000000     
   150000.00000000000        0.0000000000000000     
   151000.00000000000        0.0000000000000000     
   152000.00000000000        0.0000000000000000     
   153000.00000000000        0.0000000000000000     
   154000.00000000000        0.0000000000000000     
   155000.00000000000        0.0000000000000000     
   156000.00000000000        0.0000000000000000     
   157000.00000000000        0.0000000000000000     
   158000.00000000000        0.0000000000000000     
   159000.00000000000        0.0000000000000000     
   160000.00000000000        0.0000000000000000     
   161000.00000000000        0.0000000000000000     
   162000.00000000000        0.0000000000000000     
   163000.00000000000        0.0000000000000000     
   164000.00000000000        0.0000000000000000     
   165000.00000000000        0.0000000000000000     
   166000.00000000000        0.0000000000000000     
   167000.00000000000        0.0000000000000000     
   168000.00000000000        0.0000000000000000     
   169000.00000000000        0.0000000000000000     
   170000.00000000000        0.0000000000000000     
   171000.00000000000        0.0000000000000000     
   172000.00000000000        0.0000000000000000     
   173000.00000000000        0.0000000000000000     
   174000.00000000000        0.0000000000000000     
   175000.00000000000        0.0000000000000000     
   176000.00000000000        0.0000000000000000     
   177000.00000000000        0.0000000000000000     
   178000.00000000000        0.0000000000000000     
   179000.00000000000        0.0000000000000000     
   180000.00000000000        0.0000000000000000     
   181000.00000000000        0.0000000000000000     
   182000.00000000000        0.0000000000000000     
   183000.00000000000        0.0000000000000000     
   184000.00000000000        0.0000000000000000     
   185000.00000000000        0.0000000000000000     
   186000.00000000000        0.0000000000000000     
   187000.00000000000        0.0000000000000000     
   188000.00000000000        0.0000000000000000     
   189000.00000000000        0.0000000000000000     
   190000.00000000000        0.0000000000000000     
   191000.00000000000        0.0000000000000000     
   192000.00000000000        0.0000000000000000     
   193000.00000000000        0.0000000000000000     
   194000.00000000000        0.0000000000000000     
   195000.00000000000        0.0000000000000000     
   196000.00000000000        0.0000000000000000     
   197000.00000000000        0.0000000000000000     
   198000.00000000000        0.0000000000000000     
   199000.00000000000        0.0000000000000000     
   200000.00000000000        0.0000000000000000     
