   100000.00000000000        0.0000000000000000     
   101000.00000000000       0.51899999380111694     
   102000.00000000000       0.50700002908706665     
   103000.00000000000       0.49099999666213989     
   104000.00000000000       0.53500002622604370     
   105000.00000000000       0.47900000214576721     
   106000.00000000000       0.50599998235702515     
   107000.00000000000       0.52700001001358032     
   108000.00000000000       0.46900001168251038     
   109000.00000000000       0.48199999332427979     
   110000.00000000000       0.51200002431869507     
   111000.00000000000       0.48199999332427979     
   112000.00000000000       0.50400000810623169     
   113000.00000000000       0.47900000214576721     
   114000.00000000000       0.55500000715255737     
   115000.00000000000       0.52899998426437378     
   116000.00000000000       0.50300002098083496     
   117000.00000000000       0.45399999618530273     
   118000.00000000000       0.45699998736381531     
   119000.00000000000       0.51399999856948853     
   120000.00000000000       0.51300001144409180     
   121000.00000000000       0.47200000286102295     
   122000.00000000000       0.48399999737739563     
   123000.00000000000       0.53100001811981201     
   124000.00000000000       0.48600000143051147     
   125000.00000000000       0.51200002431869507     
   126000.00000000000       0.50599998235702515     
   127000.00000000000       0.46799999475479126     
   128000.00000000000       0.48399999737739563     
   129000.00000000000       0.51800000667572021     
   130000.00000000000       0.50400000810623169     
   131000.00000000000       0.45699998736381531     
   132000.00000000000       0.50900000333786011     
   133000.00000000000       0.45699998736381531     
   134000.00000000000       0.48300001025199890     
   135000.00000000000       0.50999999046325684     
   136000.00000000000       0.53299999237060547     
   137000.00000000000       0.46099999547004700     
   138000.00000000000       0.48399999737739563     
   139000.00000000000       0.52499997615814209     
   140000.00000000000       0.46200001239776611     
   141000.00000000000       0.52600002288818359     
   142000.00000000000       0.52499997615814209     
   143000.00000000000       0.45899999141693115     
   144000.00000000000       0.51200002431869507     
   145000.00000000000       0.48300001025199890     
   146000.00000000000       0.51399999856948853     
   147000.00000000000       0.47999998927116394     
   148000.00000000000       0.49000000953674316     
   149000.00000000000       0.50800001621246338     
   150000.00000000000       0.47099998593330383     
   151000.00000000000       0.51899999380111694     
   152000.00000000000       0.48399999737739563     
   153000.00000000000       0.55900001525878906     
   154000.00000000000       0.49900001287460327     
   155000.00000000000       0.52200001478195190     
   156000.00000000000       0.52799999713897705     
   157000.00000000000       0.47600001096725464     
   158000.00000000000       0.50000000000000000     
   159000.00000000000       0.53100001811981201     
   160000.00000000000       0.49399998784065247     
   161000.00000000000       0.50599998235702515     
   162000.00000000000       0.50700002908706665     
   163000.00000000000       0.46399998664855957     
   164000.00000000000       0.46999999880790710     
   165000.00000000000       0.52799999713897705     
   166000.00000000000       0.48699998855590820     
   167000.00000000000       0.53500002622604370     
   168000.00000000000       0.50000000000000000     
   169000.00000000000       0.53399997949600220     
   170000.00000000000       0.50999999046325684     
   171000.00000000000       0.46999999880790710     
   172000.00000000000       0.50199997425079346     
   173000.00000000000       0.50400000810623169     
   174000.00000000000       0.48699998855590820     
   175000.00000000000       0.50599998235702515     
   176000.00000000000       0.47799998521804810     
   177000.00000000000       0.45899999141693115     
   178000.00000000000       0.54900002479553223     
   179000.00000000000       0.49500000476837158     
   180000.00000000000       0.48800000548362732     
   181000.00000000000       0.53899997472763062     
   182000.00000000000       0.54699999094009399     
   183000.00000000000       0.52100002765655518     
   184000.00000000000       0.49399998784065247     
   185000.00000000000       0.51999998092651367     
   186000.00000000000       0.47200000286102295     
   187000.00000000000       0.52899998426437378     
   188000.00000000000       0.50400000810623169     
   189000.00000000000       0.48600000143051147     
   190000.00000000000       0.47299998998641968     
   191000.00000000000       0.49900001287460327     
   192000.00000000000       0.48800000548362732     
   193000.00000000000       0.51599997282028198     
   194000.00000000000       0.50199997425079346     
   195000.00000000000       0.49399998784065247     
   196000.00000000000       0.54000002145767212     
   197000.00000000000       0.50900000333786011     
   198000.00000000000       0.50199997425079346     
   199000.00000000000       0.46000000834465027     
   200000.00000000000       0.48899999260902405     
