   100000.00000000000        0.0000000000000000     
   101000.00000000000       0.51999998092651367     
   102000.00000000000       0.48100000619888306     
   103000.00000000000       0.53399997949600220     
   104000.00000000000       0.49500000476837158     
   105000.00000000000       0.52499997615814209     
   106000.00000000000       0.46999999880790710     
   107000.00000000000       0.46599999070167542     
   108000.00000000000       0.54799997806549072     
   109000.00000000000       0.50499999523162842     
   110000.00000000000       0.46799999475479126     
   111000.00000000000       0.51999998092651367     
   112000.00000000000       0.49599999189376831     
   113000.00000000000       0.51700001955032349     
   114000.00000000000       0.49799999594688416     
   115000.00000000000       0.50900000333786011     
   116000.00000000000       0.48600000143051147     
   117000.00000000000       0.53299999237060547     
   118000.00000000000       0.49200001358985901     
   119000.00000000000       0.51300001144409180     
   120000.00000000000       0.49000000953674316     
   121000.00000000000       0.51200002431869507     
   122000.00000000000       0.48899999260902405     
   123000.00000000000       0.52300000190734863     
   124000.00000000000       0.53600001335144043     
   125000.00000000000       0.47999998927116394     
   126000.00000000000       0.49300000071525574     
   127000.00000000000       0.52200001478195190     
   128000.00000000000       0.49399998784065247     
   129000.00000000000       0.52300000190734863     
   130000.00000000000       0.45399999618530273     
   131000.00000000000       0.52100002765655518     
   132000.00000000000       0.51200002431869507     
   133000.00000000000       0.47799998521804810     
   134000.00000000000       0.51300001144409180     
   135000.00000000000       0.46999999880790710     
   136000.00000000000       0.52899998426437378     
   137000.00000000000       0.53299999237060547     
   138000.00000000000       0.47600001096725464     
   139000.00000000000       0.48800000548362732     
   140000.00000000000       0.51200002431869507     
   141000.00000000000       0.46999999880790710     
   142000.00000000000       0.52200001478195190     
   143000.00000000000       0.47200000286102295     
   144000.00000000000       0.51399999856948853     
   145000.00000000000       0.53299999237060547     
   146000.00000000000       0.47600001096725464     
   147000.00000000000       0.47400000691413879     
   148000.00000000000       0.50700002908706665     
   149000.00000000000       0.49900001287460327     
   150000.00000000000       0.49200001358985901     
   151000.00000000000       0.51700001955032349     
   152000.00000000000       0.51899999380111694     
   153000.00000000000       0.48800000548362732     
   154000.00000000000       0.47699999809265137     
   155000.00000000000       0.55299997329711914     
   156000.00000000000       0.50300002098083496     
   157000.00000000000       0.53299999237060547     
   158000.00000000000       0.48899999260902405     
   159000.00000000000       0.50000000000000000     
   160000.00000000000       0.49099999666213989     
   161000.00000000000       0.50999999046325684     
   162000.00000000000       0.53500002622604370     
   163000.00000000000       0.48199999332427979     
   164000.00000000000       0.52999997138977051     
   165000.00000000000       0.47299998998641968     
   166000.00000000000       0.50700002908706665     
   167000.00000000000       0.51300001144409180     
   168000.00000000000       0.45699998736381531     
   169000.00000000000       0.52200001478195190     
   170000.00000000000       0.46299999952316284     
   171000.00000000000       0.48399999737739563     
   172000.00000000000       0.52100002765655518     
   173000.00000000000       0.49599999189376831     
   174000.00000000000       0.51200002431869507     
   175000.00000000000       0.49700000882148743     
   176000.00000000000       0.53299999237060547     
   177000.00000000000       0.51300001144409180     
   178000.00000000000       0.48500001430511475     
   179000.00000000000       0.51200002431869507     
   180000.00000000000       0.46399998664855957     
   181000.00000000000       0.51599997282028198     
   182000.00000000000       0.49200001358985901     
   183000.00000000000       0.50300002098083496     
   184000.00000000000       0.49399998784065247     
   185000.00000000000       0.51399999856948853     
   186000.00000000000       0.49300000071525574     
   187000.00000000000       0.51899999380111694     
   188000.00000000000       0.51899999380111694     
   189000.00000000000       0.50199997425079346     
   190000.00000000000       0.46399998664855957     
   191000.00000000000       0.49000000953674316     
   192000.00000000000       0.48600000143051147     
   193000.00000000000       0.49399998784065247     
   194000.00000000000       0.51499998569488525     
   195000.00000000000       0.53399997949600220     
   196000.00000000000       0.51300001144409180     
   197000.00000000000       0.47799998521804810     
   198000.00000000000       0.49799999594688416     
   199000.00000000000       0.52799999713897705     
   200000.00000000000       0.49300000071525574     
