   4.1046293127635636E-002   1.3978920739384364        5.4329416803246176     
   2.1207936890993011        5.6308242661770009       -1.9512294156918841     
   2.6173611273188655        7.0912102382557975       -13.506750139697758     
  0.62470017085736629        15.662564271053583       -20.381326958555675     
  0.55968905215924281        26.391911797489811       -21.142471666202795     
  0.44871645735534593        35.810445858645068       -19.073814898759725     
  -1.3346788463498453        46.512623078201500       -19.162771423803324     
  -1.7590916936839702        56.510747608341013       -16.809837580024496     
  0.40769165863097379        65.476310405114575       -13.799647635679397     
   5.0042692631367061        73.650155030841162       -11.185599750296268     
   14.592940808148043        81.574399206975485       -17.591824430256185     
   21.283005903833555        88.966748876983516       -21.144581047590652     
   30.269133968042823        92.892160026467650       -26.630379643894866     
   35.590609868236626        100.99002574559231       -29.642290364194675     
   39.092799030414184        109.73840622486432       -28.195452239705187     
   44.338658433517892        116.85232001575434       -29.425141083002597     
   49.710266044748280        124.94895963177350       -30.027262994836601     
   56.263347616720736        132.29183119971961       -30.151668984151815     
   59.210288057275150        139.53875026864111       -26.342212435286530     
   63.935633547482553        146.25848752033971       -18.536108060437275     
   61.546038251584676        153.31154852833990       -12.076596056758467     
   58.536081145160608        161.76142062237653       -8.9812340440548493     
   46.808315758498125        163.52443995540003       -12.309673329141054     
   37.180021602417810        163.67670617857019       -13.304461023681759     
   30.604682743149056        161.61236325417050       -13.774546418267468     
   21.463002465937251        161.65081685079963       -17.893213529827438     
   14.641081003746422        162.64269198114576       -24.182805472493843     
   10.069478718547060        164.88874819681243       -32.737758516544268     
   2.7299068708636227        167.50643585100246       -41.725276013096703     
  0.90867716123850806        167.22579026198949       -50.495948776708431     
   1.5317780653709010        167.25363705813433       -59.956386024765614     
   5.1029736903946770        174.36961465629508       -65.246525019072465     
   8.1389333749630026        181.39952085906876       -68.771070071428284     
   16.606180722675788        185.00877562493153       -70.349708650114650     
   25.751313448421342        189.72383497661230       -73.615385533675720     
   35.509251136042565        194.27995732090358       -72.250206289635372     
   43.261128817712049        198.83798613402928       -67.668769050527800     
   52.038421698020244        204.48997977842438       -62.959950245335747     
   56.795050636853645        206.43325530249840       -55.458967553318764     
   67.472790012700017        209.37538023645240       -55.122533210777434     
   75.881379725822484        212.83649712118253       -56.610094862714469     
   86.139487776843367        213.90527443332218       -56.753655714347367     
   94.745720268926391        212.63255878633063       -57.109016657693296     
   99.295242904061752        208.63960208630877       -62.539206950712455     
   101.87864069684574        206.17166500742783       -69.396163374591140     
   109.42292700036228        202.70693301839370       -73.757786328201746     
   112.23808490803270        193.65663956747457       -81.770571464028592     
   111.93069765402473        189.08209036112228       -88.239048555532889     
   109.61031727115309        183.44628531261296       -95.659380269893063     
   111.23676424462067        179.46956641907590       -103.85119412704815     
   117.08524032319684        175.16130516472188       -108.98759273870775     
   121.91220284146891        168.00554255234076       -114.14302379788890     
   124.46749685535258        161.63625127635260       -116.97773126558143     
   122.46546471047864        153.79593109279861       -122.17825569821656     
   115.02139522681702        144.72415579655805       -125.42477063649719     
   110.48326768327016        132.67944203263283       -124.54021379257938     
   109.24307615208485        125.81230487489680       -130.83241587356792     
   111.91130911757338        121.52843218385590       -138.42493528115028     
   108.44136384351665        117.71875560700073       -148.92115913135288     
   112.96806228860660        112.76331975909031       -153.84896836577164     
   120.22148390151065        106.60174662195050       -155.18067413921125     
   126.38857359342231        100.80766086767110       -153.07111213336677     
   132.22477319506632        96.301480809024454       -146.50776025908206     
   134.87076761268992        90.360495247814384       -139.80743041559828     
   137.23685854232585        80.965107965823563       -131.79069923522985     
   139.72559166557355        71.309195050337280       -128.16086477094538     
   146.91551518947091        68.360252743752369       -122.42130134163857     
   151.37928477040501        68.814635066609412       -113.23994662407299     
   156.85991312926879        72.730422442904143       -106.62689889264142     
   162.08035471514017        77.965719298616634       -98.933751829442627     
   169.68258635963210        81.743628148508634       -95.572522131810814     
   177.42841882660412        89.080989003375620       -93.743301289822142     
   184.55796222437425        92.152806317676664       -89.803802585452459     
   191.94160109434355        95.844149580356827       -86.510321004669521     
   196.68334393660518        103.09512641886998       -84.310221653943373     
   199.73408077172593        111.13257576161598       -81.650613047328733     
   203.27553557273581        116.18044225001523       -76.553452226966755     
   211.68053851176563        122.50780179820421       -72.233798151700725     
   220.47326766313165        127.86071534659868       -73.860481052761713     
   229.11010081133259        130.85154723116617       -73.306732492503244     
   235.06728620581367        135.24515102656937       -68.288416373387278     
   239.03167523582408        142.54019748968454       -66.390133830965908     
   244.28116823413689        148.08973814368065       -63.375028112269725     
   252.51298158973736        153.86412594644924       -62.412660425321974     
   259.61466240203180        158.92888999397138       -57.369240700214640     
   262.40961562592821        162.75347543657622       -50.273860225868596     
   266.41430490315628        159.93890572855199       -41.475277628753908     
   273.99110959985967        156.62750311749815       -33.014800021560717     
   280.64745294366730        151.96999576148957       -26.309624318380738     
   277.91192083174286        147.85099272539148       -20.660273320921849     
   269.95172044965562        149.63567054177892       -15.787736252540659     
   260.62404455971591        148.85416104564175       -15.458528075306736     
   252.64208888158402        155.19402919930494       -14.230429285464202     
   244.65656209854410        159.93953415036768       -11.179075107194285     
   241.49693761440653        166.84962536919156       -9.4605115082432487     
   238.73501882970356        176.21469839667211       -11.543212775313782     
   241.31861421992949        186.24952430613723       -13.574854499394865     
   240.85515099282838        194.62786479474013       -15.457342478310357     
   239.23888355623808        203.83287383840940       -19.890675300953536     
   244.75327493083438        213.39170540248170       -19.870440646417709     
   250.92929014272988        219.75536246840980       -21.538354886830550     
   256.78672644988774        224.92496837311782       -21.548159672903100     
   262.49573728394409        229.32704227107294       -25.740134347263780     
   263.05794420759298        237.91168983536136       -33.451247927044044     
   260.50010195650697        238.21121560587366       -41.590370010395411     
   256.73643384924463        233.08350511922185       -49.721598558754195     
   255.87639768941887        225.84244766670966       -57.464057542581479     
   254.42212866615228        217.54563407001851       -63.629593555055315     
   253.81344872474563        216.14155505825627       -71.466884324779954     
   255.64571235705205        215.14247357202177       -81.089072814816404     
   256.36474750205923        209.59454101690744       -89.228872473704087     
   252.61147136197076        201.13935408195411       -90.595067463485066     
   250.80616355650130        192.93740380261931       -87.238882461157246     
   251.09293424011008        187.85059025971938       -83.187042735981365     
   250.92795927658818        180.61553496821992       -81.220836326522573     
   251.89652675099245        171.04967798739972       -78.104319401699883     
   248.87642286557349        160.55263319830433       -77.294869120085352     
   247.34346100253919        152.18629126511476       -73.630503665871458     
   246.85844610049315        144.00936026749937       -70.755937634635629     
   252.02149359187371        141.28890135173876       -75.158595129442986     
   255.98705511362618        144.07741132043179       -83.180497901258249     
   255.12008364050013        148.22921206535810       -91.830325065073126     
   258.82078532331184        150.71081976510490       -100.26363278209317     
   261.63554350332737        150.41868962266255       -110.24532462774002     
   260.72575761069544        150.35030732700051       -118.44306135990490     
   256.37067012455088        149.61117173536834       -126.26930500300162     
   248.22354229416999        153.37589417292205       -131.46287725903812     
   240.67479969170728        155.60553155503894       -133.73721941568479     
   234.12200765266567        160.49433579306506       -133.65763284443017     
   226.98013939984838        162.90146411208806       -128.02347895694874     
   217.76649208514846        162.29154741043089       -126.42628578846801     
   205.89356914261168        165.77433891636400       -123.32068658885520     
   198.56461209037843        168.76227868232590       -120.94428693889400     
   186.84444999507497        170.41457403768140       -119.18414629668274     
   180.19221174515681        173.75474854365740       -117.39426142452501     
   171.78998092089344        171.14399643402231       -118.00284213875882     
   164.64318642752681        165.86451327949624       -119.73760693914940     
   159.28412439390823        157.27892585097052       -120.44464004674032     
   155.14643721586964        146.86920366301922       -119.67292758782972     
   154.03184893405310        137.40969383024108       -114.51047807749224     
   157.41775188301483        129.99111450413301       -108.16899231945271     
   163.97805355184985        124.92752678200259       -102.54553923750416     
   171.68263269354986        118.78257444974969       -96.893609287914416     
   179.29784645968095        116.39439494223464       -92.327970170524665     
   181.75195334883725        115.56162246527740       -83.989375066167497     
   185.96122450665490        117.14566442619501       -75.709087382310003     
   190.81664913609958        118.60923362603872       -69.759606594186963     
   198.31380432230850        123.42453286602685       -68.095664163295453     
   204.69541625034617        126.10075931228089       -67.702466214206083     
   210.97180227835111        125.95527564099217       -63.561319213214723     
   219.22523218796590        124.28259435165526       -60.589884956039540     
   226.45264053028086        115.73474587656681       -57.418016585757279     
   231.47236625525437        114.08463448365907       -62.170687949875600     
   233.60377076679271        114.84308431397957       -70.064351788897937     
   237.05084045153404        115.80583690522960       -78.981076050015020     
   235.23386560804721        110.92039802485957       -88.403175731619129     
   234.74577437119120        108.74957940728504       -96.467428049295108     
   225.72328100173246        109.53996790541035       -101.89506078805027     
   213.71779751601872        109.46097648432628       -99.554285072993466     
   203.24691311243686        111.92958031826616       -94.870084088166038     
   195.12877533736216        108.79293745211066       -90.244665884998980     
   187.41172683288195        109.25651958633973       -83.977937690020255     
   179.23728098066820        116.29442669453323       -83.740089303613289     
   174.94878123103999        121.91199184941371       -88.448801320389663     
   170.65021768010749        129.86787730268810       -91.890177519210951     
   166.44117325064238        138.26877754697929       -90.755570595093985     
   165.99274763390713        145.91696524808430       -86.030293139199529     
   165.71865227874318        151.77754000059480       -81.196413965104128     
   166.56661496270149        158.71154985386806       -74.922508916012504     
   173.61659637919584        165.29105262751767       -70.694504505248034     
   174.11793286812738        171.46276027718312       -65.004350594902434     
   180.17869901594779        175.28668489168695       -59.153949634117566     
   187.96317452881559        177.68862568802925       -58.779823204057486     
   196.30919661940351        176.96435606762429       -57.054495810559693     
   205.20760293712272        175.55159208349750       -53.719403275046609     
   214.45801120976080        178.57821263231864       -52.012054297158542     
   217.28781468050340        183.00749863870448       -58.732045588026793     
   217.07584220393653        180.17084107225207       -68.302290511324074     
   219.52533871887078        182.11459255070775       -78.641155344097115     
   219.34602280346587        187.27174436701736       -85.011943358389559     
   217.54041422968703        191.86985744740787       -91.901280791279532     
   219.39579390262469        194.37711407912650       -99.010827146824383     
   222.44283669731470        198.60407771428734       -108.12362313667207     
   226.28504884212765        203.22439632910803       -113.45675271937473     
   223.63302344801156        210.99580377154069       -117.23203131288280     
   223.08558650845492        216.60478404702482       -123.86717352809274     
   222.89189342613685        222.02269784466594       -129.62235505841852     
   225.11549706620497        226.82842456533425       -136.41890838976258     
   225.74482904417286        227.71326754364534       -147.35423245101572     
   224.24750879764906        228.12470329802869       -154.78338298793838     
   220.09080351623408        236.58267638718766       -158.09330020442448     
   216.82524005215623        248.61694121679878       -160.52757258632269     
   214.35232920776713        255.94740576000277       -162.32224120680002     
   212.48241681328761        265.79616267461705       -164.21114503620910     
   207.16252226128387        274.32657247490994       -163.05092926338989     
   200.78216287013021        269.94923502706467       -159.80273932623155     
   196.16070281106266        263.85760841376555       -156.38669857786775     
   195.30933194244150        252.96461739862062       -151.29645681092677     
   194.16082210911310        245.19202327640176       -150.63222915772164     
   196.75163907096447        235.93289332627319       -151.96691814649876     
