   9.9685919644681977        1.8859717117964721        7.6781672992914558     
   10.711389558670852        7.6571290712745679      -0.42278581339762766     
   13.896712209820508        14.920349123658667       -9.6517709136968044     
   15.445788516450175        24.487364756284094       -15.482563966141555     
   16.197826445173771        34.137502395791074       -14.605666525387903     
   16.761210324344816        42.817526086975633       -13.416717732210110     
   16.971328197776053        53.171857348663764       -13.686887374925838     
   18.190817916721976        62.981363475528951       -12.743364683192567     
   21.694027737023180        68.938594638684123       -8.3720933632167807     
   28.074616565145895        76.214465678542069       -5.9008917071503681     
   36.024357102032738        81.953733408421584       -10.835907276471328     
   41.846371059864872        84.984893591365079       -17.310960216621893     
   51.575669748468947        84.761643525098293       -22.353129706864358     
   60.839441243185817        87.821949804741820       -21.311377611346671     
   64.961529789699313        95.685268074540033       -16.739190495065621     
   68.663563752892600        101.90070204875914       -15.267976599632384     
   74.222915390223818        108.61827479459669       -9.7395885237723192     
   82.456965293332956        116.19639330767760       -6.3771517463294138     
   83.582003774380965        123.55407758390612      -0.99504499816238834     
   85.490592080417329        128.95945663105113        8.2695350772321277     
   84.421030743470013        136.08482425613960        12.121763427800234     
   79.749941376684092        142.91361699126739        16.852225984118764     
   73.521698813378151        148.87456896372902        12.494238956523068     
   67.382376055023244        153.82428895158122        6.1606176760656659     
   63.112690278864825        159.43894352856705        3.8455615639186433     
   61.139614739929470        167.25845209124387       0.76289923004561189     
   60.697100714586988        170.29125976951221       -8.5998308152647382     
   62.797029691507056        174.51948082785316       -17.563326717071554     
   65.178208983063925        181.61046123881846       -26.337998688908144     
   69.817448064258073        182.73428848599178       -35.491090672886173     
   74.745915382510660        183.63737216871436       -43.966350012534818     
   78.211004639406511        191.47469621583951       -47.288934422978883     
   84.888938471993271        197.07997228884801       -49.367953796403199     
   93.620508774407440        199.26385214441359       -47.823026921567561     
   101.74594954836611        198.46029798479304       -46.222276223138167     
   108.27061209135947        200.23731692275760       -39.266102275349219     
   111.46174465903132        200.55945930361406       -30.541244589300966     
   111.16898371089474        201.57363757332678       -19.939199387588666     
   111.91702229195167        195.00573186406672       -14.303299339965314     
   111.76211361995436        194.21007802973861       -5.3181311255887920     
   109.47438216806867        194.22122431607096        2.7863820155905543     
   110.70162332552380        191.88745631644844        13.706387702298436     
   111.37782929675426        194.60741317947537        23.034178573295815     
   115.83086909109829        198.81667413421036        30.772339409161663     
   118.66985211893035        203.94861824754327        38.417919023357570     
   121.01723948572993        205.80497475124815        47.785325305048204     
   127.18926437974213        211.40114304234521        58.093880860613275     
   129.05210278472046        214.70880637031684        65.022939847149530     
   130.65781486745641        220.96612817106859        71.784041943620025     
   131.56354426764875        223.68115830919010        79.345049867454975     
   134.88393808225089        218.33717385447335        87.350160780791526     
   141.05233082314481        211.64429767191280        90.424007895236912     
   146.83682414888358        206.01391451302840        90.421069500502085     
   153.45076734415761        200.46467458408176        83.350711501577933     
   157.85318242311138        198.88019404452734        72.208732722855913     
   156.16581879969607        199.77593240318544        58.509666335447079     
   157.51068130743027        200.39313671090866        49.024764241958920     
   160.76540480619892        197.94101300200623        39.519569786892788     
   167.95311847367284        196.03688703753215        32.754676956151300     
   167.21524423352918        188.96788113126775        30.442259177878771     
   164.99354511545877        181.53549514651291        33.661052883919169     
   164.49945758718093        174.44070068085378        40.052143233689790     
   162.42162216674510        166.95566870754993        43.205376438708150     
   162.41247707125396        158.81418754725593        44.987920485446907     
   158.72723190275724        147.95276395199440        49.624482294272546     
   155.75053528481669        138.56051568643568        51.643783734291198     
   150.66136615427845        133.14599188747854        57.039239554092696     
   142.34753911047869        128.22167636390839        56.607242171462907     
   135.16831485065762        124.81515480838274        59.051058759243595     
   125.76637460156959        117.76715557672017        60.919840433075223     
   116.12913222731288        115.05252444420714        58.512379915708365     
   106.26901721834538        114.14353504171081        55.243382488122997     
   96.837730629060431        110.53652112818938        53.479971993720000     
   87.815037853390493        110.41484884483515        53.890871419165315     
   81.089905748285787        112.38104077747838        51.656642755693163     
   73.967103446218900        115.88751333614528        48.225587408471831     
   65.782225648382763        114.73261481685861        48.351243390487134     
   53.489410793461403        116.85086704319164        51.636649187712621     
   45.119483603286056        123.28433460901724        58.027765724242670     
   41.165379603622114        126.06815152317390        63.373633716467857     
   35.306378048099070        130.12407322788823        68.482572603828487     
   34.423021560128191        136.99108308102569        74.352397870369458     
   32.173490169434650        137.35320330028387        83.344151329820903     
   33.886072186315474        134.53850329864241        93.777232917971617     
   35.071045302572280        131.48764040593122        103.55417416205132     
   37.947095002458717        131.33888171976778        111.35928226098399     
   30.528198632437192        135.35783693040463        115.00143356750344     
   20.867023414830079        135.01227817765812        121.63632232958042     
   13.439155400431133        136.85545478598030        127.64967496159151     
   4.5902060745525173        140.76663421721625        127.53890291275897     
   3.6820648764116795E-002   148.23955650540844        124.73067502013798     
  -3.1954026926142935        155.33445671282260        118.39937288003331     
 -0.12255417438161846        162.07170736915185        115.37119104313608     
   3.2336339995172345        170.73563116358159        116.63174415764209     
   9.0299097604365546        175.50762115112366        116.75935145593154     
   18.190864164549911        178.50717976092244        111.12153276367818     
   27.498789350273327        175.18233465953099        105.57502972211169     
   34.818368976312122        174.85282695801016        99.505379222357831     
   41.491086426406952        173.88775289154421        91.960820595266313     
   48.798962194396296        168.26783197649652        86.864808682547405     
   53.855371064487038        160.98073579002499        82.506164303681800     
   59.060911298819136        154.43568067175519        79.689116963862745     
   67.197752629242757        150.54545764592990        79.973464492071741     
   72.600505332938653        141.31356392953955        81.660987672891025     
   77.853492923972553        135.54381841558762        78.788706578537059     
   79.851184758753490        128.24447418082380        70.111479070593560     
   78.008873440843516        122.59446703793265        62.298451912265541     
   76.079988024929662        119.47788258661137        51.486326411522761     
   69.674009671103306        113.27410410873077        48.927998737002952     
   62.332912270809111        111.21332739290483        43.442328637186677     
   57.859765605874692        106.17849045690321        35.223877699893293     
   57.481362924543404        103.80659746193436        27.971439367796528     
   58.149417167718106        103.67217087387985        20.098463297168166     
   61.929125992980424        104.36945661955122        12.322037876247579     
   66.566651077580460        106.83842654192503        6.2987335954017016     
   70.078513315342192        111.17134326573634       -2.8150852758477818     
   75.136340639396153        117.62391605924560       -7.5550060085329207     
   75.272103017073590        122.97884016114654       -14.648705573797834     
   76.762187383571288        124.71653330161215       -24.601409245211173     
   79.505093149869666        124.16838943452248       -29.916469693542041     
   87.034158011357690        119.48545896052471       -34.397433060405533     
   95.395931067684373        117.44175331731131       -33.922415561039791     
   104.18269085418073        114.42766496065886       -37.471144555524283     
   107.97886090436171        110.24869358453398       -47.942595820470956     
   109.86554207870321        103.50067440903459       -53.647920346200550     
   110.21338563348561        101.16835777750975       -62.397750766699829     
   114.73674348007390        103.47651973013433       -68.202754392798781     
   119.81145961440780        110.75886161999483       -69.366507871218957     
   119.89858875042157        116.91805744315272       -64.147699098804807     
   116.21232207216576        121.65140167862137       -58.900763026913779     
   108.02958482220329        122.86570077654423       -57.601109325772157     
   99.487498675131405        129.00184609319200       -53.968386396092143     
   93.708839919560035        133.14555094745387       -51.360915644396101     
   82.804248508652236        135.15349027363814       -52.618464208698526     
   74.528480170979520        137.39296116995774       -54.135056312155157     
   67.365575050871755        130.97736455623340       -53.096500081063439     
   63.336527706534369        123.55208734977791       -55.182327550292385     
   58.498640393266143        116.21828431400516       -49.826032812755798     
   52.215356028338263        113.48540468127621       -40.627852250846765     
   44.988763090778683        113.06683864475443       -31.591394691935534     
   40.987742117606551        113.30256855001517       -21.282562450218812     
   46.282133043000549        119.68663492143054       -13.353090233366622     
   49.119783408294055        126.41818940539073       -5.9501928034954936     
   50.059030391221881        134.07808697130940       -3.0994826879089175     
   55.681103650510352        141.17150390852444       -4.0676414930591775     
   63.205662553629736        146.88505117120047       -1.5773329706842389     
   68.397356322833787        154.86533280421156       -3.2159181047062653     
   73.123801487962552        158.34769521511544       -7.2298597740690411     
   76.342779787192143        163.86609196242031       -12.591419550833493     
   83.371901701469497        167.73283462033788       -14.269169723701225     
   88.162486376079386        175.55297080046296       -17.616994695530160     
   98.663219502474007        178.77767730351565       -18.085850066996549     
   103.64329042499290        175.22775871865460       -12.241246830211423     
   110.68660241550072        169.03706480498138       -10.353383045631141     
   119.29218571864041        165.74406072558145       -6.0106786923324833     
   119.61991995369429        162.78017976786995        3.6174764393089518     
   123.94192185571242        158.44441100927199        8.3042167221968839     
   119.59978019968752        151.37551606786366        13.323705717966988     
   109.42457254621239        145.36684247080203        10.300087085049146     
   108.99391162227539        135.93394385529109        3.3897220496207439     
   109.52703698094606        127.51594064754676       -1.0021049796909907     
   114.01707101439354        121.31349530869795       -7.3864238351603149     
   118.86633484093035        112.94405860927395       -6.9966511191445804     
   121.06955806501441        103.01656569775193       -9.1396359359222572     
   123.38049029556511        93.589850935922385       -10.723517549400022     
   125.62223642852766        86.520104204039853       -8.1482336835571303     
   126.78708248326467        77.423232428317334       -5.0047791241222157     
   127.95394934548598        69.490259259339410       -4.7557002396657566     
   129.84140396006265        61.806757565343389      -0.96740613321050617     
   133.20463903962082        56.334701266741206        7.7550395227695859     
   137.06549155099347        48.668277123189853        8.7790005830935520     
   138.35245006685520        41.552224988041871        12.467461395776978     
   139.41124188387005        33.014317671297476        15.506888549294837     
   141.12876463093181        25.160063770004228        17.310344234544189     
   142.56204860197559        16.249385202158351        14.210132703788059     
   137.84879583379171        7.9227790258057951        15.237345561560566     
   135.21745404188678        6.6219323378427788        23.574293358879018     
   139.31887046426218       -1.6545110638324445        27.117046859987866     
   140.63663733076089       -10.330153417790385        32.159505728475665     
   139.47187193584642       -19.213145549613621        34.433686084229890     
   136.29801579353830       -23.619151601544068        42.009829821468585     
   135.05218537258324       -29.687898211394860        45.871490070115648     
   129.98231756323440       -36.089986273751663        52.108695580790304     
   125.07857421255450       -41.615395793372784        56.259498695091729     
   118.68505791768666       -45.081858452091140        59.880562586756390     
   115.46430109667918       -49.234877721972026        66.503694502693207     
   112.40268234477695       -52.146223287768791        74.169353956086240     
   110.42839934961219       -54.869946807577364        82.630115747337683     
   110.54921327434803       -64.731190360475523        88.725019882699527     
   110.93442966783952       -71.501351125338132        91.498766100630604     
   116.15082371715579       -76.877106159250673        100.17099162911843     
   119.03041792020734       -79.213740526229770        112.10789662501294     
   121.15542008422779       -77.233099111442840        120.55313561774814     
   126.16894919904769       -74.839909594883480        130.27327351697514     
   127.06164745838970       -70.190788418207262        138.49091466575200     
   126.14615549691433       -78.379577898718580        144.27171349040165     
   126.00555912398943       -84.568689160211562        148.28215641764993     
   123.84401441580758       -95.570361578259764        153.84467560785981     
   122.02116219358138       -102.60166134048998        160.95376336650611     
   117.37447972593604       -107.62805041583745        167.54629215745376     
