   8.2043591632596247        6.3592680750049340        9.8410499735408195     
   2.9045322694417308        13.466287967397207        6.8360101614380966     
  -1.7190920398545870        18.915230316470087        3.3529420758673361     
  -6.7016331905441717        24.103453660395800        4.4748663470659977E-002
  -15.391233752329583        28.348127833091112       -4.3695998894105630     
  -24.812616682565718        30.282582029958121       -11.242686905794635     
  -32.168793766965734        32.341531990674028       -12.624456684631870     
  -42.580229874677983        33.727142566531683       -15.058788352711794     
  -51.906469151341653        28.753388630742222       -14.553180173131159     
  -59.412437450683839        22.988819191927135       -18.041925587720527     
  -67.860433922058021        19.012143261918894       -16.003362989203119     
  -76.660089707917749        17.259972709627277       -12.958898781674042     
  -85.284518827646579        18.399526124836584       -7.8345093836710742     
  -93.969662585556677        13.881023993514333       -4.6160098268687957     
  -100.02056992881556        15.573301935120469        2.7704053046940000     
  -105.94322622740509        14.507393929926749        11.421113220888213     
  -108.81264816847377        6.2052455202165362        16.627759955206955     
  -107.06436468925608       -3.2387282132764028        23.835816222450006     
  -108.83726978304388       -7.8600011703757104        35.060844336699979     
  -110.79490187274418       -6.3895656206279057        47.098028710015100     
  -114.79038262144769       -11.628818460199994        52.441936672782269     
  -124.29132093893764       -15.208704439823038        55.103563222122318     
  -132.07171376485073       -22.626118405597879        53.165593814848457     
  -137.98495027564459       -30.307185297571721        52.079012537552600     
  -142.63792653962628       -37.753956991003179        53.401072924748668     
  -148.67488064382582       -47.772822521080940        52.981885113686900     
  -152.79659693907388       -54.027986134424907        57.892165876674227     
  -160.41599173208095       -61.455608075791730        56.870968812375153     
  -165.44739013621108       -70.588291727361991        53.630619971804705     
  -171.20217645132035       -77.791855144936306        46.438152465909681     
  -176.69547766009782       -84.857355716286690        41.024146641462650     
  -182.15521067603441       -91.129997524811529        43.269922617699571     
  -187.20501290344612       -98.737171797619823        47.995664773152718     
  -189.59866103880796       -104.32073369284771        54.316850970580106     
  -192.07516713937457       -109.53785067497651        62.526844317101663     
  -195.58584842564966       -118.42635072510103        70.718036479611769     
  -194.61840421671826       -118.69542361054104        77.779331136367716     
  -191.61918119175817       -120.77170108635016        88.001584640951847     
  -188.52876735016392       -130.24347452256239        94.790954499244819     
  -190.35775262481752       -139.51684458823394        102.33222844478895     
  -182.95955569203809       -145.43761310249226        102.74381203328845     
  -179.25443219409777       -153.57023984721388        104.77793320892216     
  -174.78705374493134       -162.93959165009272        103.45018531766087     
  -168.15997591558286       -168.66074841699145        99.078913638786688     
  -164.42575463865268       -174.09509676069746        92.391620604312166     
  -161.35533030969634       -175.55620513083016        85.240648203098729     
  -158.85242459121429       -175.42227842072214        74.895501304844103     
  -157.03356045955150       -180.02672576243742        67.101864734667060     
  -156.15749467950820       -184.35453337049358        60.031268958693843     
  -156.99742661690055       -185.29110350835231        52.889163436076181     
  -159.70129492151563       -183.73442149406213        45.247455937941822     
  -162.80402898933295       -186.19471464537475        36.881468776846503     
  -162.76848953051967       -190.46665158771066        27.597718524211359     
  -162.12224683693898       -195.97623825662021        23.549749207028867     
  -161.88688168891849       -198.69544505211127        18.042955985716226     
  -164.99086201848240       -202.61376680140455        9.9876630117401710     
  -168.11575233904955       -207.48148814309889       0.62595245807761302     
  -165.50286193473207       -216.73125313521672       -2.1931850634648296     
  -158.57387593505143       -221.08199324400169       -8.4370282217214569     
  -150.54296552029334       -222.23208836767986       -12.708397161632346     
  -141.70593000383349       -223.66824560978210       -11.333052749880405     
  -135.08840546706335       -219.04473979431322       -7.3006507093398145     
  -129.04659422282606       -217.28147310000793       -4.8739188439419934E-002
  -125.37115306558198       -219.59942027251418        7.5816430890395097     
  -118.29800186478407       -214.02165903737699        9.9882914434068724     
  -107.90088406368905       -209.60972239014245        9.3488107369761018     
  -97.948729216714227       -203.93379846259779        6.7991721738607076     
  -95.468422795349014       -198.22313694957779        1.9698743010001323     
  -98.450191301745008       -191.47512544855937       -3.9861063687125995     
  -100.36309708550831       -185.16917908327815       -7.2182856508676139     
  -99.563660077537108       -175.40778142344897       -12.426192343551341     
  -99.209773785661653       -167.70599640526086       -16.831445258103862     
  -100.41739850859716       -158.32697558139000       -12.869162016598786     
  -105.43768311908153       -151.76863777897165       -7.0677853028634221     
  -111.31676027194435       -148.23042746830117       0.71864427434939770     
  -114.83870036779923       -140.11520749405918        6.7333958050147444     
  -117.18340356329995       -136.59798937080069        15.515636846672308     
  -119.22787029688843       -135.48670225106702        24.386044766749357     
  -113.58538814922113       -137.19989089327481        31.802299724166517     
  -114.40480055653640       -140.97813034457164        41.004892598493143     
  -120.20033690418498       -147.00721091858679        48.616099788738026     
  -126.48295227470663       -147.23393055657550        55.074500059875945     
  -134.40767412976450       -150.59704058864253        58.905003577983877     
  -143.75696172639280       -151.16534329906290        59.762493850265272     
  -152.41764961125409       -153.86923043965390        62.975723612720344     
  -157.03814061533703       -158.08162952566835        69.929689508810952     
  -157.11881771233149       -163.22383454588430        77.018637958437722     
  -157.21834985707812       -170.38741905916157        84.101054030631659     
  -151.62741623116472       -176.47968453403575        89.879802539848171     
  -148.86649436885841       -184.27826517283967        96.295882332950214     
  -145.13934772780851       -190.61915044321034        104.63617759576596     
  -145.24004016575125       -194.88934809291550        111.95959124859345     
  -144.56326219250070       -198.88583601421760        120.22648560559125     
  -147.23665879818509       -198.07467699970124        126.88594467101552     
  -149.02571690582292       -192.02074019911629        135.35734941389080     
  -154.01848389282048       -186.03204208559356        142.68640513945101     
  -157.47617923390584       -177.48522533414098        148.85846026366355     
  -159.85124727959945       -169.16767156795947        150.64829728853263     
  -157.01642128834271       -162.43128332419047        152.84594900010416     
  -150.13590192098187       -159.59469786971124        155.39476190092017     
  -144.30944676768803       -152.35078723922669        155.70188051851395     
  -136.48727752420314       -148.56245726672438        161.02776557492112     
  -135.98578899074766       -141.77897252910589        166.50339829718732     
  -136.44593361356465       -134.89657056994275        173.08198280775125     
  -129.69822302991952       -130.69913204873842        176.93199335914250     
  -124.31515047491203       -126.94349753592212        181.12230849698923     
  -117.31590558311690       -120.45659724285858        186.69664962459350     
  -112.21178362885999       -114.37789988483183        186.65583914734972     
  -105.52480734633791       -107.40314698339856        185.37737113014634     
  -102.06271349139151       -99.609699926774653        188.78297679894538     
  -100.25292921476694       -96.660984242774560        195.80656647461353     
  -98.498504443550118       -96.415179118157624        204.54747051637798     
  -97.293783551548046       -95.299454194879416        213.63343973065111     
  -94.304498417139797       -87.118109629895741        218.64974602178199     
  -91.860876098057460       -77.430746100825388        220.44349414002102     
  -80.312617815269547       -75.363508497221147        220.66600076830028     
  -68.243624452101969       -74.039732008273404        222.26211121707897     
  -60.146278833417242       -73.520214123395476        225.01230002795057     
  -53.116529532811498       -73.333129452005068        228.16716118547674     
  -46.831670894606532       -76.113980008976640        234.87315330056555     
  -39.402998651010982       -79.096167609410159        240.38225267990057     
  -30.983164151896261       -83.782719479525355        242.85646177182150     
  -23.071729762293650       -87.942353737908576        249.53257500920057     
  -20.336870651957085       -91.516691175225205        259.60618946912325     
  -17.189301569293967       -90.518757805164569        268.96880422345021     
  -11.068603600477644       -90.903070462279160        276.65102764737622     
  -7.1338951542691511       -93.014381208726007        285.30583595231712     
  -1.4039265286170632       -96.344432279927176        294.26549929147370     
   2.7666403081949653       -96.012289392651709        302.25528456354317     
   5.6270250277339429       -95.113030064937050        312.13341455018553     
  0.76796823737339537       -94.113386778809527        321.28939024028409     
  -2.8563868921390352       -96.937424870954487        331.20106750570147     
  -1.6577803402931011       -95.647228346098089        340.21413791636968     
   1.9466679722768916       -93.968299809414688        344.94421077735603     
   1.4007565932144530       -89.873268510030286        351.70531955735925     
   3.7671052688959392       -85.733110689295515        358.81597638431003     
   2.7120188046142744       -83.006531284794946        368.08651091645368     
  -5.3953067220590540       -82.010013140738408        374.83961729063947     
  -11.158202478101153       -75.480302611302619        379.93578841971481     
  -18.377215784216833       -74.636401342824541        383.87031874489219     
  -22.576112368301640       -72.872678439835084        392.99863245106167     
  -25.729097871673677       -67.402879999156738        399.83554423755839     
  -30.793085732147372       -61.660383073051662        404.61895737240667     
  -32.091837974174204       -54.687918293934885        412.24952600413565     
  -33.096264277649162       -46.737642967408974        419.02157987722438     
  -35.793270342715132       -39.648955328846114        425.74700143121225     
  -35.460216622949417       -32.176925084119446        430.30600552759358     
  -35.112581589899200       -24.321393241905824        432.93457733660614     
  -41.299571415755082       -18.107750643292590        435.01140104285855     
  -42.522456920547647       -8.3264452365994259        434.80843600591908     
  -42.309301400416921       0.39556444201258500        434.55392021117706     
  -40.905194376939889        8.0288939873660752        427.68122270991483     
  -36.905270555173999        14.234368019816003        424.45895713082967     
  -36.887152688726005        20.987957119704106        414.02041391288253     
  -40.434835377342992        24.883422330754286        407.39215177713118     
  -47.428587591893645        26.664043693070340        400.20165748347085     
  -46.872771221221250        32.065223423752940        391.62430376562281     
  -51.353840349228435        32.234357539931494        383.01992805421560     
  -60.063044594930169        27.041319516158424        380.00018882972557     
  -68.885672649000924        24.773538950085154        373.43606583785265     
  -68.079413336439600        24.276612831989056        365.11085217115595     
  -65.341440370412585        20.905514222949165        355.01381498813220     
  -62.363527537580907        16.522956940093536        347.47848966699934     
  -59.529068965210243        15.754871487305763        337.84776881771563     
  -59.510987735025736        14.251033616633194        327.93063402638148     
  -61.302965528169224        15.273392669830613        318.25277607771369     
  -65.824153154186007        15.827059400213955        308.95548172044289     
  -71.008674217992791        17.272932996371367        301.78548111665157     
  -76.561024541533811        20.548814226698397        292.63024083964456     
  -81.785807064355168        26.770688884772738        287.87832720823553     
  -85.627364539888760        36.099209371616524        289.57448314072820     
  -91.039398638728670        43.151704673664057        288.12952946019988     
  -103.48120027245763        45.616177882857897        287.42380666393683     
  -110.87256599957215        46.274469802532082        285.35981952213569     
  -122.11364996266079        45.798814371600329        283.37272903022017     
  -131.96927080564873        49.087008522281309        283.03402402012853     
  -133.37880327057772        55.225431647113510        275.88343393339875     
  -137.43318282147212        60.450903104385233        267.37947806383158     
  -139.52128808065348        65.487869820891433        257.53828384081021     
  -139.47775543512972        65.510214410065529        251.37875074894069     
  -137.49447270355017        64.242982780591007        242.33747346218058     
  -136.02160142508666        66.083069708556366        232.34095511845231     
  -126.14971976538530        72.414932846217695        230.47993540331100     
  -119.90196917188109        80.119823348547811        229.08127669689094     
  -112.15104754680081        86.736098128891200        229.85878885013213     
  -102.17808641096809        88.870122979181218        232.59489232767442     
  -94.115113354709948        95.192554437711323        237.81194893525685     
  -91.303059172819232        103.26657514399402        242.04158281609313     
  -86.180004364564127        112.65132453064570        243.03248402138632     
  -86.594162652437959        119.64628711916251        248.85295153784020     
  -84.830074368975829        125.25810924958616        255.38409702780459     
  -80.214590229224385        128.53770546491768        258.10654644521873     
  -71.914056584731682        130.82816825285778        252.98062139623440     
  -65.862117140457002        134.42746702432188        249.05503838072309     
  -57.952115041017734        137.43698326253735        243.34345395772564     
  -54.947979326083129        145.77611177168401        237.31239016023201     
  -51.297467724432913        154.89814898444104        235.24089147788263     
  -47.699244198726973        162.00340780261234        234.78360018558553     
  -48.062998472561546        169.41131945390936        234.41845058733909     
  -50.543747026065311        177.69008586185535        237.54279407185783     
