   2.6480056912029113        4.3427936058906198        7.5729625295819716     
   3.9916069239104672        2.9408202393725560        15.425028562866913     
   1.3074449075677421        5.8604937363886620        24.796068616058676     
  -1.2289610605726580        12.892719343990450        32.091761056138864     
 -0.25568230355753485        18.125523362242291        36.548082025685005     
  -4.3107386098639608        26.922045978070059        37.933183100777782     
  -5.1056281787963940        34.909577304442479        43.127044152776719     
  -9.0368832522301545E-002   44.222647222677693        46.583158911376387     
   5.4541197991825356        51.170535044703627        47.761094341043517     
   11.130220346069109        54.533723071581164        54.015929333632030     
   11.997709401878865        53.400825189064506        61.823248437072493     
   16.565022372536305        53.644022588352698        68.732021485649369     
   25.447860780499695        53.950153281580754        75.468505254003304     
   30.377980961502658        54.616378228721942        82.569203376645760     
   36.424024395170818        52.145146779098525        91.306659760260175     
   39.158874265925760        49.654103776576051        100.12016025097287     
   34.341037258487290        49.873007894473204        107.91891473791694     
   29.801616410000520        54.257638258365660        115.76739087474581     
   27.163620255644673        56.407097599505903        128.00870395977270     
   26.667274827556412        62.014925751666169        134.12923575374575     
   24.894573467230430        67.199728574166301        142.35894383622775     
   19.954654459191545        71.283716676859569        147.60124623962207     
   19.144285279262704        78.904562823554613        148.49094665310301     
   11.653178593239147        83.537348810740582        151.53003287848364     
   3.7775690288026453        88.998182307534904        154.32073817431521     
  -5.3794547544283660        88.394098549399871        151.43979505471850     
  -12.532732382066968        88.008942045627123        148.63550626457595     
  -20.307925827978863        89.245776941689513        145.23117923639921     
  -28.029047375161213        94.351965667193724        138.25510795750341     
  -36.974759580523425        95.647543456802509        131.98956728277366     
  -46.421932480160194        95.348153959160953        124.23758351856841     
  -52.259920049411505        97.901796874777290        121.01942658647263     
  -57.318801158333599        102.82003679294237        114.71748141786790     
  -60.463006017226178        108.31954523092915        106.94840548090151     
  -66.843868743668168        112.90211885037542        100.57860498346898     
  -69.951384918732742        117.32437030262480        92.600881228048479     
  -70.966538500316688        122.14898681584410        84.161775335670214     
  -70.002428902042368        124.74445571775499        74.391896242067546     
  -78.656940560009502        123.40382838210948        72.424772523037305     
  -85.183262076578899        125.85944743917281        71.656630951873595     
  -94.155636947982941        130.30300299013686        74.614763170233374     
  -102.53541808276327        127.25384519334193        77.994802110873081     
  -109.54794122917548        125.64181942945666        82.803378909285144     
  -115.86720180173819        124.84555146474560        87.313692489926297     
  -124.70627865700919        124.21032514328613        92.533578927513133     
  -129.16181838520242        127.45165342640743        97.686936171007446     
  -134.08604485085442        131.21224908573865        105.50411870433021     
  -140.01133111205866        136.54016069898003        111.14952794112773     
  -145.39614145460445        144.47311464245996        116.54701568526001     
  -146.59973175619206        153.45627128801044        116.85398844656430     
  -144.41314291049821        164.19130404756731        113.04418687837824     
  -144.01230746536089        171.82778430611998        113.29750716436460     
  -146.06683830130947        177.62264519016946        110.70652729955273     
  -150.65644780443307        187.66832404799663        109.28036878041897     
  -153.98232437371877        195.38208944367634        104.44234105397140     
  -162.47982953925134        202.30990877239785        98.798906408525397     
  -168.12612341667665        208.40965098090678        93.637577210585960     
  -179.21185588225040        209.43597315879109        95.038174781883683     
  -190.06734283754702        209.88099972995059        96.420146777813812     
  -196.46103720356911        205.74575347220039        97.377501486916060     
  -203.21648015628358        202.96184124363930        97.858258725187653     
  -210.59864380335949        199.39959613377735        98.570743939208313     
  -219.20651541194582        194.68596017664419        102.28988009225466     
  -224.61149531556060        190.74222448429487        105.27840398398754     
  -230.35913532861554        186.04985099794678        109.61506168577284     
  -238.33310317206289        188.71170337796499        112.88005871863871     
  -244.03093362588820        195.81487836761698        109.82544188168409     
  -251.09410730676882        198.16045716167537        107.09199762349847     
  -259.60241324533604        195.54222642934604        109.67040829461844     
  -267.40687946836050        193.12910260622510        117.67998730396508     
  -270.25632857352895        194.37227301303358        124.48541863086925     
  -276.54302707007997        196.51612431973780        133.65807664440223     
  -278.75484043513114        193.39475841344284        139.09238308140942     
  -280.77158733112640        185.26895255352150        143.29052497205399     
  -284.52482120251676        175.93234655520075        142.88303918314057     
  -293.93701711396852        169.18250509727392        145.05951569934206     
  -300.29214307485859        162.90231293416667        150.71598270758483     
  -298.25149452460784        156.93637764470171        160.03557225396384     
  -299.21071222603825        155.39380937431898        169.08593821109565     
  -301.43212473525011        161.40202542996693        177.08957749585443     
  -296.33064297299319        169.34031291424560        183.59744052030766     
  -295.56741153049268        177.98258356462702        186.45293978224629     
  -298.07586384755223        182.64156023881458        191.10216442330793     
  -304.16121060224089        186.67869040428727        194.05926527047825     
  -308.92034869229400        189.77805854599259        204.56585174223818     
  -310.48620911991304        189.87350161737422        214.85192788373075     
  -312.65916779599684        190.19877411536507        224.85347301061609     
  -316.01561968214253        191.58017598961851        233.00076884932145     
  -315.45542239346833        191.65599748485403        242.59668495328359     
  -311.46869461010778        190.52991170505948        251.97923808846110     
  -314.26018741797100        184.43853229460686        258.15709304724743     
  -321.29732157192939        175.67493285561608        259.49608304892433     
  -325.60457134745644        166.16627834230229        261.76963653677558     
  -332.46488327093255        160.01645863927476        259.98397997965577     
  -340.49648594855876        155.68682776345875        256.13565802855084     
  -351.43568524023226        153.18215891597131        253.39524257987799     
  -359.38015312123554        149.24263754026239        248.26655514376858     
  -364.74631981550215        142.72126170006882        246.39240816618008     
  -365.98011984517325        134.22147583085481        247.74355126606818     
  -360.22806951058567        126.38198597786382        248.37579959450031     
  -356.46149034755649        118.40366367556575        247.63303132148994     
  -356.40309200078445        109.83335682534164        242.13892427092495     
  -356.53450700324686        100.03704821465897        237.51772482589325     
  -351.41215583203996        94.870359240326025        232.02840322057776     
  -346.06170557535563        87.425792590387914        230.70533144320862     
  -340.53728289201132        78.887063219717675        232.81223644738961     
  -337.94692772507005        69.464847470054991        234.07111245507849     
  -346.01129299435399        63.107893446159210        236.21561929622629     
  -356.38051169811990        60.988278128959109        239.68439858086782     
  -364.29339333180144        68.156459987274957        243.31985375956279     
  -369.01150121248594        79.698031145418696        242.62714704916181     
  -371.49919766718392        88.159254674465387        243.31301115632417     
  -373.98968098743183        96.747850665348722        241.46713910660861     
  -379.05248134161582        105.47762157541467        241.27655795577510     
  -379.22442026591688        113.78631934619762        237.56295151321487     
  -380.24869683038202        121.77504728034808        238.05049754394085     
  -384.94398669044688        131.28129964066849        239.17997338648055     
  -391.09054448077956        138.46255647295911        242.60184810630588     
  -396.57884592130983        142.44579372087472        251.01330262071627     
  -402.81166542097344        140.49095147613028        258.42109268765194     
  -411.29221879113311        140.70976839294991        261.11083712112236     
  -416.62974465837431        144.78319722265942        267.52055724426646     
  -422.62333702281757        151.95411203397936        273.77203608243013     
  -431.32700748484154        151.04212587988764        278.28769580894095     
  -437.16208754659675        147.02467434466817        285.08502384427572     
  -442.56135517922218        144.36312170430580        292.15332075008126     
  -446.57268301385312        139.99136897699935        302.18053335742496     
  -454.73956638888188        136.19128865963120        307.50742985154420     
  -461.87316815069255        141.10333590768033        313.28853697872671     
  -467.94929808680115        147.89966140716965        316.82022181751739     
  -469.72736701195271        157.29987621232075        323.11739150765561     
  -469.13884243320240        166.91686065869487        329.00498415964421     
  -470.62373762604108        170.16029193304203        335.45264263174170     
  -472.73019690725641        174.67834170398874        345.30839853557870     
  -476.88786491744622        173.36598282329081        356.27646283176023     
  -479.87398761801842        167.70333696843610        363.42079084525875     
  -478.79030202163426        159.72459418953187        369.19044556407118     
  -482.39145763416343        151.28567152110696        370.91683143859962     
  -491.04019672053965        144.32199112577271        370.42713558701320     
  -499.24913481642631        139.34171832601356        369.70983209790131     
  -508.03179014230210        139.91391364924317        368.14703632297363     
  -514.98150059551142        141.95300331358416        363.16350951391615     
  -521.16295950051676        147.94174449573819        360.91284918552310     
  -530.52770633412081        150.90059574720294        358.13071126663107     
  -538.03427706869684        156.01530602047029        351.87092835722581     
  -544.41662267672655        161.44641281816342        349.14195241774496     
  -551.23370065997756        168.11130549845404        350.82656232285245     
  -554.64737250201779        176.13401473056027        352.19107554273762     
  -555.05238581409276        185.07299706328257        347.78443493417268     
  -565.98279736523182        183.74556668665559        343.60199607035304     
  -573.95243170838080        179.03452656079426        343.26624965488332     
  -582.83293769142119        176.37281276321613        337.66170318750130     
  -589.44816003076573        174.82833540254310        336.36459780433535     
  -595.14113280948266        169.81690733236837        332.51024584400614     
  -602.00873423709743        164.83887736980378        328.47301136755152     
  -605.35105930363147        156.23004693001320        326.26417156366915     
  -607.79359461174136        149.33946768489798        326.57723692290728     
  -609.23484928642233        141.33546446124222        330.19771366270538     
  -610.41332787353542        133.11154578438411        331.44176140328091     
  -611.70168204661138        122.65103082125711        330.43017808742331     
  -616.73784417967272        115.44297750952370        331.10108187245498     
  -619.39633910650969        109.46699737879842        339.99778151412920     
  -624.62888952495302        107.35703430497082        348.65590906118075     
  -626.80749185786931        109.31491039005559        358.36393579376193     
  -631.40953425459827        110.52814668248757        366.96824539641386     
  -636.12024709369302        113.59691171902594        373.62909855229412     
  -641.04346418432146        116.95967907899717        380.86045720646626     
  -645.13374732915918        119.22047340183164        386.38276200875521     
  -648.29901526493495        123.18432580533036        394.56756258726460     
  -652.72035153100262        128.55610292845486        401.18027656970952     
  -659.47287225265654        131.71802583308772        407.53234990568563     
  -663.25928885703479        133.51005725938296        416.11347134026283     
  -668.76887319065327        135.80057514019626        424.75590821631170     
  -674.94868305077171        142.57700025879225        429.87311282228399     
  -680.12710435255428        143.13648508112166        438.28762931584231     
  -687.80569185482886        142.68579921897305        444.37460382669309     
  -697.65047271020262        141.26472629736659        443.92289135567131     
  -708.43422364300727        140.81467296686154        443.37728334237983     
  -715.80973793545718        141.52235730546064        441.34315884803550     
  -721.47488032166120        139.34247517766468        434.38518134056392     
  -725.78792667250855        133.97052717155279        428.45398096245987     
  -733.69495220284477        130.82415871359956        424.30862526916826     
  -745.24241435336239        128.30893748510255        419.91735213444218     
  -755.96788175956317        128.45628903125328        417.77727138556025     
  -759.20400340361846        123.33024880466286        412.14744944932033     
  -761.04410073357008        116.42916114862248        409.35662224092448     
  -759.09035534962914        106.31475067182029        402.83000966715241     
  -763.16176166065338        102.77437816720280        395.63463111607837     
  -767.16236063956489        99.659410260912665        389.17629959944725     
  -770.69019595330212        90.946627993299330        386.55477893547913     
  -775.51193297142572        87.072302972673441        380.32820225449024     
  -779.88855657222757        86.084225625553103        371.97049959590146     
  -777.97041394873099        81.864357117122040        364.23610324042130     
  -778.12858921236898        76.723082930582052        355.64821383271413     
  -779.87380825678542        80.144848327204244        345.75610483369934     
  -780.26897250416800        86.255427964722941        339.53662602158340     
  -779.58902003948901        97.178574869545372        336.35480805360885     
  -777.91737528697649        104.03359573038449        332.53006516837206     
  -773.78180705482805        111.52335021501386        330.17685546881853     
  -771.77466985812339        117.70539759794548        323.96245334312709     
