   9.5751640229264012        3.7970691176514890        4.5726544840770025     
   12.562401081743644       -5.2624344923935666        7.8385463066413479     
   15.754859436272682       -13.392488813987114        11.476382278300171     
   19.225699165626395       -20.007499412829787        13.379145102662903     
   25.112694574574562       -23.524851316484472        19.307828003818496     
   30.930128235422671       -31.383984037429570        24.456948160811493     
   37.043640239201864       -36.045715357415986        29.566272629701743     
   45.098301324439603       -38.212307417680677        35.031602080392119     
   55.108755260482496       -38.555080900078508        32.376695009510044     
   60.371119386571536       -42.871842772044317        23.346912157919512     
   64.979978395331045       -47.837093333013740        17.749250581828736     
   73.018368753226582       -53.113729371881959        16.455759229456895     
   82.241796885383280       -57.260010798793417        16.896081274920387     
   92.081552121901893       -64.308006276085791        15.521769320013384     
   99.963875142464190       -64.039052370253330        23.285085718965142     
   110.01160534333485       -64.902544374928937        29.229227228190759     
   116.94573473905410       -68.613292098261525        24.243940374127853     
   125.68539658806256       -71.561315615654109        17.968635733931741     
   135.76348116915653       -72.080092340409919        16.178114041258642     
   146.15718286819899       -66.462987794665196        19.296075743826904     
   152.73213831212595       -67.196060632337776        24.705040030681481     
   157.04532735214744       -65.504774228542885        33.998895761278483     
   158.00404763262551       -64.779010918370830        44.083007892146952     
   156.70932031392041       -66.453415055695871        52.894035011913815     
   160.93420654468648       -68.510867328321410        60.563987123681159     
   166.27757726811168       -67.965998095963471        71.706710923496203     
   169.37611024119502       -64.704781583833437        79.756111898457888     
   167.66823189956517       -66.986349503481676        91.644505286446432     
   170.32265767463718       -69.470637979388925        100.99995102783623     
   170.10766016126979       -78.187714283158243        107.97081821195943     
   170.01900921056048       -85.652545775136275        114.30284351389200     
   170.86556953014500       -86.505863429237763        124.52695810802726     
   176.73221465522843       -84.908689510911984        131.70453987989021     
   180.34593232811085       -80.286931217496544        139.02898951417342     
   185.12782637188073       -75.250955332573540        143.60172689665285     
   193.38720978713064       -72.038194003296780        152.70750950044845     
   192.22459695455987       -69.442120710557219        159.84153112201977     
   184.76051428642992       -66.364792508412108        163.74667770064565     
   180.02848233818230       -57.222726938215999        163.85534404800910     
   178.09814757488385       -48.704113654815046        169.55300271686895     
   172.92495579337037       -44.818306251080742        164.73606559874833     
   170.85917974081335       -37.869369574683049        160.01666615034927     
   166.06386599363699       -32.619772627911289        152.14409661445541     
   164.58117679602415       -32.554942603278050        143.49384343727530     
   167.45449214145563       -34.455338295638171        135.67177770759713     
   166.80391022930323       -39.200317611091975        130.16371922201697     
   166.02710021174278       -46.231565847825777        123.25765991482422     
   165.33255695052443       -52.242285199296361        116.62576740465254     
   158.51165278028120       -57.621196142393615        112.70364949266562     
   154.06547628020775       -62.542927508527725        112.37069890027985     
   148.70847015124548       -67.178390856119336        109.17988992079270     
   140.97720717849282       -73.279669725940835        103.61424135065285     
   136.94642590499075       -80.461621387508160        95.062405492716380     
   136.11498001908345       -85.193369344098301        90.594031359490188     
   134.00025808998214       -90.309623915200802        87.969151303454169     
   129.51988990956337       -97.561091748862793        84.194159664814748     
   122.80837381907344       -107.31266130453457        81.406038751397460     
   125.97124423972193       -115.22779386287920        80.298078310625755     
   133.59045940624489       -118.38698056005353        77.089858548167328     
   142.58215683516602       -120.58136375672041        78.324121080713866     
   150.30205006535735       -124.02827328218581        81.776730060235792     
   156.93642963253163       -124.53105624565040        87.215476045429767     
   163.48536916881707       -123.20665599033794        91.536175826023054     
   165.26607218529858       -119.58185209708552        99.773006518810206     
   172.25549037056334       -115.82561666530319        104.47296632566594     
   184.18934306230886       -114.98950016150587        106.47445465605901     
   195.48209783297901       -115.33128407543353        105.22084612490079     
   202.93161839379962       -113.35094475333216        100.12475687905379     
   206.21500816523354       -103.50125212630695        93.362430891683402     
   209.57036218935963       -96.939439698345154        90.136685882548363     
   217.21554773882639       -90.783092492273454        87.109756576397956     
   224.76296549242593       -86.872825101564672        87.826343818015559     
   233.19138868870425       -87.214615515097591        95.267687819655677     
   237.90146987274343       -88.282534774782334        103.42398805229300     
   243.45095994499081       -87.441968737971536        111.93231212518134     
   249.13802275821320       -87.714553531069868        118.38729518895521     
   255.04959182107967       -83.595531803219700        127.96320238578987     
   253.00382368871550       -77.919584466699888        135.45218330048399     
   250.33751753746037       -78.693501475438637        144.49513628576375     
   242.50776073155561       -73.867586207194307        149.66240302272487     
   236.31119885598036       -66.239672812010241        158.63918714259123     
   239.56221474000054       -65.288890653603374        166.70251910345880     
   240.84772658509354       -61.355121448945020        174.54252033204568     
   246.76620084168061       -57.416397413943137        182.11430192535110     
   250.07493936967649       -55.859688850620465        190.73283590597836     
   250.81712676059897       -58.022487457787484        198.64571841208678     
   255.90595404622763       -64.272357794096905        204.80428769809859     
   260.43041905673101       -70.320793861719807        211.41164439026244     
   255.32039344624127       -78.524907722051552        211.71454569417480     
   250.64429029916968       -88.248188865832532        212.46590332523758     
   249.06446631162686       -97.970199128264170        212.19951881220121     
   245.49536653604483       -106.72759668327851        214.11413819721486     
   244.14702572835822       -113.08588320436908        218.26535410399700     
   246.72289617960502       -120.79326427850870        220.71408301930356     
   251.10633314103097       -129.71666501354255        220.80821266937917     
   257.94633152878538       -136.74468648183287        224.15238203321172     
   263.25811545085088       -143.55832881220690        227.82087727036159     
   269.68025093595583       -151.76470374988330        226.25860140798378     
   268.58965787552125       -158.93755068988688        221.72343999132883     
   264.61984496107249       -163.85549280344023        216.68458467090309     
   262.95938800267925       -172.03053198780978        210.52542194945960     
   259.75527974925990       -176.41037943052325        202.64219434698958     
   252.95589367870511       -181.96644096765087        195.14577808265693     
   248.61872695120667       -187.64228426824511        190.95695095326346     
   244.00615086726157       -188.11995014091909        184.80149731261227     
   240.77839028967108       -189.77207222167826        176.94280279906184     
   239.95903889216055       -191.25508584387464        167.37158068614605     
   241.63961185919396       -190.22194964539321        160.71640576680329     
   238.75942274443241       -191.22828347061912        151.35673560565013     
   232.31918059938715       -193.24710454888546        143.25600149694918     
   224.83272519871181       -196.56183896093077        138.70765216731263     
   217.36245126257231       -198.96549585065483        132.49545785285764     
   211.01886949328713       -202.73243742505488        129.13482505631231     
   209.04731373618677       -208.72919147934115        120.99824037960208     
   212.45115608328058       -215.70364063852216        117.43393628171584     
   220.96594187116304       -218.41249113842710        109.55592364983441     
   226.91670134605531       -225.71272464806512        101.40485261881646     
   228.09185084118386       -228.37841797257821        95.167701501066247     
   231.60774996860437       -231.59295025327467        87.728889375024110     
   234.40640668904510       -232.98260720419850        77.395217667859271     
   237.70341890130044       -238.45381382541601        70.085529413834493     
   238.79595581890044       -245.17055772732922        64.136186308415532     
   237.31132710541445       -252.17270065427445        56.265770572207799     
   233.89477402793520       -258.10088159428909        48.177258793945860     
   235.31793151564744       -266.66212137574314        43.884394003786376     
   237.13191767301163       -272.02946390856198        35.350546793622946     
   239.51842051846623       -274.37918483345203        25.368564596858551     
   241.78295542776897       -268.06711224843502        15.294996894677176     
   244.60473864264765       -258.17608489658522        13.333478407139360     
   247.59561230036343       -247.85464489755398        13.577024640126140     
   248.34601076714591       -239.45977612989148        6.6895307312646324     
   246.97579807592490       -229.68282391159269        3.3294212178268054     
   248.42486286017515       -221.46633112935424       0.91095795932627166     
   247.61487242579534       -212.47685581783233        4.4008869760344318     
   245.53844057093636       -204.70792627389605        6.4596475988459829     
   240.78539309618699       -198.34488078680769        7.8177481724427160     
   237.16820830816542       -190.02540775511724        7.9735893174011956     
   239.78703616229103       -182.32171170411337        14.812744207070118     
   242.13407505127748       -174.26528820178331        19.652089774937160     
   240.54504894072375       -166.21241126408941        17.155178456228203     
   238.82643974070407       -158.62102509655554        23.277739114132640     
   233.46377771138177       -152.50823412364426        30.374631948279937     
   232.63999318582955       -146.55210000011951        37.499915955936018     
   228.74089567303594       -139.86176731622388        43.500731766220525     
   225.79523425755679       -135.05742595682139        53.353535557393059     
   218.85472619472603       -129.85743839849803        58.601783498756447     
   211.74105497462250       -128.12587170309823        59.193386527070246     
   208.88846444610087       -121.27881512402220        55.479345532762011     
   206.53651769409328       -113.67138402064043        50.403378271659662     
   204.45392964546684       -104.18520282989928        48.163655903378015     
   201.48346720718641       -96.464041758013451        43.011699380353676     
   199.29627461354204       -86.871075590253298        40.166955672945406     
   196.47027388371887       -78.808356676008003        36.133105464770111     
   190.26577574121174       -70.109408259659205        36.313161049289633     
   183.59907512459807       -64.403442259870388        37.048347945806718     
   178.32059391507852       -58.886531531985007        34.970224537715914     
   171.67848873252396       -51.571911712804045        33.686677825738947     
   166.84004087152857       -46.588448283323395        28.014924339502262     
   168.35866003386093       -43.807547232445948        18.301913577379214     
   162.07467836800151       -38.128666538068579        10.704278053109373     
   159.22684047373713       -32.253017834296500        11.003268246846805     
   155.25651918588792       -20.728128577815671        12.268843271389603     
   152.16759947912630       -12.145924677082041        15.726292316865653     
   148.32631387689949       -3.2115292334745074        19.180609521679109     
   145.16102593516521        7.0382802059586762        16.663989818756445     
   134.55093162236082        7.7113794194481766        16.257434597258825     
   125.59002160610775        3.9112054325117951        18.744574937603893     
   120.18458795151251      -0.71853643783214594        23.716954830658008     
   111.49786670169681       -7.1855051447548899        22.273629705861524     
   101.71910370726118       -8.7544145646705456        22.067100329690284     
   92.481538695213501       -6.8135289371118457        16.409513366492973     
   88.112300394495080       -2.5572583951233954        11.200007277249000     
   84.208281829550842        6.5443106713573416        7.0064981651944214     
   79.485496793363239        12.896109014100848        4.6689491042165656     
   71.950778268397258        18.310549865118883        2.4493561050312707     
   63.878459912420681        20.294346611461453       -2.2633578485125181     
   55.514678768423828        19.858734604133069       -3.7864821251671881     
   44.650684763505140        17.113699018375200       -1.4878844133545686     
   37.588333443052555        10.324144451542193      -0.74085712573470985     
   32.258392449542320        2.1863370049766422      -0.46680079530037766     
   30.494578442422235       -4.9959875604430923        3.0199781200900571     
   26.193102199467909       -13.452787984124152        5.1020293430928554     
   29.742155102527249       -25.657589716799610        6.3815905433409839     
   34.398209486580335       -34.605147585473055        5.8675090491722095     
   44.034833505954346       -38.695707842742259        7.0959327718656020     
   53.395595210290665       -40.874315101222123        11.968566479060438     
   63.355818007935397       -37.145845823823805        10.710329844081738     
   70.725987908880697       -39.159631719295291        10.901888065616642     
   77.225269217596747       -47.656014390274436        14.056906989395301     
   81.446821424257749       -51.681164816391274        15.053214430194018     
   89.087862771223740       -50.462558315750357        17.849967601845403     
   93.803909440290042       -45.707094974211401        22.740165936724100     
   99.541378510723817       -39.258022325285040        27.837948515214499     
   105.89534119375320       -36.453514404600035        31.378051438203350     
   115.03906713283840       -37.114253869043964        32.800662981125363     
   121.95521807172230       -42.080569639534858        40.481314329931578     
   121.39395799320701       -50.746934532213189        42.766110961299042     
   122.64428515595782       -59.109891693378060        42.716459077491493     
   122.52873141549406       -66.940096427239098        39.397907031375098     
   119.74588734925749       -73.419541368489874        32.171063869875255     
