   4.3346072794515749        8.1878898914479237       0.67193479745873219     
   10.895759144052477       0.80750760011662237        4.0632604440872910E-002
   16.084822780528725       -6.3889062943194688        2.1146068497934607     
   19.530221135052219       -13.434461086423033        5.5856561651486096     
   21.738092942806876       -19.447408426868954        13.016654540219665     
   25.214895148418041       -27.395609737324527        15.223709357072639     
   26.410229623781451       -36.959878970694355        12.689240670691252     
   28.191086466636936       -44.950421998007052        10.811482304720105     
   36.660226120282580       -51.284379812935533        6.1617228933218122     
   47.343835268409840       -49.868063176058975        2.3236991258955051     
   53.465123570221841       -44.575156656619676       -1.7022080745470836     
   59.482743394073601       -47.637519515285597       -8.2088557471561465     
   66.988498433782809       -47.215709341517773       -15.459933860483087     
   73.113068686573030       -46.255653496406673       -22.832946494536881     
   74.711293750364291       -49.917890258627331       -31.705353971295548     
   78.296743860207556       -50.511960500183228       -42.339970005302398     
   88.258328562485872       -53.650872956547552       -44.145928749559225     
   97.522699235527227       -53.594725851455202       -47.826468178095460     
   103.94731939363680       -47.521410746028302       -53.838525736108600     
   109.68519753773484       -43.462266958641472       -62.163659927769594     
   109.01208341131644       -38.601224494315922       -68.686812576915401     
   108.43035798134127       -36.496534788555302       -77.676545135925721     
   104.30182750115983       -34.603366922636674       -84.362089332033349     
   100.31949459282572       -35.680435964673059       -93.067368695261791     
   91.505172656551395       -33.812552874495431       -96.387312430937271     
   82.666351614127109       -30.287790357962315       -103.43530605729796     
   76.410674189212898       -26.033249314734697       -108.44940597724434     
   74.322796928315512       -28.046369263124895       -116.40274628672285     
   68.743903994547708       -35.257214554238779       -121.39809056864411     
   67.418058848779197       -42.210997609175571       -127.94138774595766     
   68.529440366206984       -48.828914107095422       -135.16085626125096     
   67.022039889920364       -56.146538372863098       -143.48661780527704     
   64.344372941428674       -64.983086101442638       -149.25380084060021     
   67.233866985056807       -70.396974584312005       -155.67740015195770     
   68.444546799882119       -76.802042131209873       -161.69019663451667     
   75.654532634089861       -86.559923666198856       -163.95595338502736     
   83.361735574131927       -87.384001642337140       -169.55919310553182     
   85.987211890276342       -83.259198630272834       -178.15467019271600     
   83.113431232418776       -77.985330304106157       -185.78221439101949     
   84.682648109510666       -75.353577422324520       -195.65655818514730     
   79.201923779296266       -68.777358886144526       -199.07245046153409     
   71.367921636858682       -63.375629465442479       -205.01412218973257     
   66.804852767921659       -56.074418341703314       -205.96252889561652     
   59.165140925491990       -48.375465321709648       -204.75938906573282     
   52.639985669024448       -43.453475993243195       -198.79793770864953     
   47.933296778716858       -38.327307324040113       -195.84863245662117     
   44.758927747613662       -29.968825463251285       -189.95901237553315     
   41.005950035812795       -25.834556708081870       -182.36467646692384     
   38.339211975286283       -18.546112910363497       -179.27720162761707     
   33.219212686120621       -13.728174103441239       -176.44794690708832     
   31.410930472816634       -5.9602475589312913       -172.25850566773479     
   28.098014591166706        2.9449899359880418       -170.76904735773226     
   25.050497849347241        11.877947260955574       -170.87241467419486     
   20.354382155998284        15.629285697603018       -170.77707396470240     
   15.281818482570376        19.907210048969539       -169.39979341653085     
   11.462443887832112        28.799203040109028       -169.67294413496549     
   9.2712492493297454        40.750956554763995       -168.70396146812985     
   2.1795781827915772        44.053722897063714       -165.59245439720473     
  -6.5497939827160350        44.704623296197234       -166.32035741182429     
  -15.086273765788999        40.759947532678090       -168.19011164072455     
  -23.564026620026592        37.888187585304614       -168.53167660855857     
  -32.178887219821171        34.312414671334828       -171.14599691392365     
  -39.213592240340368        33.087273909691326       -181.12148955663494     
  -42.702500586586375        24.925636399195689       -186.57601933876853     
  -50.195284199014360        22.272170531334034       -190.65028513308587     
  -59.368686916498000        22.233666987517829       -200.03474458457001     
  -64.461799440051863        25.007454998822588       -210.10933408655754     
  -63.599325919686599        26.625980598597373       -220.36833865971747     
  -57.920256184398205        26.636121234434931       -228.65494401423405     
  -53.574946889653198        23.242461598779776       -234.75415010799688     
  -52.529796384413309        18.607512197317469       -243.80729368175449     
  -46.273138032407978        12.650235510952593       -247.52444249754876     
  -42.514921515594374        1.7178830948120321       -246.47078081022050     
  -40.963045990638726       -5.2459395604349250       -239.52323641709052     
  -40.017120165247569       -11.053432996155328       -234.42932348751987     
  -38.253736601894779       -17.285629944714749       -228.76820839925892     
  -35.599898251576398       -22.034005627873036       -219.29133670431557     
  -31.919883159885554       -15.330994148645607       -212.74466555887312     
  -33.607732785044725       -11.406453072682330       -202.57413804930658     
  -36.994517770159511       -3.2378749589937912       -202.77709536987308     
  -40.559635443850304        9.1076977707211260       -197.13120932675545     
  -40.106486567616734        12.198906804743610       -188.79478890064863     
  -35.589004689311388        14.419592274182657       -182.79266779903631     
  -30.800771646237248        17.397512070444826       -175.14617478575420     
  -27.779252016301083        18.416460138338202       -167.60013997597608     
  -28.447099858312097        17.441474404264959       -159.21086408304618     
  -23.572823401184788        19.060071697389070       -151.41040884259985     
  -17.967509567247216        19.175068536001042       -141.73504516472229     
  -19.625623340795496        14.298424914398419       -133.69861247863545     
  -22.365682891422207        11.425786647661079       -125.90307353474887     
  -22.354370281378745        6.7448395795042817       -117.23284316565267     
  -24.062750021379056        1.8316192398959799       -110.61330511421312     
  -24.510711708828634        1.2816826819995355       -101.10336959450032     
  -23.016304739757285        4.2600973953169561       -93.340259045762565     
  -22.362509598428741       0.80871853048037101       -83.418167588226993     
  -22.064893658556198       -4.1802708702005074       -73.629839110668428     
  -17.773859215414657       -10.432444613109032       -67.653331311032929     
  -10.794952325781420       -17.705319038193103       -66.821413085539376     
  -12.481460241840804       -27.663730647644805       -69.565418546125443     
  -15.691486108163641       -34.503014764030731       -70.790431919436315     
  -22.760441297669868       -41.755529917859242       -70.695126471807498     
  -31.270309096769548       -47.368600548090832       -67.977122959627053     
  -43.057973220079155       -46.871645820510516       -61.521519439362372     
  -50.132105723976316       -49.233900295857474       -55.114375759690823     
  -56.958038778501212       -52.624882847886205       -53.732834450936672     
  -65.689326077584042       -54.339078562770005       -53.655624599649876     
  -74.455663524477231       -56.986699972681983       -60.230021770154416     
  -77.486575945434609       -61.685109645322406       -65.317327631016383     
  -84.031278636678024       -65.165848197588559       -71.170900434037748     
  -91.225157654270930       -65.607153207240913       -77.201410237581854     
  -98.006501932062108       -67.676340204378903       -79.528508181145071     
  -107.22544204549459       -72.621263469117991       -83.010594362227550     
  -116.26199236055562       -78.277203552074667       -82.278401769583837     
  -123.45790742838810       -75.156671135844704       -75.813966825609839     
  -130.29172859138299       -71.441516166867046       -72.393189499644791     
  -138.10834363613858       -62.821515682720992       -69.857122604679915     
  -146.02526431227744       -57.215732559157466       -67.122978682730945     
  -153.73428930316851       -57.706567599274798       -68.293142931599959     
  -160.22044677430077       -50.450790023915125       -68.841032932666195     
  -166.36921451005236       -41.977616176992122       -65.510026478361880     
  -169.68995569415014       -33.470438402109416       -60.858870962383683     
  -176.11867966288690       -26.536536980902447       -56.982397925357013     
  -180.71789270314059       -22.694129871548860       -49.813716925922101     
  -182.20484486608757       -20.510637737622069       -40.464632944284482     
  -190.39773265379318       -17.339602221095284       -33.274965174225052     
  -193.59007722432901       -9.7320209569898903       -30.690658802090294     
  -197.93575790004917       -2.2497677784964254       -34.030822356563014     
  -199.54054996470870        7.7603316846000272       -34.939982423264915     
  -203.21990458432944        15.910727002561396       -39.765406570913250     
  -208.52778555066553        23.033477740394709       -45.658497932676930     
  -214.33307688115352        28.814095087742821       -43.782334123336646     
  -216.33842850954829        37.900735386703722       -44.715873052931975     
  -214.76452289735175        45.895437917066708       -48.598973418882728     
  -207.68337457213568        54.759921559478066       -49.608639922675273     
  -204.11389912747589        62.080652276073515       -51.374305972178739     
  -197.70502295308756        66.833937859077025       -52.875897041310417     
  -194.17046801604141        75.073805982122394       -52.965954749603775     
  -194.21581515038713        82.557591647719903       -60.513810572914927     
  -196.96033400935798        90.560099031151594       -61.156210468538937     
  -190.95184717232218        97.707204879740004       -62.142964098306059     
  -187.89444380074397        99.209568514994544       -70.773024185884509     
  -192.05645019293277        106.04260321127572       -76.555095951057581     
  -199.13571203022792        112.05648910834356       -77.441669901710611     
  -208.72461845953939        115.68502356347551       -73.808296600987660     
  -219.41798432782156        115.13972260543676       -78.616593508341793     
  -226.27601781162718        110.05224478175450       -84.064916919553156     
  -224.28198525258159        105.69800233327311       -91.659965881428747     
  -225.58083355646505        103.65297009542405       -102.00458092393467     
  -228.91918911690871        104.56056434753458       -112.91830736319005     
  -237.36831509846849        104.19936542391059       -118.07348631166181     
  -244.22503584077174        102.65082395324578       -122.78103038205151     
  -251.02298587629446        106.93723267330978       -127.89329571172860     
  -259.00930480520037        110.53520377128007       -132.88797543147237     
  -263.04917678869828        106.83313662224862       -138.97004522316411     
  -264.84409148958497        99.171695245762407       -141.04783053611928     
  -262.68462877484711        93.576067583461906       -146.35597345392625     
  -262.35784715646969        87.570446621858878       -155.56708842374212     
  -260.77957023859329        78.832649497178863       -155.85883267509200     
  -255.31664747715809        71.401490020799258       -156.39953897390811     
  -248.21036657948807        63.943065222146743       -160.16993954377241     
  -239.89486538329976        61.222955251802830       -157.54195029957691     
  -229.45873537768665        57.036281342849065       -152.33659750022991     
  -218.60435989322315        56.617403279874452       -151.42025666391945     
  -206.79208889348030        56.132218073202296       -154.18350503993616     
  -199.91345585320315        52.262416702093105       -161.21952896838934     
  -196.61088094477364        43.672962206204318       -165.47098484356516     
  -197.70563496630851        36.605488483398602       -171.85408122945739     
  -203.41456664710077        28.089756072659526       -172.22833090610982     
  -209.02078594952201        20.455960717776748       -174.01625446257674     
  -213.70002622479595        13.818770727380752       -179.36749330613702     
  -219.38573374171551        5.3644791022762490       -181.53129773243103     
  -223.43125705370426       -1.5357603400154005       -183.77249087283030     
  -227.22524252716124       -4.2494953334118577       -194.72259428464383     
  -226.77958703349373       -7.7515184988789372       -203.61916772591604     
  -226.63338248080336       -10.887112804683113       -212.60100776431915     
  -227.86264198463977       -10.827327699233280       -220.14591930123126     
  -231.11923644603593       -7.8267538346780157       -229.04656884287189     
  -235.95708052692407       -4.3303845517195896       -237.83268133445551     
  -243.35724369835549       -3.5735580318402071       -245.51638654262044     
  -251.86399083864657       -1.0116336494943710       -249.14396010311006     
  -256.03437177292511        1.3082144010546983       -254.94142960947062     
  -261.27140544172426       -2.6016048285098634       -262.00849190738813     
  -270.39247505548980        2.1218691632616924       -267.35785931342792     
  -277.71335866861932        7.9492385694103120       -268.13206903492386     
  -278.26012540485402        17.724266152208031       -267.16650148981518     
  -276.78134095777301        27.771325768087593       -266.60718266416296     
  -273.35250483571639        37.765971571426007       -267.19094829437842     
  -272.52572729656060        45.932768636973009       -267.58337715650549     
  -274.48395051153705        54.966672612457785       -270.23259468008587     
  -277.11741327805714        60.461223390864745       -269.22062859067984     
  -281.68994187154664        67.530952378184281       -266.59663259812561     
  -288.88498556347264        71.758845140447306       -267.42033195036703     
  -297.57273815539759        72.835262560771412       -268.12087290532406     
  -304.89739974008216        71.021494204741202       -270.60866605724789     
  -314.58002423517144        73.159372501705150       -270.32083645044105     
  -324.28795961360782        73.048431210074682       -268.87294726750753     
  -326.13293840444879        70.661256618287553       -260.50925313303338     
  -328.53354257802675        67.338534981707539       -252.27045918934934     
  -329.55683524305948        66.606609500107083       -243.49038100057663     
  -327.52534971590143        66.643363683734947       -234.93372662679465     
