  0.13973948144928272        6.4745806674870794        3.4990743020859441     
  -2.8218271473436971       -1.7166637283309676        3.5788079580941030     
  -2.6267235633453083       -9.2993102131204317       0.58823332973685183     
  -1.4719692883281255       -15.060608893754260       -5.1402856612745893     
  0.31127263463378085       -20.983810646518332       -11.855495695753490     
  -1.3480204267177101       -29.414886402402111       -14.277223018389776     
  -1.0108804846850603       -35.145302319198301       -9.0842666842950450     
  -3.0594243342403047       -41.587845868860917       -6.5116250755114322     
  -12.417780961237781       -46.638089908766510        1.6342618670841205     
  -21.085177125950793       -44.656736779417358        6.1673443794835805     
  -28.438291164607392       -39.089882269087454        8.1492956169610125     
  -36.705641157037348       -38.412264645056446        14.511308360568535     
  -44.683633719913445       -36.024963033455926        18.373002635018992     
  -53.065855114718318       -33.270239663408447        21.734331873532426     
  -57.827914410702249       -33.727829759944079        29.362992662670251     
  -63.472864444502022       -39.692718350651212        37.360837349549627     
  -67.313941060689814       -52.537141168849153        37.853304719691636     
  -71.579376074825916       -61.729964935417186        37.754442414491649     
  -80.379408508168609       -66.749216160206984        34.362450626698461     
  -89.113412969154382       -70.508225343929183        31.471598963748818     
  -97.151776290660735       -74.834888733683457        29.554285534340067     
  -105.65501397677016       -79.064181529495997        28.608320246478883     
  -114.03341675507420       -78.846513849215555        27.642471714984623     
  -119.06312904406187       -84.361946608042786        33.251267831873179     
  -127.44709658834506       -82.867869905602447        36.741192242465303     
  -138.17157517367167       -84.182009423163649        41.127330365567531     
  -146.76111134494758       -83.821808137176134        45.681584123058315     
  -156.37688760224569       -86.443223802629106        49.789684898723806     
  -163.07873330118821       -85.231923263232929        56.518225779784729     
  -171.35615641614805       -85.924376501956161        62.070372031146064     
  -178.96465050015655       -88.394077518919318        68.812373189000965     
  -183.83582755197401       -88.120033378795526        79.414968793539060     
  -184.96074381209527       -87.620119685817770        89.013062854562236     
  -181.92716637825885       -91.028739169323913        96.061753475363957     
  -177.93296050282498       -96.256080462232092        102.42697665861556     
  -168.45781013255674       -103.02896416076536        105.40890003046934     
  -164.92007192309285       -111.41748230491909        104.83364761091616     
  -163.70041828575501       -116.10459715145015        112.40307942747141     
  -163.37085720374711       -117.61407601969398        122.01392304484465     
  -162.09844528236303       -124.31149312211673        129.88877043052116     
  -164.71560369791254       -121.82391104778796        138.58533619722175     
  -169.36754676623431       -123.43611411302729        147.71841401386442     
  -178.00408945326421       -124.42990072486344        150.03466775365803     
  -185.87683145004635       -124.41872615563531        149.70570321210798     
  -193.52845550109345       -119.55190387174460        144.65866905468386     
  -198.06868704992343       -117.23141133590428        137.58586334563472     
  -201.43490113209032       -119.68088784931146        129.46452921328500     
  -202.82849228026532       -120.19308165345637        120.97658985041700     
  -206.05672814253234       -119.56239576194048        114.36425422307954     
  -208.12735067984644       -116.11434484786025        107.70876472877592     
  -208.19285816484103       -115.14108357867705        100.75571448014523     
  -211.26010146424372       -118.83724364543878        92.490247949045454     
  -216.54504414952771       -121.19555242409075        84.365420150146832     
  -217.72069781450068       -120.86176594342959        77.397930835812133     
  -217.29304476734546       -122.99342291192738        68.435834011635990     
  -222.16027441856821       -125.33601407685822        58.885734105718001     
  -225.14069934194049       -132.21395661141517        49.843867057590643     
  -224.06464824037033       -131.58921421496024        42.098301368379566     
  -221.62754722628267       -129.21416221111264        36.396787189627332     
  -217.43724383208425       -123.27774603365745        30.685913768764721     
  -213.75816945918154       -118.23992100150099        26.181060668933696     
  -209.54234006320530       -111.08913635978074        21.828848710929691     
  -212.81421466848161       -100.79924417079275        16.275914164995726     
  -213.93503147362526       -88.842465541690231        19.018852529116117     
  -210.40459958610955       -80.416660012523536        18.257007081618696     
  -204.62047732938345       -71.741862286183647        21.297375278069751     
  -200.29146627122304       -64.408429279169511        18.349004410559104     
  -201.34821065522326       -58.214043120912038        8.4611929810194795     
  -205.49950085645037       -58.978858562113004        4.5040921360424591E-002
  -212.32462816808308       -56.386120136599317       -7.1688324657779106     
  -217.54308254059058       -52.847373777413594       -15.112498587278111     
  -224.69358515623540       -57.581436103648699       -18.203064889978521     
  -232.01105976669180       -65.512394040938887       -15.609151174434487     
  -237.09469496789296       -69.480187608907102       -7.6239819763962657     
  -239.55576179660653       -72.661318959835128      -0.69645335124249641     
  -239.95919252961068       -75.321308532078007        9.1805470669589511     
  -242.05573956366217       -75.095836447157907        18.240310027545490     
  -241.45206886118018       -65.282872173946515        21.596484405861446     
  -247.76764872807223       -58.711258912491587        26.210041832062387     
  -249.54247293729705       -48.836372207945956        22.368598988213762     
  -254.36281073963977       -38.648020412917759        23.760620931086294     
  -259.44220892016705       -35.430639678254607        30.004351296999005     
  -264.80640771703975       -32.426747054024617        36.117889403700758     
  -272.04243850427423       -29.838466700621609        41.908048454342634     
  -278.12323141683123       -24.312372847705376        47.220264168620162     
  -285.09309885454252       -19.733789950113682        48.732818236525446     
  -289.18720937184071       -13.981416428265412        57.018063110592152     
  -294.36044718533333       -8.4486731573845582        63.257581297117270     
  -299.15036230584286       -1.6789415198813664        62.339230305278477     
  -301.20000721346992        7.5032966284506060        66.136956794906098     
  -309.94771547078790        12.001632573237782        68.375329334631289     
  -317.21149140077296        14.481413080338555        67.141563456720490     
  -323.91796585210011        22.001350793059515        67.514836714551194     
  -324.88891609643110        28.991137439003122        68.223181725480998     
  -327.08310111982757        37.263759608295707        65.873112479220509     
  -329.49288948549776        46.259432072485417        61.707978016452159     
  -334.04073684189950        53.899579086548080        57.829991137760345     
  -340.64221048104696        58.751498667932665        55.911524022757533     
  -349.86527262705715        59.448188237991346        52.820415994384746     
  -358.17951748980647        58.239823022416118        46.894717894827750     
  -365.97732138260176        53.644074290021720        41.909327246750394     
  -375.03223823714796        47.268846933919036        39.271252503270802     
  -383.74019992312390        39.055022011123050        38.092895829948816     
  -388.42967054565628        33.881426199062361        40.568785696931485     
  -396.74766403737794        34.126664159313918        42.991889349550064     
  -405.62339976374875        35.839291982088511        40.334136005282801     
  -414.16890185190721        40.681089370903607        35.234626937300703     
  -418.71215975332797        45.211585728833143        29.949568127081704     
  -422.72921021325300        47.242196407747286        22.139223637456013     
  -425.94147885095089        47.529041475693703        13.515363134765323     
  -432.07645800932647        45.244861219369895        9.1975042841551726     
  -437.73479678784821        38.950302426752557        2.2409637270980625     
  -441.02418212811926        33.697595146575367       -5.9036774171129025     
  -445.39924592614034        24.705840237155449       -6.9369276423696533     
  -450.74505217323178        18.936545438155434       -4.7085109363526954     
  -455.89830359249578        8.4598861884665837      -0.28352229033711751     
  -461.95907439219479       0.56349565208375196       -2.2067824460342536     
  -470.09416573786598       0.95212733765402291       0.20805217799562570     
  -481.24458408497208        2.8487737833612456       0.78590803980378610     
  -491.25719027440675        8.3506849426176224       -1.9732956511515738     
  -500.49532872418200        7.4969272099462252       -1.4135577160340915     
  -508.23476590730786        13.870555952961865       -1.6798880313624522     
  -516.66174822741766        17.551493189176750        1.6576842957632607     
  -522.33212720904407        25.705051284171429        2.6440517254807219     
  -528.38505080507275        34.976475634132377        5.4016980567070618     
  -533.32826906134869        39.075113930688239        12.445757167018684     
  -533.39931666730672        48.733670328132760        18.124825560277372     
  -532.95014344579090        59.056163125042346        22.790084589284135     
  -530.06369956862932        66.801720424250163        29.681524163126852     
  -524.14713747926885        74.512519726160022        31.429853052923562     
  -522.10387436181293        82.026738956376164        26.858267509626245     
  -515.95627859754802        89.929731634250686        27.801247284272648     
  -510.80136169282844        98.324486706176330        32.437987080428741     
  -505.07713808061078        104.06665519969680        41.543924772452527     
  -504.70853315497584        112.85084998586214        44.018000975468198     
  -501.22481711451337        120.15581156559338        45.783860647282495     
  -497.72030708773190        128.12686579193780        41.441422386272677     
  -491.16499209060680        133.76723257830875        36.988345940232023     
  -485.97540038062607        138.71185842551193        30.816734973125818     
  -478.95767582245259        141.29562259346937        35.190441369155536     
  -470.71224857472754        136.86624203017374        38.040422068086798     
  -462.71392381032854        141.93849507425489        35.158225552783279     
  -458.86250516632390        147.36509760344748        28.320483463290145     
  -459.73717200778117        155.00196328460422        21.894131744940154     
  -462.74479075412330        155.44456025208112        12.268356050301207     
  -469.21844715071745        153.29603596012254        3.7305181281657269     
  -474.63122635777199        148.20291935037332       -2.6678736884664715     
  -477.45252947215050        152.48973860744496       -10.166483943398788     
  -482.56405789122118        155.42017607941139       -18.603454862333592     
  -489.90348692833481        163.20941620659011       -23.660010762123704     
  -490.71245704630485        170.25197512573342       -28.155345342398789     
  -487.70874240833268        179.80429372203483       -30.119482334556608     
  -489.69225770149421        190.18283624103722       -31.822096092850984     
  -493.40908508581452        197.39674885242940       -34.857712861874973     
  -498.73758733813122        204.79819485956597       -38.774969940521942     
  -499.38084917165213        210.59053502640569       -45.899340649359601     
  -501.00101826463936        218.22871924047450       -53.122456394086100     
  -506.16425699561955        224.03788551415903       -58.483999508287354     
  -512.74484782187642        227.26121262474061       -66.664907024722993     
  -515.65862942746082        225.53312687078051       -75.288752753858546     
  -514.44460498707826        217.51175622861169       -79.237476807108067     
  -516.99419131660852        206.25246606782039       -83.380128325083604     
  -517.84905484704996        197.79157223300254       -88.482793796580552     
  -519.14399515861612        186.77130329410173       -92.574163875120178     
  -516.28378576129853        184.74448345028776       -100.30258030435715     
  -511.19240811711904        183.89901789377797       -109.32704718080913     
  -504.16469858738844        182.47810481392852       -115.33494626954570     
  -502.03485323497870        191.73136855675648       -120.72153544395479     
  -501.57610705401214        200.66889846687752       -122.71615552578686     
  -499.74084063809926        208.82572211692099       -125.13764827370909     
  -503.84324745703469        215.88276381088934       -129.53096496041042     
  -508.37071218816129        218.55937670812551       -137.37959640599684     
  -520.25295118150234        218.59983123713883       -141.01927188604856     
  -527.93991220492649        224.01689475262125       -138.03583665642407     
  -533.75596899343441        230.59463292209114       -134.93832783787423     
  -540.20635584449440        237.10279902217530       -136.99199743838437     
  -545.84359358299935        241.36073113403398       -142.25889001385298     
  -548.34097170683037        249.73403116616268       -150.07143589377955     
  -552.10885491691488        259.14429695906421       -153.51614166487383     
  -552.58567158246410        269.23731035605908       -153.72543236093804     
  -550.39568078899742        275.78764829985732       -155.67432091350042     
  -550.91678426570695        279.41242450429019       -161.17397693989221     
  -553.49752013019292        286.43551106510085       -169.88614861741218     
  -553.34555231150875        292.40573872562010       -175.02372557067565     
  -558.86790362431134        299.33791004830937       -176.17050130287652     
  -565.62426276964447        302.89842321356093       -183.29709329242701     
  -570.59803087512114        300.73212051006618       -192.20310274684414     
  -574.75164512606739        297.86665457994815       -198.35620981539893     
  -579.24694544453098        290.75279762940187       -203.01843395932923     
  -585.98499463036774        291.24168529045346       -207.74917694272841     
  -592.33667289395294        290.83350687457153       -213.19917359538277     
  -596.26498002189078        291.56759910216005       -221.58570109500363     
  -602.09878818836387        292.01869854869369       -228.90319151569906     
  -603.98796389166819        289.56760066728452       -235.28112472744357     
  -606.34464025557827        286.95421967191714       -243.86199737401313     
  -613.46428215520734        289.38214838683683       -251.34230660860612     
  -622.56671118792997        288.53217618494790       -256.09783281536045     
  -629.22661931731295        286.62334904691016       -264.37356836913887     
  -633.60594519922824        280.35346865362953       -271.92065064857701     
  -634.36917450429598        270.46492185206762       -278.61918439839712     
