   4.4251325176219325E-002   8.8586741826102013        3.2618197894529146     
  -7.1637777693902081        5.2285877489495647        3.3541090073121325     
  -14.582362319457360        3.9654707166824323       -2.5465185454898460     
  -18.094686277686890        2.9245373866583293       -8.6587493906357906     
  -22.014538321915467        5.2966263850343296       -16.433883214853836     
  -29.366242050660219        3.6486252811772317       -22.208283322735042     
  -35.140795352346487       -1.8062984707425755       -19.968448568361055     
  -42.297283875227350       -5.7801933903227791       -21.351948167169837     
  -52.059234265545115      -0.67621711622152247       -16.642484772337980     
  -56.862860094015730        3.5616880015392098       -7.7622345180750472     
  -58.937112218747643        2.9968416245539800        2.6454410355428450     
  -64.252425599667447        2.2515141597975514        10.134604628377161     
  -70.082438596754116        7.1197675106856479        17.355850876665073     
  -75.449070230237965        8.5206270956326478        24.544674340380823     
  -80.084699571883220        4.7960952365204434        31.175887092861267     
  -89.521799765248602        1.4018363789135719        36.824208056934076     
  -100.22823199831669        3.0073677007802360        41.671808863799257     
  -109.51820688756010        3.5529291472325042        45.106075929453851     
  -117.51822390778494        7.7424561285849620        51.894655768061668     
  -123.10136280547442        12.883643295910844        59.881671734425055     
  -125.95377327031980        16.319112019271671        68.511690456598942     
  -127.16700305649027        22.405689099014751        75.998527087332860     
  -120.58704159944517        28.114049197657636        81.905089848431658     
  -115.07956319754453        25.987629603811484        91.204525326573062     
  -106.69230223893192        23.875149076739376        93.637169786826760     
  -97.640469885508196        23.895010131450533        99.072837714912311     
  -86.903865083260030        20.493869260983871        102.44960160077652     
  -77.477104833223336        18.760918616862739        107.40692573481104     
  -69.558149313645686        15.847309510198585        113.38473354265207     
  -61.205323974511543        15.749014251542008        119.45357193815695     
  -54.228515321083933        12.523546962478292        128.01560360277367     
  -51.341497589773439        8.2081694949272048        134.44838793287221     
  -48.938231073868678        7.8342645479509372        145.01621586555487     
  -48.675120406495864        9.2531976751803882        152.30476981826837     
  -48.308866176051424        14.437527249270886        161.11578218886450     
  -48.420830402862748        25.864452792242702        166.98260757142575     
  -42.800447799396551        29.239565433945842        171.01225365677189     
  -37.565077215467085        30.589733611049638        178.41553408434089     
  -32.494818025205035        30.072442939128308        187.25563761259809     
  -29.130093662794053        33.574418796679765        193.36862435905391     
  -31.629594693613996        31.949785473730088        203.10089402352321     
  -27.801588738246380        30.955887248612498        211.79025865832222     
  -21.303278384792179        27.209477268535267        213.15307175624062     
  -16.313704108609954        20.445172434238714        214.74500838660245     
  -13.059324619263009        11.098806434705892        213.59917365456587     
  -8.0024935454767387        6.0506394257375007        210.57791806320756     
   3.1730157515358997        5.0377477320910486        207.29912133222672     
   11.878293749897608        4.6650056007961780        202.46956287979273     
   17.302488281300811        1.4506487496604450        198.94366654531530     
   20.651537161616005       -3.3933815370780280        192.91793325857986     
   22.413027680008781       -5.5091193180565199        186.59079651702791     
   25.387059912539996       -3.8558630424416833        178.07448325205175     
   29.074609817594109      -0.70121941767962426        169.10766597388050     
   28.455062908580203        3.4956807514130617        160.39174759793789     
   25.888941867383210        11.305684720303645        154.86146246266253     
   30.448258967254503        17.842591618307296        147.90089369770908     
   38.066126390750469        19.613958443606350        139.12725496164467     
   39.562801047878651        19.831490112418038        130.64965499723149     
   34.807381779078298        22.088441563512418        125.36880174728736     
   25.192712514098815        19.314971002983441        122.75915812940025     
   17.884871984904777        16.163640056762233        121.27713998996242     
   9.1576232052826469        13.060611819003412        117.77323961291459     
   4.2328876915408387        8.4025217219911212        107.61043648223996     
   2.1585336771317998       -1.4940096700400716        105.56294488745691     
  -4.8536198811789291       -9.7954891015266412        102.74783791022367     
  -13.701442249909746       -17.106271956092371        104.61572357171303     
  -22.600522206047515       -16.504819610007701        103.92114193671313     
  -31.671614973818834       -12.479167868665257        102.24850987408421     
  -38.093250855201603       -6.3373633081544369        96.114060987779396     
  -43.682995360195520       -1.2891197529953047        91.063516298538147     
  -52.556368832338137        3.6494362812371151        85.942321561941512     
  -52.394602763602848        6.7794096865223139        77.572776270705702     
  -55.892378779599142       0.91832131190366795        70.101832584554131     
  -62.175295878158636       -7.6311413353242870        69.026615745709705     
  -68.754857286967763       -13.840803852960875        69.557534346160622     
  -76.875421360299072       -19.867060959673154        66.361076766657177     
  -84.205073405595101       -21.070768431963216        62.955342882702197     
  -92.792471373421506       -19.745902032215582        67.129906381656014     
  -100.72187409802052       -14.462432499800968        66.449163832501455     
  -102.43095194800276       -3.9127398473768835        67.959601555800049     
  -108.78517983148117        3.1244075021688786        73.152033426569488     
  -116.40486880927818        5.2751972078116012        72.985784850126947     
  -122.94707635459935        9.8401195793837815        73.445404185365760     
  -130.91671738333997        14.957424484286776        74.627181384137970     
  -139.31733874460468        18.907018576967118        77.811350136796790     
  -143.26627202985463        20.491182041591770        84.986065181153165     
  -147.16584667541144        12.813813092090328        92.392780696459596     
  -150.61531016537208        8.3921179661465999        99.852624337511728     
  -151.50640914790421        12.550910412360849        106.72244342788788     
  -150.18357971067172        16.969650517618106        115.23682095281396     
  -151.78916006874988        24.081234922578830        115.90997842324936     
  -153.61162023569796        31.597524291108556        114.04680577967032     
  -159.98432935278510        40.916544698777329        111.93508901347261     
  -163.84447782962428        46.485323308899893        108.53442555327932     
  -171.62240378231405        52.365156270291180        109.65739253151676     
  -179.96666932890287        58.218919856711295        112.58686553734961     
  -185.28983996835342        64.632924184757883        114.46479550791065     
  -188.09063910686604        71.756120487427012        110.17287940558498     
  -185.98886690489832        80.625260166946418        105.03021622379214     
  -184.05652066166050        87.393439335116881        105.62617018724018     
  -180.52884437707417        96.312539543945050        110.46678324761174     
  -178.65879971223984        106.10755314698633        111.60500776382835     
  -178.70052456188927        118.03813069148066        115.16596221993352     
  -178.32754334766997        126.17634175552791        114.64036676983291     
  -172.28230954930382        132.85697360008018        111.08853731417119     
  -170.93418828004843        140.78384431668474        113.22085465105854     
  -174.77623491332577        145.48318758737179        121.02123936969609     
  -177.70314064787192        148.84230239724985        128.08080301424616     
  -183.62475483992955        145.46034719118205        135.03274949155411     
  -182.11971005409083        138.24203363376344        141.76275155493298     
  -176.54148208918917        135.52209777698039        147.42381465202283     
  -171.22033135652521        129.93218454724462        155.20473719979969     
  -168.14973106610989        124.19614705182008        163.62108548935521     
  -164.85507911357683        122.46311744086260        174.12478225888421     
  -164.76298465433314        121.40891407531723        183.38624750277748     
  -154.85461000069483        123.34858778265976        188.09744020676493     
  -149.40944274058438        129.73577779811714        189.62667448160181     
  -143.10827132334521        133.69718263679295        186.88246598842449     
  -138.59135959415443        141.64588707736192        183.18473703737283     
  -137.63879197935796        150.91450523723231        177.98040399101825     
  -135.71928446590925        156.23710437957791        170.72578086814400     
  -135.38596161414154        159.42705119335335        163.94326419824725     
  -132.21295826106422        161.26176440214380        155.02310303913646     
  -133.73368280846069        165.31708410673804        145.53211952351600     
  -136.96011807429301        168.94610416014373        137.69423745194609     
  -135.30868084903261        172.92114931401767        132.08972215208777     
  -130.81737914904249        180.96104490360955        127.26665559470379     
  -122.79490244030637        187.82185803409934        127.73827057791615     
  -115.96241756872240        193.63271252737312        129.69693892598738     
  -111.00979548882322        200.17461818529998        134.13614117774924     
  -106.73655447949744        202.51600784765859        142.90964807010641     
  -104.41505397870048        207.80038159365895        149.84585096508084     
  -99.303576389877378        214.61688700815961        157.06537900069793     
  -96.178083210685770        219.55505792034990        165.42671308028355     
  -98.196409752868533        220.37495361963772        175.44503016606467     
  -100.82209476890961        220.99591435656612        183.18175950880953     
  -104.01502513700103        218.17417642633728        191.34058813979857     
  -105.81399310011665        222.71556893496751        200.05747310209301     
  -108.44009377351597        224.10196000156242        206.53502307336265     
  -110.14266539345408        221.11975043518967        216.08976702918159     
  -107.08383176936593        219.13044689077381        223.09708551154790     
  -113.59343459736107        223.10073179000861        230.14026746120612     
  -122.35350915900875        228.01079000380469        233.44745354676769     
  -131.93975523912013        230.15097887034312        235.42437884394045     
  -140.28498531491272        233.04543926920621        238.61990898860736     
  -147.63268709515262        236.96622409242985        239.61391498604428     
  -152.40338013363771        241.76645240475432        242.96822329877173     
  -160.02633410229583        241.89042368503058        249.35768412004586     
  -169.97182991356624        242.70386218431003        245.45520237719913     
  -175.54867388338596        244.76037478309004        236.55105957469408     
  -179.88785349134969        248.71290096322195        228.08573055114692     
  -183.93279285901968        249.75820880293281        218.55372640650927     
  -189.01765902015416        253.51353975401250        211.17746415163643     
  -191.82554807369382        255.41243419356857        203.77883095371664     
  -197.86913823026811        254.34287594956510        197.56411960943001     
  -201.47624251429966        259.14875791072313        189.35867455880356     
  -205.96711665842025        263.88487394630420        186.70916744591511     
  -212.69924726854106        272.06081511710067        184.95539794339862     
  -216.14969810106845        280.89223838576464        185.83925817596705     
  -220.83202676179206        289.22470557035012        188.33191579645523     
  -222.76598514803220        296.95949848321163        190.96504816050381     
  -226.72862324383806        305.18192210396853        195.54779926112053     
  -232.43404424584139        312.34686146147374        197.40536095810589     
  -239.31536329178908        320.73950473617464        204.87747723089791     
  -244.79493287331081        326.05108315263601        207.55047353630613     
  -251.06739124057617        332.08317295923206        211.42803028882264     
  -258.89561522526691        337.34866550748137        214.79130261657272     
  -267.96866317140331        338.23186163933201        212.33927371456713     
  -275.98258460710076        341.46312848329666        209.31398034924123     
  -279.93771467914371        346.10379858880304        203.73627822855363     
  -275.16874052329752        348.47971856766162        195.38958823753489     
  -270.76019675360686        356.40027587346424        193.93124973078898     
  -261.69320564588088        359.77785226977937        198.09701181882713     
  -251.59376477443845        358.93392442406434        202.18162735475110     
  -241.43108225207959        356.75181580347282        201.78576236385865     
  -234.39390902913030        350.00645872299685        202.09502698022999     
  -232.74316527646957        343.41245548637067        199.02153404052345     
  -228.76670723006063        333.79855177665547        195.33435159219766     
  -229.78431748676513        323.46392424385590        196.87351409028261     
  -234.31628804433046        314.86830455586471        195.97826306293567     
  -234.37450456720995        303.35507879362297        199.91060686945795     
  -233.63994293180718        296.98140772891259        202.57715212087112     
  -229.30427009059881        290.03069984333746        211.09754749909428     
  -228.35978275106248        283.35400103101892        216.26527817065369     
  -231.38435509751483        278.12810616278671        223.01866236342903     
  -232.75834339723269        277.09731706144595        234.64445976928727     
  -230.66547496980084        278.59943806704695        242.63431026514758     
  -228.73183227711317        277.38377332565875        251.76692965237160     
  -225.23930600106638        279.00052917370687        260.67020954801950     
  -231.59505320139800        280.65003115428766        268.02971846640082     
  -237.03097618599938        285.03200073555024        271.28102549263974     
  -242.75498657378949        293.35649536593002        271.12388189117718     
  -249.02561113456252        302.15034316388898        270.35523387596737     
  -249.37499388165460        309.14525570034544        269.92659152568103     
  -246.05175409330030        317.97989600761315        272.64663626467342     
  -247.01341122606360        328.30103694086324        274.25103381715553     
  -249.79603738813341        338.27194437223642        270.87385183138701     
  -256.59903590452791        344.29650830956598        268.01091252058825     
  -264.39974291464819        352.25154593215194        264.27489628514496     
  -270.99161244552465        359.94658892174942        262.94518894579033     
