   3.4750975547192127        2.3764731890703672        2.2678523974616382     
   8.4985595436131405       0.36957219414094311       -2.4746507925787569     
   18.118810325772898        2.8108048251001705       -3.3938334701782367     
   25.229164849711566      -0.35754756830145595       -1.8626968474562489     
   30.617049599491907        5.0602178800272171        4.5099046082474956     
   37.764079137624776        8.1468576039239764        6.0479168703397193     
   45.049416533829969        9.0102760358755845       0.13032463777781800     
   50.136185044413111        14.981758837131451       -1.4773730959076943     
   45.031321893293779        26.824815278109085       -2.8032530068907562     
   35.492774178554384        30.933194215383612       -5.8681051137424163     
   27.080068525533022        28.578841865641493       -9.4069497523577184     
   20.409171274558446        29.213608983762470       -17.088005750098162     
   12.841189395870174        30.331215450445125       -24.344462867897974     
   8.3168945061067063        28.645544397455950       -32.151458611029327     
   9.1249049333474090        25.450060961279981       -41.393394629683698     
   13.062112974634545        25.380761758610049       -49.840222674060655     
   15.627546776811641        28.945105567721047       -61.972154620528912     
   16.223299036628049        31.078775083708091       -72.997110399762732     
   13.492884592964515        31.855886850963302       -81.010959413877259     
   5.2564772893357770        31.333247796543425       -84.968178156795602     
  -4.8109489544436883        31.720214504343829       -86.349548062050644     
  -14.146347164374987        34.081338615777533       -87.978157419027895     
  -23.165931567913134        35.540339012352419       -83.174317172197391     
  -29.602351788879730        30.993117543075620       -74.779852502471101     
  -35.665286853712416        37.535426395541208       -72.196162459254211     
  -39.010004461807654        43.714020317641030       -70.883315253343824     
  -39.906593205365652        51.966325903629411       -65.723048384417979     
  -40.176667598492230        60.807257591653283       -58.132396735216645     
  -39.705887205285194        66.724461878822609       -47.944754290676869     
  -43.402145168188781        74.890999344621406       -42.206032300322775     
  -49.060828199430830        79.729903804893510       -34.889714502081588     
  -54.498454210432982        84.134147449717062       -27.864250373283056     
  -62.833816811468097        87.898411204656611       -28.239783126565584     
  -71.740780508109879        91.819942348072701       -31.177496630314124     
  -78.575475884816967        97.590136906389901       -34.773438471140423     
  -78.349280306743651        106.87379964048539       -44.128033548411679     
  -74.227298619623525        114.59142333753336       -41.164160033625535     
  -68.418252820261955        121.67565837470899       -39.055687585181332     
  -65.735933234804918        129.03538313271483       -37.869409837474166     
  -57.857704019943952        133.98075935013003       -39.594346176817481     
  -52.776119597156026        137.06436221095754       -49.117055580787564     
  -47.268077255417637        143.36785993624665       -49.983625249327702     
  -49.560564080544395        151.72678235856088       -49.467856070024780     
  -57.703617457041872        157.19908746889718       -48.723786657782483     
  -68.461101641850178        158.86326189274371       -49.274764252843042     
  -76.897770336677809        159.95769337752799       -46.354759827656579     
  -82.002064294011177        164.79877251000244       -40.236245014475372     
  -90.207670797873959        169.23700321258025       -36.640596070163753     
  -97.314019485828965        167.84885609005377       -38.019824872548227     
  -104.23903109236574        162.03378847752180       -41.321932861799695     
  -110.90643521603073        157.26620912854634       -40.857446116266914     
  -117.99817741763383        154.09254509401893       -37.300521831824966     
  -127.05382088061162        149.39836231322417       -31.994403856926908     
  -132.96479566661242        140.93861875719233       -29.760167067907958     
  -140.73389279953915        134.08017658493065       -28.136476391927388     
  -151.56287241681525        131.33375731439804       -27.746758489777164     
  -162.40492030122152        134.85840933805150       -26.333062531463909     
  -170.14450341359708        135.34011946451915       -30.442827617680649     
  -176.51499565030184        131.53905728627421       -31.904509942233062     
  -182.03885603605426        126.89396081335080       -38.408477894478196     
  -187.37093593204156        123.71526904642229       -43.556622081691330     
  -193.64621315245751        117.92414275487846       -47.471653553701302     
  -203.55550794713253        111.82185034828039       -49.493249264808696     
  -206.42394074648610        103.80614670469555       -54.647958415934227     
  -208.81864292214476        92.776816743287526       -55.674054600445061     
  -205.30634579179349        82.807011618396658       -54.373875656219845     
  -197.63462250211865        78.817890170957853       -49.298659363312971     
  -189.75093369143087        77.274472741080260       -42.545078444541439     
  -183.98699635680521        74.472722871078375       -34.340368158827481     
  -180.61424996312695        67.470958801341581       -31.053451823197143     
  -177.42751198738262        59.170979528749541       -28.155543929820332     
  -178.02257985939781        51.885681213703272       -22.561397975162485     
  -183.04297156931267        43.431042071862045       -22.402299101728055     
  -185.72375177901728        32.658677115621948       -24.080590083233780     
  -184.71072258051993        26.430199885822248       -29.881015886646445     
  -185.49970257855540        18.048753866136408       -34.863920286401260     
  -180.86165640095055        11.366684291162009       -41.038620673466887     
  -173.60648139500455        9.9376111554093640       -46.016354126237793     
  -164.75455614085973        7.6184402477040019       -50.027684233162951     
  -157.31734840295672        5.8360843256140820       -50.361882766718487     
  -146.10260917767806        9.9088665510542668       -53.197874800847067     
  -142.43742698665631        9.9682332074676765       -61.493080960274305     
  -136.75124501986988        7.3712759497648372       -66.990146243293921     
  -131.21386735371397        4.3411835541010300       -72.510367098768839     
  -126.88459081583250        5.7226400486723543       -81.308030959284096     
  -128.69542859657776        7.7963282023866620       -90.708012183366250     
  -132.30897837144636        3.7145778163315919       -100.36413855210549     
  -133.63008766963793      -0.60884972733052145       -107.89961725612019     
  -131.71385784288685       0.44967418750848587       -115.03418891735971     
  -126.04815831332894       -1.2411845436331808       -124.61447456348010     
  -118.83715256895101       -2.1025061939636549       -126.40376902086592     
  -111.40208982843291      -0.73794322119596878       -123.25184948781300     
  -103.78473678004423        3.9202821135163584       -120.12758948413034     
  -100.67718501966539        7.0488225163136997       -117.77831440456501     
  -92.896472515178516        9.1534676042881458       -115.00199186708700     
  -83.285544458710660        12.289164324941900       -111.79690283570743     
  -73.131845021645745        14.259738213433806       -110.96557742555679     
  -66.363345128673586        18.281481740295170       -107.94700508470625     
  -61.758580839135703        25.508219443709244       -103.79220079082444     
  -56.852037961086751        30.092982109217040       -104.76705095466389     
  -46.977926326473181        35.361709405759733       -109.01441455731639     
  -39.331659887325685        36.505988722360549       -109.04871866117561     
  -28.860576741715562        34.704405642602786       -107.02914643656470     
  -20.846668514377086        33.649956871188103       -103.02089118038258     
  -12.762022644135611        30.589598615736818       -100.50957045638746     
  -2.9037872280109678        25.691252220213940       -97.810101936955462     
  -2.4243169820795156        15.836646223292092       -98.450214585153716     
  -1.1873472650812273        9.5734023532453776       -104.48433496946448     
   3.0630007050090473        5.4101781304780596       -111.40756783427503     
   7.4881384585701216        6.2624945975072572       -119.22844352481776     
   13.954446501894326        5.7375970638952447       -124.62645578862569     
   18.821883919028295        6.3575885360397928       -134.12452300473271     
   22.554662921800428        8.5430276461245498       -143.19182557901215     
   22.690553721332151        10.419076130655533       -151.91287234735654     
   24.840047188784979        5.3090801760870940       -160.73036099967959     
   25.338706541805436        1.5364099059503227       -172.95551832828662     
   34.215941497620861        3.0097028989832575       -175.73697427405074     
   40.071615820587368        9.5294141345431953       -177.06011582123801     
   49.119820888025373        15.332716657315402       -175.31485615503695     
   58.888439715363518        11.560900025396109       -176.41320232045771     
   64.255374886260739        5.7700102873303729       -173.61737945371783     
   62.870056183807833       0.14903279099942857       -169.41162691344405     
   62.039557715948646       -2.2750269993808692       -160.27112203772239     
   62.754591172418159       -12.004408651782818       -156.58996715647314     
   66.947930889251410       -19.423075298761553       -152.99839995067759     
   72.087439795714729       -22.166695622252625       -151.61726068839434     
   79.805632019808712       -23.878194881534050       -148.10118227613501     
   89.714149258634876       -19.995237349255625       -144.87099768721555     
   99.146626243946471       -17.511154116717229       -145.42381612632639     
   109.95333453947501       -14.799536395087166       -146.73937457072532     
   116.11256726592103       -8.1486204017205566       -150.27844735823325     
   120.78441834855302       -2.9229844147452715       -156.02698147761018     
   125.36598343145003       0.35752458716616864       -163.91952071209261     
   130.52531884973112      -0.81845879261495391       -173.16962779017507     
   132.22725976247509       -4.5586389777227714       -181.96261624922829     
   131.73744153930096       -7.9089455439680085       -189.53490850447625     
   134.56689200745194       -14.083803329343958       -194.70058157018144     
   139.02298045224916       -21.656306419159314       -197.07333262758033     
   142.70083043925356       -26.749110815619353       -198.45021678630502     
   143.24828090874280       -36.134097609963014       -199.59003210784385     
   140.90195785750998       -43.386016625729035       -200.57950204689709     
   143.46917763194577       -54.839154943024432       -199.03156647966054     
   144.39493303483567       -64.075761389311396       -200.04692240599687     
   146.72950004181536       -74.687979068216109       -199.26073719119910     
   151.49352352687919       -81.778598388577606       -200.35811093789152     
   153.53709883677968       -88.322080289806351       -195.23822902241619     
   157.43923678347699       -93.866232082698687       -190.05308863138077     
   163.74978310339424       -102.48981031590598       -186.76309452821084     
   171.66312829919053       -110.04527287272448       -185.80469501782085     
   175.33992428738901       -117.73688952780056       -179.88973912110379     
   175.99086250681930       -123.63802920789924       -172.04670392049235     
   177.23527223076454       -129.23321708729992       -164.71651461221552     
   183.03794174540559       -134.93790044264506       -156.54621825303158     
   187.96480131379573       -138.68274556521416       -148.95386844356338     
   193.88382532508467       -144.03466034717039       -143.72276406021598     
   202.62984706244467       -146.63921811789066       -140.68061782665953     
   209.31627027981682       -143.44054757273807       -139.83588405916450     
   218.01866685780999       -136.73479182456623       -139.08592310551259     
   225.63348062728505       -135.22016291738839       -134.47536819507300     
   232.71303674325048       -130.22160463749611       -134.11561835729765     
   240.06499342055696       -123.92920323642396       -133.50650057491936     
   242.03219022264926       -115.24936380673364       -136.86939873999015     
   238.60357055609327       -105.01225078342080       -138.85323219400544     
   234.39304608185171       -97.273276380718812       -143.77457657265981     
   235.33481621076697       -88.725708165902461       -141.79885933932172     
   236.42336287814459       -82.752239778983721       -138.65655107477559     
   241.91279728582705       -73.802024278244033       -135.90147226406097     
   247.61056517145170       -66.932656176198094       -131.01231926437617     
   247.64020166510832       -59.763395567162370       -123.79517367332430     
   243.10193344422686       -55.784902185414417       -116.37235950641153     
   238.28872829951888       -53.031341168992924       -109.16786905318060     
   230.55421381010220       -49.978356923355740       -105.16788688258704     
   223.58279780066241       -51.155836538204483       -110.67435249149926     
   218.74970978907368       -53.305310192411120       -119.70771565325508     
   211.19870192611143       -55.208463566536089       -121.58588272542895     
   202.62681392321110       -55.927882930991601       -120.16555531814046     
   193.63353569519484       -53.178763574169139       -118.26499061587512     
   185.11369257355716       -50.867817140565577       -120.92114816548597     
   176.48733369122243       -52.398048238432708       -124.69753993510906     
   166.85691679478808       -52.764488406798868       -125.39388704972100     
   156.44644692639559       -50.742737075246055       -130.03240859062947     
   154.29792960685563       -48.362294505964293       -137.43111640182346     
   153.20323277841175       -41.948790033563057       -145.78964871419970     
   149.97340331860994       -41.314306715193290       -153.76711665056689     
   142.96890772865743       -45.356242288404282       -159.96623267651890     
   136.97624275502034       -52.031429310605915       -168.56110965130736     
   130.88169664345639       -55.479007611013088       -175.57465532452730     
   127.79167912975571       -59.516261296066290       -183.98829408736546     
   126.88646979908393       -64.641556481277391       -193.36657231395486     
   131.95591297939586       -71.965362436757204       -200.64170375861124     
   138.60226969148988       -79.013165034168864       -201.72916260036919     
   147.15608677763379       -81.765315041646815       -199.34685068066062     
   151.62377044859940       -89.132437441956114       -194.34554625172700     
   156.81694495416815       -96.079436350788413       -191.72218657484902     
   166.31272173154832       -98.515464619122753       -190.13480793376365     
   172.27390262864458       -94.479243916703027       -185.15102763727850     
   172.35650698185526       -85.052809729807223       -179.69656610768737     
   170.22053112350443       -84.736073487626157       -169.63865220809043     
   171.73851856052690       -93.494380808424808       -161.79720286473071     
   167.33766878353330       -100.99287252471404       -159.60811098252185     
