  0.24343247686569214        9.1599519558518949        1.4982140316338359     
 -0.32951603076497804        4.4900034648947837       -3.5603221053851257     
  -1.4679052436621873        7.9926555214691462       -11.266688760207956     
 -0.58428162194105937        11.655600330222526       -19.461345094260196     
   3.0861446932187846        21.808638602542445       -21.382663464528946     
   5.3342291415372358        29.401951851025103       -21.014750138012857     
   5.0546245130558134        38.615672484771068       -17.583873978642487     
   6.5261797321270905        44.444861939492895       -12.004331061436119     
   9.6894521109507252        40.049133641525557       -3.1394943533454125     
   7.3484527088821210        36.795561252164845        7.0357134150493721     
   6.2943893381826683        35.798909949027006        16.613391096679607     
   2.5599094014554851        39.971378287500173        26.638356194496794     
 -0.40677977817466626        42.256027384773972        36.696927335205544     
  -1.3862905086731274        42.357812933579794        45.630764250911511     
  -4.4415717170292055        43.232204163722443        53.964203269398865     
  -6.0791950796155447        48.716188384801526        60.489757234934416     
  -5.7474555517900541        59.241695291941056        67.041248579968510     
  -7.6865121948532504        68.945404672510449        71.059538709407548     
  -11.491881911259327        76.383327551500329        78.061052311165668     
  -14.812405274059941        73.999160367023293        87.365356380168862     
  -12.565340573979825        67.985357771083358        94.921105620064566     
  -9.8787642119239933        63.139560330466416        103.95037382831782     
  -7.2885485564008832        57.276993633179259        113.54722090899912     
  -9.5968049887109714        52.082120769698733        122.34849113821406     
  -7.2627353314770460        58.100557178316798        129.04941851781163     
  -6.6694394002726085        60.225957420308802        137.07493699542943     
  -3.7386185436044173        62.236925598025856        145.94557762488043     
  -1.9809261728565843        63.376918911734826        156.59720209673517     
  -1.6922113726191554        63.765996737675628        167.86651950324125     
  0.66433523752057511        62.394082878840564        178.44347402209826     
   3.1298269705956869        65.144984875518901        186.73876759084862     
   3.9171437029095557        71.738935558532091        192.78417448733481     
   1.8415669451199506        77.827702790630553        197.66795202337053     
 -0.61513992827940456        87.823866443787097        204.06833752809496     
  -3.0549660132218008        96.361189631938032        207.52039256278445     
  -7.5870264328979715        106.23647145207431        200.90577910417997     
  -4.3593733879258139        112.64613130899920        195.24242899693630     
  0.95101355577840252        117.47729479572051        190.91865311337097     
   4.7074964608096934        122.97551967125420        185.04707790338037     
   10.179491180728490        122.76938601284127        175.55332485551008     
   10.065946935992784        120.88122773657835        165.81177055756569     
   10.175363657234712        122.26430685042425        157.65934026945368     
   2.9994582895286328        125.55737023440271        152.17159715894437     
  -5.4370330242958715        129.94255169468741        151.50762955431364     
  -13.542119492425499        136.85129083555358        150.61392779704860     
  -18.911677942886797        144.06721351952066        150.12477627563757     
  -24.057759890433402        149.47921058958781        146.61418611607135     
  -32.639557380933923        152.71316083762756        147.36451050964845     
  -41.259050111286086        153.95285889685672        153.25516213922401     
  -44.817033732167289        158.11413643770697        159.74490205308049     
  -48.965151799433244        164.92797960310679        161.68513305767038     
  -51.593059568613455        173.19851612403306        160.36505112493666     
  -58.373300018871987        177.67440798125068        153.23244639596959     
  -59.974479846934770        185.61765754170406        147.63289499356344     
  -64.517240379714849        196.67902090338163        145.42584058328217     
  -71.495540986288660        204.97108685046979        142.84681968625841     
  -80.678852678646848        208.45308576203462        140.26469643296741     
  -91.635249039291807        210.44459358322243        138.32627498369126     
  -98.251266448919836        215.33694495584081        137.33248951619882     
  -104.83904690089449        219.77271191401348        131.13755036314083     
  -107.18140160108015        226.65999740213095        125.81243396647554     
  -110.67841679894568        228.57574310627484        120.40057848280122     
  -118.33573401954189        229.89146376446590        111.69161039366381     
  -119.59775819745118        232.29632958502606        101.44344569403779     
  -125.72478915450577        229.38561062503288        91.044102018765670     
  -123.65772700193759        221.68160711901939        84.350179241548801     
  -118.91669439749845        211.98372695981612        84.078678025328486     
  -115.07329977533718        205.64753843357019        83.962483310613777     
  -112.22301492540933        196.13993605331837        88.950055494184710     
  -112.81836135191472        189.09451783000259        91.806205709981271     
  -112.54953110325627        180.19686390988608        94.998901429341629     
  -114.34808981224597        173.13368572854694        102.20313710871852     
  -117.66024968622852        164.84203469053602        106.41255140911164     
  -117.86179507686083        155.14347358057927        110.98491677361645     
  -115.97650434561271        146.27282786196122        108.39966063047601     
  -113.45072420451743        136.40715674185878        108.30240696845826     
  -106.62201046883945        127.79097021284706        107.39250390367306     
  -100.57963154508832        122.94380438076024        102.21989254930128     
  -92.886929749592838        117.95840243447125        100.64737262552092     
  -84.693100616492842        116.27137322790779        100.91485620850136     
  -76.364980034882478        120.18722687693140        97.718545946151153     
  -68.475757056675519        118.55220173314419        91.780498117224965     
  -61.034008693708472        114.53564171937519        89.361284501647447     
  -51.651562442105302        111.05239767632499        87.653905551602577     
  -46.359247434247948        107.05704827384763        79.448031821001223     
  -46.060200300847328        102.06276343094011        73.461262618442220     
  -46.607768604489934        98.017594860657795        64.355693301247925     
  -45.279010734816751        93.178094007902416        58.632874675647315     
  -38.398633649543541        86.664853708133649        55.047406294617588     
  -37.993372835473821        79.376598193763186        48.079126976837358     
  -40.811315817538912        72.897086538259927        43.651713087099836     
  -48.097739038278291        66.930298638470504        42.614133953086082     
  -56.485996844033082        60.853116271343126        43.187138050337865     
  -59.303047764889982        57.889103419795902        44.319969738334237     
  -67.033316632385663        55.591939606385353        44.334679366604973     
  -75.898530955444414        49.552677798924961        46.725016020452813     
  -81.903108230600964        43.575404369235670        48.878772418664482     
  -90.313325732908595        40.386150947445060        50.996149955588578     
  -99.067146661839757        36.110819850627550        56.266295632493097     
  -102.06534887568830        28.633872666523928        58.004701387150703     
  -107.22659626555537        19.544080987730155        58.194286091093829     
  -111.17086904973735        12.473274554847578        63.440409231906756     
  -113.69993543035727        8.6052829318101942        71.078120894606798     
  -120.26334467186354        4.6820902725414442        74.587135172812509     
  -126.87151904344827        3.5801905334650996        77.881596202195340     
  -132.71925487591895        8.5843547855397304        84.566970670632372     
  -138.77926934912026        1.1723659259745318        87.463913457887088     
  -143.54742005310061       -5.0969074219488988        94.539642920061908     
  -145.97493587927417       -5.0184953368105027        103.11725250995386     
  -141.00089639641865      -0.83911957008723448        109.28394004549722     
  -136.58547599120163       0.93871833890034395        116.26029057562883     
  -133.22163573428961        4.0716821413634818        126.34859405981402     
  -126.36174213752599        6.0213266564918655        134.21530377120499     
  -118.22755258724371        9.7200259987428694        137.46558431446940     
  -109.92650627241537        12.655205907694064        141.52548598573446     
  -101.16713316305746        17.138758726973204        140.55761567764341     
  -98.967304793277179        24.886894039056017        137.77541574167788     
  -96.999668848082038        33.418191992419523        137.25349976035841     
  -91.907157205177626        42.286267410434377        141.34545191042196     
  -84.681209325118601        47.475539543387661        135.68392022163090     
  -81.306258648481105        41.762646013970183        131.56132333552807     
  -83.446404251566094        31.958239125829422        130.34051530806076     
  -83.343580383529599        27.308505550048146        138.70177559030807     
  -90.030481146291095        23.771935910317740        144.73334738174671     
  -98.920197378659481        28.047506162812262        146.49667067676822     
  -105.98166631809534        29.422562372234854        146.07701979003679     
  -112.36484197388742        26.962664763375550        150.13890902952517     
  -121.26619547185372        23.638455856239293        150.93908156334643     
  -127.61733858629528        22.367785762500386        156.67631045793888     
  -132.70461641616799        20.422389719839103        162.86919863052753     
  -139.61319811286529        14.469094929923550        163.33773853698261     
  -149.33331029219636        10.749531798671544        163.08984144642295     
  -155.84823722355054        2.6463584936341142        165.89602602204457     
  -152.95770092140339       -6.9903550893256252        169.91920619828437     
  -143.07659481583170       -9.8827429895532717        176.19628717998711     
  -136.96242310588926       -10.569878660782251        181.15262911630407     
  -132.52914977879118       -12.619611477698605        187.21523458555006     
  -125.50820211893566       -15.207285212772994        190.96265382585972     
  -118.80384131513827       -17.632443739134452        195.99715073807522     
  -111.19941039001361       -19.420321187859663        201.76001155948939     
  -102.60150041501745       -16.637314283349106        208.61532952897181     
  -96.662992180356056       -18.132620542704856        216.24898426179095     
  -89.803769569001616       -17.879997863283933        221.81042368100324     
  -80.361890422336003       -15.328840970876371        225.12796897849481     
  -72.546295629709476       -18.867994809839864        225.93979192331412     
  -69.361394098214504       -26.241156173565358        228.73816714161532     
  -65.097683200928074       -33.281575922550367        232.42772286315540     
  -62.429047244879044       -42.624826343343067        231.09647584906452     
  -60.321945901198106       -53.234770116706486        228.18830195131579     
  -55.254024026337987       -60.958753306648823        227.68313748952662     
  -48.312580626812036       -64.266742635765979        229.74374103921454     
  -38.272418640023503       -63.863626611250780        231.94297006392793     
  -29.305849202171530       -63.755360922192231        234.91996659376485     
  -19.999967812278186       -64.440091062342660        242.50917023021725     
  -11.112723479917776       -65.601909226318440        248.78497593515840     
  -1.6086319171863153       -64.607934312163792        252.41376862199331     
   1.7470397959270230       -58.462813612612514        250.83583346600082     
   3.9878214016483327       -47.884623004943890        250.39887833771633     
   4.9872147452738744       -39.176320822998278        252.48868073157576     
   1.6069963879127869       -29.546062661405621        252.66305022940901     
  -5.3905820527402142       -25.017014053071570        249.25846325063077     
  -13.503821487557133       -23.458357360264316        245.72480347909712     
  -23.035059814371365       -25.479157062312701        241.34187066269786     
  -32.628834283137579       -27.613795589900270        239.01267789962532     
  -38.894462319022963       -26.044359661500657        235.27016523588799     
  -44.676090032772876       -20.753589034589083        232.59869612761415     
  -45.190514752376330       -14.372374993067282        223.48836543750437     
  -40.515531281500074       -7.0975998800040685        216.80514114530087     
  -37.365358017963345       -9.3075674637077555E-003   212.47773573590027     
  -36.413005263386594        8.0347526936379126        214.19117778592590     
  -41.506148585819730        15.536420061421399        217.47254280053886     
  -47.872692545982318        22.607381474045702        216.63817993360536     
  -55.843089931179890        27.289503974684752        219.51354193168675     
  -64.636219217365465        30.124574277764196        224.43011558475510     
  -68.156443606353520        31.987798735233490        228.18019631716481     
  -76.304869008077631        31.729595934820956        233.64600046008343     
  -82.068399892085353        26.674223085646304        238.00918519941581     
  -90.198206237626067        23.519967938527035        241.44251463819717     
  -97.709381748887623        22.313069503235006        245.71485367373683     
  -106.74553038461266        20.613772096183808        248.43870326644677     
  -117.01571035131191        16.493347836793951        250.32021370683177     
  -118.22799773278304        16.806837551119493        258.05232457154392     
  -122.13472637684119        14.489801127083375        268.39541471825055     
  -121.31006985556829        16.552105758839332        277.51917624637161     
  -123.79930105409059        23.145341026635407        285.48434194646103     
  -115.71009333448214        30.575661782816226        288.90430600868297     
  -108.85336139085720        36.920844566858449        292.21232563439884     
  -100.73271704399883        42.257024975017202        295.60686487307106     
  -95.543389344450617        50.680911207067808        298.08342984058845     
  -93.629802963423799        61.837652457278850        300.07371932475320     
  -88.303542459843626        69.449610725269281        297.27780746538883     
  -83.370179340965834        74.005356389918774        294.63347913526394     
  -74.312156546251529        78.994773642883345        295.23472560785882     
  -66.171881317929660        80.738607517062349        292.96407910301633     
  -61.167692202283661        76.227170174690258        286.47694208005493     
  -57.670017901023982        73.773571236393153        279.30944417249998     
  -57.285398425160238        76.628620291273194        269.80178227540580     
  -58.453376551846517        83.525054350365082        264.15508425559335     
  -47.574544310252648        86.868197862535226        262.26413864627784     
  -37.320140706999993        87.538837494182914        259.95054229307385     
