   7.4164213080650541        7.2926450526007898       0.73008903456951302     
   14.505771815204525        10.129595883418119        2.3161902951744153     
   19.963807496727782        13.520715942984907        8.5256014516973657     
   26.577061963387365        14.198405942364360        15.068932981839367     
   28.911450392585522        11.932067565215448        24.146689405670813     
   31.338888349051217        8.1540736937699307        31.039649493246138     
   29.645945284987079       -2.1763646330968669        36.810735570389888     
   25.871185201427977       -11.483211700761920        38.864210863239720     
   18.673834562192383       -14.992832859822833        32.650827956365106     
   9.2062411775555404       -13.655906799160668        29.265372920950448     
  0.11685697939518036       -15.717018020779818        25.606425744280479     
  -10.561611477223892       -18.898181475240840        25.855246271800759     
  -20.947173209776565       -20.507191508059179        26.944913517332616     
  -29.380268448117533       -20.418415850853961        24.891738509725393     
  -37.994762708315108       -20.912863476710925        23.990368668514961     
  -44.709514862764834       -25.853459596850008        25.447168406386297     
  -48.846919389537746       -33.309671241352206        28.252753780288600     
  -50.012317311148678       -44.010867270594147        29.829124282240912     
  -55.785598645258943       -53.795841742074373        27.225822035147502     
  -64.413161203629514       -57.424516671777077        24.812066244313542     
  -70.500118294546184       -59.031754647659774        19.120801877136110     
  -81.059048763424158       -54.202885387683402        12.119212913891431     
  -88.115106386019633       -50.795918201375585        6.5442193482444111     
  -91.402097943773839       -46.730255243904217       -2.6189836190142586     
  -101.29392414849488       -46.366219692649899       -4.5384868043959798     
  -107.74470595573493       -43.204565127436553       -6.9023393324874203     
  -114.79097838634911       -42.016336122666033       -12.568334290998493     
  -121.97372992074767       -45.443500496568177       -21.120963052338244     
  -127.92153581388420       -46.247020510364379       -31.037034339344775     
  -130.21821560852101       -50.029233321142712       -41.225273122651743     
  -134.15596813786456       -58.377687364361158       -47.708042423745525     
  -140.90159791715843       -61.578520365470538       -47.025597697951270     
  -148.43015963505906       -63.136265482669486       -50.702697005776983     
  -157.36189495568328       -64.637375997118610       -53.980121095448979     
  -167.89121904094776       -65.671027425716488       -50.791724769071720     
  -177.95854101510648       -66.534990155165687       -43.832060886586831     
  -185.61789146854318       -70.164259520835046       -40.787946311507149     
  -193.98125320035771       -73.899469341367961       -39.503679853880200     
  -199.51202533248940       -78.063869836543134       -34.197654500415076     
  -202.16460939524234       -85.138911832184533       -26.553711413966752     
  -205.50677812115850       -91.876068601218023       -17.587653191758907     
  -210.31221220117038       -96.204306560960603       -12.982926243146624     
  -212.43829773728351       -96.875882988147183       -5.6571749020208060     
  -215.00033608175949       -98.123328579243363        3.3992906935543274     
  -217.85469980712674       -95.170053669774092        12.440583499127449     
  -222.30050000044838       -89.000315000659640        19.425049081601493     
  -224.60939983845060       -87.673091861752098        28.919516718911886     
  -223.74133457610239       -83.750444594542827        36.437821524386713     
  -216.14610209303405       -78.974800076551759        38.010926349643732     
  -209.21269576114565       -74.458481465128088        34.270145291009015     
  -205.78712925712642       -65.051578112152569        31.696469819683273     
  -206.61307274292207       -56.664456274539702        29.272414615446479     
  -206.94686887516960       -46.961863996014159        35.111978709659255     
  -207.56585254014146       -37.611877361584305        31.931014309803452     
  -201.89223310103799       -30.889623915477927        28.618251964637103     
  -197.28821240080640       -21.828903843742367        24.957308549571962     
  -196.00211643839162       -14.415730912258304        29.123426218285196     
  -192.22224800072394       -6.1527043170329065        35.304837173380420     
  -191.11885836334284        2.5097288972734049        36.655199800070562     
  -192.18656415502394        12.018175304938168        40.812125205346895     
  -194.52579189086356        21.242060774912218        42.433864658637916     
  -197.59237702795048        26.586990767297237        47.996461578354371     
  -196.04123013202252        35.234956699815086        55.627707588803929     
  -199.04222858488615        39.190090815221751        65.031167317142859     
  -197.22265725823672        42.066516832656490        76.321108732679050     
  -197.54110460220033        39.125495213961599        84.915530838974618     
  -196.14810620498338        30.145378730533054        87.821589809675885     
  -198.39974730325369        23.603240005695739        92.738190159891531     
  -198.11857010687780        16.251906944723075        100.86863638218551     
  -194.50107367095671        14.720648974515541        108.36847808060875     
  -191.80271890000995        12.066061484209769        117.64706339775987     
  -186.80191200771776        11.225512038157660        125.97791484390467     
  -182.73689039875626        12.801858868768022        134.79111366596294     
  -178.88728914237919        13.427380173698168        146.17245006075248     
  -181.01238757892065        15.662668282618384        154.67843455031093     
  -186.34649843472448        13.911871090313724        161.90215641441478     
  -193.60318435674824        9.3633043942683116        165.91841740511316     
  -203.29102815012686        6.1817817516853637        163.14611692126243     
  -211.90057635148895       0.62617482132172597        159.80949822015833     
  -217.49502250167450       -6.8425204184912474        157.62737936277787     
  -220.99512086712514       -11.994356681484248        151.56292216090168     
  -224.78042772312148       -17.781300954567214        143.62578127466026     
  -228.33755337198323       -24.158920101452573        136.95705833250884     
  -234.76039082046566       -30.133777749533863        135.96076529870581     
  -240.62140896342601       -33.843143333617377        128.02537862497013     
  -242.69626657962050       -34.217728274238894        122.00383917560583     
  -247.42356202270230       -35.418111669355994        113.08190409508151     
  -252.48708293679408       -39.289835332279942        108.03522553368504     
  -255.89090649979428       -46.666363534874904        108.99646575176649     
  -263.69327181192108       -53.157225894478785        112.70398961803264     
  -271.47110868771546       -52.294040338881985        116.72016732080411     
  -277.90485777387966       -51.018962091794862        121.89758710127697     
  -283.38635665799404       -53.078925543760491        129.17333594932563     
  -286.12929089344675       -55.631501447054902        132.89345508176200     
  -293.63264205162977       -60.523934460240049        136.99951932635651     
  -300.79466445257958       -67.206154585060077        142.77786783755693     
  -306.26031536419521       -75.044304655669478        147.04641486127855     
  -311.31313043104285       -81.386061364794216        152.26622148614211     
  -315.83460429154286       -90.434413099859214        157.03664488489846     
  -321.83659176845634       -96.472856844408710        159.97526531602014     
  -325.63531298834232       -97.970490510112541        171.00803627011425     
  -326.22715937413182       -97.049692649618635        180.73251284444746     
  -325.42779793453690       -92.157604631314754        186.95964041768411     
  -326.71320614138801       -94.015168755977612        193.39119680185473     
  -325.88781583315068       -92.349792270890873        201.85576255034672     
  -334.31288579082536       -90.946287792669679        209.61438534338907     
  -331.47614710962750       -83.431260381519905        216.34908687273267     
  -332.18899753458055       -76.096839691009095        219.78297076979126     
  -331.12454558702547       -68.017528163998861        222.60554448470339     
  -331.99241287418670       -58.887726768344137        226.64170843159022     
  -332.74916231491864       -53.002795890852681        232.29892210972187     
  -335.06376286893055       -44.532021885276862        238.81686095512873     
  -340.91768899333744       -39.367929854736687        238.22033380218750     
  -348.39813854760894       -36.530012269855852        240.41814260281296     
  -358.12273295317914       -29.840735916341508        244.29788835380441     
  -360.06910545551244       -23.754598217063133        251.13677203021138     
  -362.61032667116160       -21.888048464796114        259.02585065304385     
  -368.09159007635765       -28.372603607769364        262.71566615910598     
  -372.98501799599433       -34.059143946941120        267.47385425580643     
  -384.30311500473101       -36.509686826456416        270.29123622955512     
  -384.45536591679331       -32.916007731845625        279.28146717029284     
  -376.25865041418308       -28.250124866662986        284.47405077784225     
  -366.14804512641888       -30.713049933454840        282.40244593763680     
  -360.25677599562869       -25.016906939124681        274.80739281458341     
  -357.50687871738614       -16.854562959020441        271.08575141257927     
  -353.85956268368591       -11.772817366958066        265.50602633808273     
  -352.60407035736591       -3.8105980175312624        261.96825133198223     
  -348.33255678121566        4.7067913496827742        258.06300443523344     
  -348.93134034717326        12.521998682688093        256.99935540284497     
  -348.62695966478918        20.305568498277111        254.69349491379779     
  -350.14013946713158        28.853579741121806        250.96595317236864     
  -352.73917632295786        34.341308298067773        242.57416356398136     
  -354.57533541914040        40.425870759238165        234.13643828709456     
  -350.96105301297996        38.689471051281316        226.37792757017093     
  -345.92568552270205        31.677769933737892        219.69184229037268     
  -340.65902661100392        24.570049231600379        216.52637900965880     
  -336.37020456336995        19.125199827662637        212.43318994713198     
  -327.88815345678660        16.357296771294141        209.22213009741114     
  -318.71539806609019        11.916841454807237        205.53998371486128     
  -311.85354860632322        6.5094993015684510        204.75225150952232     
  -307.73608319718375       -2.3044954805227631        209.90551051202729     
  -300.26401567385057       -10.588415285269324        211.25101137588007     
  -293.00025626449855       -13.370421460130917        216.44914439438051     
  -284.60164209723416       -14.531832736710616        220.11844694958339     
  -275.99146791165185       -14.379434359509279        217.10073400602741     
  -271.66980509484381       -13.389120966263992        211.19705301259191     
  -266.75964052540007       -16.620162892573564        201.91356778241274     
  -261.27311929059135       -17.166295473458153        196.45305464133227     
  -255.65242657845602       -18.838691088920729        188.73180344906206     
  -247.15347143246592       -21.794877075082699        184.91842321514252     
  -240.77188093813558       -27.109226962214056        183.01637867860529     
  -239.49293077786035       -38.108438711507830        186.78987386902671     
  -236.78474083751289       -45.157862446838976        193.01473763127461     
  -234.38397975834377       -54.121722118644442        198.67077712108861     
  -232.37564203637737       -61.832459408544281        203.43318237974268     
  -230.45760777136397       -70.779318882602524        210.20647967235757     
  -236.37220240584548       -74.641452616073295        212.52175692525441     
  -243.84948121907615       -77.335734316828038        212.20865362160549     
  -251.40325284313309       -76.665185227465372        213.89949853514864     
  -259.94929042338975       -73.868712184775660        211.26188569107831     
  -266.24381172589761       -70.998643455312163        207.21665619116115     
  -273.91766444531112       -68.826598466661054        199.82956988795294     
  -279.66920426865875       -69.350481209892607        194.65638062345329     
  -288.08969005673089       -74.872591087625480        189.44655963131621     
  -296.47342114345724       -76.558415838861620        192.63844580645150     
  -304.33869383249987       -78.026946145110344        196.95887946208200     
  -313.29338422743314       -80.328380369895996        199.79148593914940     
  -319.58394384542294       -80.789309971177616        208.04468574459605     
  -325.63619635814848       -81.743506760678656        215.76598503132112     
  -321.43722476300667       -81.455090351393295        222.53024274740559     
  -313.74470974395740       -80.871319217561762        226.59850911853465     
  -304.20829737957177       -81.578859214106316        227.87808089356957     
  -297.21479828362220       -84.390187529524809        232.96764354772975     
  -291.85386086084077       -81.791283256869349        240.88948680863433     
  -286.33538554293665       -77.383928346205082        243.27912268365702     
  -279.54583864462285       -74.980820991276090        249.40431481214767     
  -272.36472220489856       -74.489757528718670        252.47105456328978     
  -265.70513991509074       -72.124905593720328        258.20418582771924     
  -261.18645746414234       -65.395286417151155        262.39412310313179     
  -258.22540496022117       -59.496030450639168        269.46430861227469     
  -260.33568932102054       -51.051870341585115        273.25857497692209     
  -257.38075329106994       -43.365439567759537        276.30538912343661     
  -252.46234301324242       -35.819368064130167        282.29155149184845     
  -248.42099471338568       -27.068107299998331        282.79280938878208     
  -249.57691544879168       -17.977070810633570        279.45668280710976     
  -242.24633219271561       -14.556919484612372        270.68249827669405     
  -236.90671447631519       -11.882517389463800        262.68402459159751     
  -228.03821673793686       -4.9657219157542727        261.49800100907078     
  -221.55813909099027        2.3120750496643154        257.10194554637388     
  -214.74692964400899        4.2429249446415298        250.39622214700086     
  -208.93154344166572        3.9927639348722295        241.13255713697242     
  -203.82258411724828       -1.0387687474177909        233.82933511472129     
  -193.83716033094368       -3.1067513491923648        230.10835868498722     
  -185.49256565449735       -3.2792130104288475        232.15078915022048     
  -178.08501087815159       -3.8004438044269762        239.13647175694524     
  -170.41507086404664       -3.5785984608646260        241.11455627544814     
  -164.27413321123447        1.5086858816947597        233.70103195090439     
  -163.78017217047480        8.9798782968813384        229.76278278123132     
  -168.68436833200730        14.384227562067409        223.59089190492764     
  -176.47294035177944        18.270660128629402        224.22851401600280     
