   4.9651486683212482        3.4596970374809359        3.2503479885122033     
  -1.3365335558795941       0.81364817347625262        7.9795376321462754     
  -8.6633106842589847        1.4047203497489420        13.929311411358299     
  -16.934920601744707        2.1266485971470388        19.121725829211869     
  -21.906419483013146        4.0383425014875343        24.648576350875942     
  -27.621720279558502        3.2869115926552581        31.914195243105496     
  -30.202211048830971        11.595687235324931        37.471796469808965     
  -33.084325042859874        20.521554201630465        39.284747137236309     
  -38.591131217558313        27.558137342740082        37.398032525385361     
  -42.550123351286075        36.158950910610884        35.016514345015821     
  -49.198463239341564        40.913273836527736        30.972680521109510     
  -55.504837721050606        45.723383948508854        27.476485891648281     
  -63.534507389640332        49.466056402240355        23.787970940511968     
  -66.201932750165639        56.249223028668979        20.432500316386268     
  -70.811282824140136        62.719072043226902        17.288903599689206     
  -77.125476537050190        67.236409889048844        13.610662371678359     
  -79.150579155279729        66.257333138029480        6.8815880883585123     
  -75.903692282337303        65.986944145619816       -3.2990346296556936     
  -74.801788453078885        69.968727375305775       -11.715220697237896     
  -79.352064329243930        78.218400518785614       -15.946810753608816     
  -83.790489647959859        84.145471712473437       -17.922130779859572     
  -93.063037744531087        88.755343209154944       -17.384358230017938     
  -101.57916056735792        91.651540567245902       -16.848661272593858     
  -105.15511134660542        99.294659630610511       -13.831825081906345     
  -109.62199761149870        102.71194160350299       -22.188364489867581     
  -115.99585800237372        107.21033957666741       -27.992552288179240     
  -118.88657369951612        114.49952423879124       -32.648397208688323     
  -119.77325935417124        122.72397362253524       -41.665192036991414     
  -125.93531741177499        130.20835072630246       -44.242427734199339     
  -130.64183417918372        138.67717323313605       -47.685156976601547     
  -132.97540860096095        146.81764371344104       -55.767896371576228     
  -133.15450850852008        147.93708366447532       -63.788835811029458     
  -133.70026757803481        147.05132369154367       -71.735310992862253     
  -130.78687973263055        146.54976239128172       -82.233833384924083     
  -134.47756550859776        140.10597050773450       -91.755211088693216     
  -138.25349381354766        132.27856835573672       -99.193525101172668     
  -139.75144493989174        125.33333202246129       -109.05681416326598     
  -137.38417648895918        118.48720706738490       -115.59013281529582     
  -132.85685471034719        111.33629689657178       -121.80024961297102     
  -129.90558264043250        102.27064194660488       -125.03008543586907     
  -125.74309922187329        90.608741948670968       -129.25217769352537     
  -124.01383996068039        83.827412587259516       -135.03377027857323     
  -120.96224323878994        75.801231392620053       -138.21950522005613     
  -122.22044839152844        68.626486635826552       -142.48401690662843     
  -128.54937173131128        63.653166035096859       -146.21461813157839     
  -134.57638571261270        57.832721297010991       -153.91318720349983     
  -137.24248324621419        50.657593726831180       -157.93584337126595     
  -142.71234662183022        43.615025115043380       -160.10740981035764     
  -151.64072233749354        42.641140260087525       -159.62256327037773     
  -159.07222651622274        43.304995543711698       -154.09653685016889     
  -165.98813702526954        47.749415587222984       -151.13945941826449     
  -175.14711499013166        52.233868902099687       -148.64235156265488     
  -184.26737212807006        54.710235159413344       -151.10713231835132     
  -190.47984480074913        61.838991240982963       -152.20757192241962     
  -192.62412182283893        70.113044790130417       -148.66374524252456     
  -194.88051929012079        79.509751659707661       -147.33654079451776     
  -196.78282039310758        85.673495023488840       -141.75465272431012     
  -202.52380027455317        91.390116218280212       -134.10187053482889     
  -207.48216866866832        100.61304365944338       -128.69867462224005     
  -214.64561987249562        109.05716600877568       -122.49410481672606     
  -220.36971029550031        113.02903319208838       -118.33639700328229     
  -227.94156338543161        113.94982581191974       -113.85769603032873     
  -238.60643280021628        113.13403744404974       -108.86402607742690     
  -247.26621459828394        110.84363839490116       -112.24749410171495     
  -255.76085531623980        101.90384688798309       -117.00193559105469     
  -259.64232429893377        93.755149261591242       -121.39178890137430     
  -256.02515325458887        87.170146997996255       -122.40763732049658     
  -253.33177767666353        79.871495781977714       -128.68102386860335     
  -250.43229642421647        71.948319482280738       -131.93443947863062     
  -248.69013520451665        62.389624926297984       -134.55340666123936     
  -247.07453187321713        52.115801337128516       -139.10095606809313     
  -243.59781027066234        44.009036218438240       -141.76592474946182     
  -243.11023441635953        32.555780142162973       -142.67703600001767     
  -242.83360635650342        21.313504287071055       -140.86650850359706     
  -249.10811627345777        14.028666573722688       -141.93284470319981     
  -256.56586732828760        8.7803822236257361       -147.61097958342356     
  -258.68264211692372        7.2375066722976271       -157.34982768838790     
  -253.84262322872092        10.484803976375730       -165.35933084984833     
  -248.67929983676981        14.055595855214932       -174.34872815269449     
  -240.48496997839567        16.237374657357293       -179.55299516056357     
  -234.48900128746013        17.982838008662782       -186.24361037386905     
  -231.16780926637992        21.361990956226180       -192.84035319301694     
  -231.98282661408089        22.533411004612276       -202.16109797725409     
  -235.34288663143607        24.466275074076464       -209.99294443955813     
  -235.66675646504302        31.132348571577438       -218.43410685606057     
  -234.04782282405696        33.835783982636485       -226.11948466664671     
  -229.95011347522069        34.199217057413620       -233.20763338516019     
  -229.01325250769489        33.292395719574898       -242.16835275922557     
  -237.56238109108656        32.901923189705599       -247.46968664947809     
  -246.89347880753863        35.165662015137229       -251.81860390632210     
  -251.95386633270968        41.897117655640159       -253.33387923091868     
  -257.84174886788929        48.878420847860980       -254.10658427500596     
  -267.14238112327155        53.554659180965132       -253.67284585924926     
  -275.18369309328244        54.579503968038026       -254.64638800524722     
  -284.62741964300261        59.302977053656747       -255.04502094744413     
  -290.17285398696578        67.193097350119615       -250.97021689453300     
  -295.58579063335623        75.302405615255424       -247.40854354354195     
  -303.36357036634001        77.111324243327914       -249.27696810301603     
  -312.71776691551383        76.774150673831713       -251.94176765244879     
  -320.96245054052406        80.012870160180114       -253.50827467809620     
  -329.89594219866643        79.363215380642444       -251.39332743488325     
  -338.25887938228243        72.300383213955001       -249.82650026549510     
  -347.32606745610713        71.485769694925779       -250.44834972975121     
  -353.70898848793348        75.808214935031287       -256.51104713272719     
  -360.80319664390152        78.417663780396808       -253.35844384854255     
  -367.37938067008650        85.223799583705642       -248.81996997980679     
  -366.16774999360820        91.034028731970722       -239.93996086261257     
  -366.71653951784771        97.396424047325141       -235.52446662155933     
  -366.89140240782473        104.67995220255767       -229.67459803513395     
  -364.64222491740020        109.22679968551593       -221.49831083192578     
  -365.82997700238388        111.00146207408112       -210.92901579062925     
  -360.77070472085580        114.17434357253657       -200.27862702282908     
  -357.41358717487407        117.28578755172035       -192.76807683305668     
  -352.88013997655656        120.26043781292711       -188.04581026672088     
  -347.95965147709114        126.74491441180660       -180.66291677407963     
  -347.88293792416522        134.93782663075638       -175.44134984690595     
  -346.05432791726190        144.04672238035388       -173.63846685927905     
  -347.16286901825259        152.42873807855332       -178.37173126486840     
  -345.56648030919808        159.95243313108301       -184.04433598501481     
  -344.74976604515825        169.79960851724815       -188.15741477758223     
  -348.96768909656828        179.55309492188559       -185.28910359073086     
  -354.08925353536677        185.62265293435593       -176.78975900360950     
  -355.01224276050675        188.52695592906255       -166.94586937972826     
  -350.50080393910554        187.13561738331029       -156.81922009493871     
  -341.65517921445922        188.40768778141000       -151.37881672226746     
  -333.72202784499632        191.76641833126513       -145.87440356883099     
  -328.47155258241548        195.86687251134873       -141.36407971379475     
  -321.69696438156200        198.06401206247966       -135.25564895165087     
  -318.55966669950050        200.18923709659489       -128.40832784569420     
  -316.72908144122346        200.30271724252322       -120.31244406530152     
  -319.05988090767079        196.39097147106941       -113.15299364228628     
  -323.65070254944533        203.34013290919728       -104.57561288162401     
  -328.90890904537628        208.66638118024545       -98.238977705726768     
  -336.71242716185230        207.90518202726298       -97.396186358548562     
  -345.64160001183177        206.87401892180173       -100.92728137631195     
  -353.66002764873178        204.19977843480399       -107.21022038212215     
  -360.86068695860359        200.71423409172399       -108.72814327349823     
  -366.93637924116058        195.37850308174723       -114.13980809475277     
  -375.28812953926729        190.93659017725753       -118.74798201694051     
  -380.76236823374938        185.87771165676460       -124.28181245229416     
  -383.43032843036974        183.61531600448296       -134.93114964205631     
  -386.39641984749051        178.63226760185592       -144.03849462233239     
  -393.19394496371530        174.87207896718922       -147.58537859723970     
  -400.99658886795100        172.11005808931804       -147.96095610739110     
  -401.95299805581885        164.90593275743419       -143.94459362323204     
  -402.42210157680654        158.48609953614368       -145.92824740459992     
  -403.02203664592173        149.36398468494181       -147.91960493849126     
  -402.74353145183267        141.71099623638281       -150.47405961348852     
  -402.53479179856600        131.38500533815377       -151.36295471884603     
  -402.77236287788662        121.29416601018548       -145.88396320879377     
  -402.32027619782855        112.75401863734878       -148.30782175871116     
  -405.19092073797088        100.88054590874692       -150.24390227106937     
  -408.74939933371598        92.910175484010409       -151.66433813106124     
  -412.96109279845558        85.549085290807682       -155.35462630684879     
  -417.18840631878442        77.942013947143110       -160.88284251432083     
  -416.04443879573205        74.860735051781120       -170.89587643771699     
  -416.72651918214467        78.259714934210734       -178.89169644991642     
  -411.82163803511310        83.123978779444286       -186.26908547171388     
  -406.26516201325813        82.584345480798717       -193.40175681926416     
  -400.34238114748052        81.638835697624927       -199.94862551119326     
  -399.51017374216656        80.812348147916254       -208.40036258020490     
  -402.61468423410713        80.782116301659983       -219.87181580943877     
  -407.48111858887808        78.481201094873654       -225.94435974126810     
  -415.02260796204644        76.971863696916088       -232.72552510983178     
  -423.42932574786744        73.163126404956131       -237.79039576323947     
  -426.27262581501805        64.477325535238464       -241.74600748253386     
  -424.57110427112110        56.329813114996711       -242.11843433182855     
  -428.68792468161712        51.711278274573147       -235.86955829235399     
  -430.52583553879492        49.844944183647385       -226.21125306551949     
  -435.62150177359979        54.847567297324559       -222.67887758469658     
  -443.75786971545386        52.985162522485354       -222.38631616276831     
  -452.17362125064676        51.205564416732301       -223.42701848305137     
  -460.71601555263578        55.086105053198025       -224.92347398058655     
  -467.05461641899967        64.434502964894477       -227.55571247168689     
  -470.94327766928399        70.899712123735213       -228.09391194594571     
  -475.19413887407944        80.464780472630466       -231.61840369521713     
  -475.62418639821823        83.332002518189398       -236.62040952993084     
  -479.32078789525838        85.692497193139417       -243.02776750353746     
  -485.47735657470133        87.245096475002327       -250.26054256019177     
  -492.91252886358643        86.036235334960423       -256.56552533461127     
  -502.10780613339313        83.799604207842009       -261.50083662641237     
  -508.34121890403554        81.964427605346060       -269.60933207016842     
  -515.16599713807727        80.714454105467070       -275.79011664690319     
  -520.80744405846144        78.383992405036167       -281.79531866084216     
  -527.02040648472075        72.515434248719998       -284.28473844120515     
  -530.71793490701748        62.887410637849058       -289.43791514545967     
  -534.06407087023013        52.899847648409803       -290.23474735385128     
  -537.75881091599638        43.107927919882229       -292.06362521455628     
  -543.01066100421917        35.094995272710179       -289.17240434741012     
  -548.57796095510355        28.934706154171408       -283.94427388448986     
  -556.64059349502827        23.175549638974502       -278.05965908140240     
  -563.84323765822057        18.511291789815061       -276.72170172534641     
  -570.96412242732811        11.783931467242184       -276.12866195530898     
  -574.25842058936257        2.9562694165171592       -279.26125805092187     
  -580.81080303397562       -4.6301580996636744       -280.41570144349299     
  -589.51571374805303       -8.2749002380652712       -280.24065459991334     
  -595.52524497146669       -10.770455934676875       -272.70794932306410     
  -597.60737903819836       -18.285074189839065       -267.70449802291660     
  -594.73807025568374       -22.352731337988558       -258.64973134997717     
  -597.08277188304396       -19.452969349745644       -250.01332742760570     
