   2.7789502055124444        8.5728412741116813        1.0802041491295853     
   8.7090893859885341        14.361760577333037       -3.3774565071906011     
   15.674243320106882        15.804455686448257       -9.5058541288747165     
   23.399765968583267        16.103092519535721       -17.668402093708920     
   27.075382499008299        14.549558226203558       -26.031269220221333     
   36.084902360885167        14.587226959241626       -27.775204394026773     
   41.018938936558925        10.577590901901885       -34.198473116392364     
   45.538678352518332        8.1062905657133939       -41.315177829828542     
   50.832538312111751        8.0399964761849816       -50.928423823336232     
   53.025846343187482        8.2125879441696767       -62.124311336901172     
   54.110717083412510        11.353763157696484       -70.811594882111820     
   56.464039819953200        17.303899877061994       -78.876778012451382     
   61.807611089563409        19.512528321703996       -85.604116314407378     
   62.377156117697325        20.502600750545454       -93.341519187068030     
   64.780496339770082        21.472721677961985       -101.56222309928216     
   67.165490933043372        24.962750568088104       -107.51687425584072     
   71.405543296143378        31.474768341966367       -107.60446724081524     
   79.853569618842016        38.162873650046194       -103.16642361348940     
   86.100456676971589        44.123416285314519       -105.66966622877356     
   90.790055663484907        51.639944255764959       -109.81204966974377     
   89.792245850482004        56.000487984187089       -116.37002973075087     
   89.194713263911979        58.410600555031436       -126.53502223799748     
   88.092504588318207        59.006958124340144       -136.76724591131705     
   85.469513496189734        63.038555618836952       -144.25905389642719     
   90.457369823208353        68.380035999731518       -150.98394870450076     
   93.126485726074634        74.421418674864128       -157.73553599676291     
   89.954720362005958        81.506618679863706       -165.00368977353872     
   90.400780019832894        92.703219186499922       -168.87586614931962     
   87.520211559804409        100.69571505891886       -174.64825525656971     
   87.389476733854508        109.84932723174529       -176.07730335034933     
   86.102151454513432        118.51378713519806       -181.61937904718349     
   89.636856121450535        124.61644294761875       -183.86794124297688     
   94.906312455659076        128.59960022685419       -185.43897810541125     
   103.97901274671767        135.68151341023014       -183.28521379948262     
   109.42371127124261        143.81111916896091       -189.31790549070774     
   116.05253186688248        148.18269612878132       -193.11934883369901     
   124.05473279102063        155.11317321389538       -194.92694985121977     
   131.27413254511941        160.66059786975075       -191.95472806007916     
   134.37077492742407        166.37610751761497       -183.37546494561735     
   135.85666337714423        172.84654468247692       -178.46565775464973     
   142.29080636007023        183.03943755978099       -175.25644952598105     
   144.65698633716477        192.69798822698269       -173.03947548190894     
   145.90594988733085        201.02852890409261       -167.79163994960288     
   143.76380545836287        207.26023287583357       -164.77704644605376     
   136.47027767775137        213.85711475389260       -165.31975429911978     
   127.08220072833058        217.44253866109423       -160.29663259615768     
   120.94029209134078        222.30188377474548       -156.77519195135903     
   112.92771319867876        225.76467307736047       -155.12794731621270     
   105.04634994735380        223.06780392214347       -157.99631668864083     
   98.159136383973191        221.92794158018177       -161.34892802231258     
   93.746382261308895        217.65956780107143       -165.29861479534486     
   87.980462038002031        210.72127067020372       -169.93234454177951     
   82.306436102256157        203.33384689283744       -168.05984515708377     
   79.290920385945412        195.51929497900923       -166.63266710406396     
   75.121502024908978        188.92607278568417       -167.48548764926733     
   67.925937994967512        183.08574914577844       -169.41447088686743     
   64.949298288131217        176.53567766021257       -174.63301848684978     
   64.243478156086042        168.40869176327408       -182.29589648731252     
   67.569152165017158        158.59647058648949       -188.86061138079856     
   70.111775245105605        150.91142490434763       -195.97901497913739     
   74.477412096470005        148.39492116764404       -203.79464431791524     
   80.231015365888652        149.18491049493269       -210.69806531696935     
   87.963253136550065        150.20321492427598       -217.09294149184950     
   85.100250716472203        152.82020223371472       -223.72526751449101     
   81.293275618723385        159.90941873746539       -231.63810640629362     
   77.048234184879675        165.88545570520498       -236.62028805778749     
   76.914029449783811        173.60866194349558       -237.51106112379949     
   74.778170160321849        182.70116500441620       -237.60575818013035     
   77.001982298908047        190.07440589863819       -235.16957901572061     
   82.314923416934448        194.20283915396612       -231.06978830669937     
   90.865902839246644        197.84373733562796       -223.36851552416891     
   97.156071286198198        198.95530165944967       -217.45365221936623     
   108.03720698674732        198.78396414685926       -214.47825328264059     
   116.78148526150784        204.89879353609606       -212.33128585356820     
   126.00258927906845        203.63499867317103       -213.90285949489487     
   131.93856855105633        208.04106420802259       -218.05621700500842     
   133.85577888048755        216.39818786656417       -218.99348173228907     
   131.08477570553646        226.28660896144612       -221.71377659760753     
   131.38852207169407        238.31437131069555       -224.99210103974980     
   127.40576483855136        246.63800669209510       -223.60231169720396     
   124.25512439727208        255.00696897563921       -224.28223835501427     
   118.10691295685365        261.93691508128211       -226.04576516434668     
   115.41688691037263        270.81061459177425       -229.20489114020546     
   119.36835805166010        278.72636843365331       -234.33393544831415     
   122.35753797681571        288.71008748234783       -239.94076966486898     
   124.55306056607247        296.04464281678452       -241.04947552520326     
   125.08077127642235        305.03187092724238       -242.44140232123408     
   127.41200952506472        314.75565505737501       -240.59026972753804     
   136.59718995425607        314.51988872739781       -241.22106135165888     
   145.38491999473962        312.02551648031442       -244.45271894060818     
   151.13020969047176        306.83934701342525       -248.04589677191586     
   153.64127589653145        298.42650981476743       -254.42104476194089     
   151.04371087412727        292.55692034821459       -260.50262854669853     
   147.49867971349749        287.82858151184155       -264.23154441815882     
   145.56475067945286        279.35468887269911       -269.10527572717393     
   148.72252262025040        271.24557024002610       -272.72922399976682     
   151.30256632182869        261.81213828821126       -276.38220591726321     
   147.33875428383482        255.51783303820301       -278.21682161565542     
   138.00922070617133        250.64039010496273       -276.84699253677707     
   133.36489619559825        245.35657907859010       -277.97147491181892     
   125.18428527771664        241.77933779041624       -278.25692205113938     
   115.12613412300874        240.84136008654923       -275.79596501926005     
   108.57644310332006        236.28986557569809       -271.09121457633643     
   100.95331765017681        231.29865025207434       -268.42851654278064     
   92.970920465647794        226.21895494908756       -268.71976174425708     
   85.403609252529520        222.10357074174800       -271.75070737481667     
   80.787054657688373        217.62412003136188       -281.24523312627059     
   80.317842608656179        214.09397686328586       -288.85765597191687     
   78.740462733833340        205.13451164326861       -295.00581842765047     
   81.077972728366035        201.26254182082647       -300.82809420587517     
   88.663326862542306        197.11797924594222       -307.54585820229903     
   94.842772225610929        196.24637273156367       -316.04236132328134     
   95.918405407388946        195.09071333372705       -323.11344692382903     
   97.866185151478248        190.60284276137634       -328.71897348443679     
   102.60385042236993        184.61174470386752       -337.97836507630234     
   99.094672010008651        176.32819209487150       -339.09765095212776     
   90.784789811275289        167.63393341047328       -336.79504957540041     
   87.795372158080681        159.62010215511384       -336.00780616318650     
   84.233258797768144        150.87752554930492       -335.96265239099796     
   78.900928663949912        143.11208804926272       -339.30933983438553     
   76.554792869126970        137.40438550517646       -347.87667089459961     
   78.917150851475810        130.59326643917402       -355.98699397835679     
   80.155380368906719        123.45624871709201       -364.46915779533924     
   78.861416714456254        114.49339707141274       -369.84294989087044     
   79.988484082528828        108.94470032468189       -377.54494993907917     
   77.313116868461350        101.57943997078223       -381.94783613335704     
   79.218786190037804        94.788847520777438       -388.97534648098969     
   81.486450903606453        90.280966991089983       -396.40224467452452     
   85.071434167884433        92.210331910593908       -404.80845046432916     
   86.616419672143536        97.753694847847584       -412.75335862028169     
   80.126193934123933        101.61564856772638       -418.93071867943399     
   74.255315980777823        92.394635671738357       -424.09798331635852     
   70.113928258881458        84.078963589593940       -427.12621536741278     
   63.286785974500560        79.747303311939220       -420.63160764512759     
   56.433970972283646        80.841703059354103       -415.56014853843385     
   50.459399816243149        88.029673764972870       -411.34430117770421     
   45.407528511377791        91.646054371685182       -405.30876548134825     
   40.062028267135190        95.433533490370053       -399.08719402951590     
   35.049262106926165        98.857888719601760       -392.15099759141776     
   27.430915297550371        104.44287426068402       -388.09759811727082     
   26.473274126169201        114.65063122449817       -388.58566934799984     
   21.954975970937426        125.75004115896422       -390.90143017485354     
   18.198390503490259        129.87706092337604       -399.63300478185533     
   21.560834565374932        132.19336402259844       -406.19661654963613     
   28.650140052865822        135.79195522916939       -403.71929354727519     
   32.066513020567470        144.62026395628266       -399.51041845223557     
   36.908737077059470        151.98241027447631       -396.74554668901180     
   44.169926491211527        156.26366701586488       -393.34809989422638     
   53.859624826686968        160.92395182572022       -386.47596010411064     
   63.698766258759633        163.92678395912753       -390.19279953462797     
   66.471281606529203        170.10274880122418       -395.29798597746725     
   68.288983098942026        180.71224697226529       -398.01588652068574     
   71.184987036082759        187.31901799680429       -401.21351392137365     
   75.231556961159868        197.10952296512374       -402.24893296559378     
   73.777847303427279        206.77857481507689       -403.64278990798061     
   68.555650413968579        215.92186909496974       -404.34511987650620     
   63.864278078782490        221.10402657233496       -406.20084810746175     
   55.232215995395450        225.96064026039116       -412.02251901998102     
   51.587513109743327        233.22672695134338       -414.79753836776649     
   45.707089988349935        240.02669559801885       -417.10969308519964     
   37.715348655942250        238.90793568471702       -419.88240963242959     
   35.537599175037144        226.54042911915886       -423.44707175688734     
   40.261514014567751        219.36262153467507       -426.51481573762999     
   49.014714177320229        215.01324505930904       -425.61030004014037     
   59.032300170064104        212.10326676388456       -423.18703873463289     
   65.314162957842655        216.55209499334822       -420.28392093531397     
   70.584483835530023        222.30668690825084       -417.31932409178592     
   69.219232601243448        227.10456792610731       -410.01864351832506     
   66.285035159545259        235.63041147193223       -404.37779450908209     
   59.148911988280702        234.54320504725064       -397.84647267456364     
   56.731413171645841        229.05828239818990       -392.93371080227109     
   52.908538901664258        224.37948981628315       -387.30367946444437     
   49.355369995501803        214.83060284807269       -385.60917340516266     
   47.206689795124646        207.39064401798035       -392.55003685313130     
   45.057394591684158        203.62095490056529       -397.01902647057784     
   43.335321685649376        196.50571830365436       -402.68189909151056     
   40.001996126317920        191.27028734693056       -406.68927377544310     
   36.363579343785034        187.31384010465206       -410.08793452913926     
   28.931154806688426        182.07027734024706       -412.48274280542967     
   23.434064820719527        178.88280687169649       -417.27919626201844     
   19.428788135724574        169.51014282960890       -419.58363379891080     
   24.579917096637644        160.99800513556710       -421.28422190394258     
   30.358773083096253        154.92262851626589       -420.92447315041295     
   35.017058425069592        145.83757186884651       -419.87383714950738     
   41.065998612762598        139.95059198204825       -422.83036508922009     
   42.856443731691513        132.60500973740676       -432.08991406897383     
   44.222701323400486        125.75392638451585       -440.82640730530011     
   44.623446477384391        118.50656586902426       -446.68420372214348     
   46.665903171781679        110.25055347347038       -452.99322185974484     
   48.634218474878480        106.23800930360110       -460.79634728088013     
   52.910822816143536        104.48803929356387       -471.11890248245982     
   60.198155135471666        100.12914788658861       -475.75333812308622     
   70.271598534302882        94.681861811077923       -478.23783091699613     
   73.559606099817984        88.550108655399882       -484.26260430534501     
   76.340779960760358        82.317378754446494       -489.43964327454125     
   78.906802847304618        80.624556277083400       -499.60719296877915     
   79.736162280505425        84.725817831008470       -506.87564406700437     
   82.635058961525488        89.317631543788636       -513.40570711088935     
   83.272503991946962        90.961676679603087       -522.57790003727655     
   77.505012069897930        90.920884426876299       -530.74882609536246     
