  0.88075243991900720        7.5295478451226572       0.90276093162005111     
   1.8547611804339965        8.8347234930803040        11.061650912296493     
  -2.5958131710560792        9.8667534593364579        21.846850649809049     
  -7.0465211906561365        13.695674622434105        33.040025263681997     
  -11.609702819639864        22.127995884379388        37.869068522661287     
  -16.963394430523806        26.751689053627665        43.396449435822674     
  -21.790150840061870        32.247742514595430        52.026443683815707     
  -28.478601639690481        35.425575102591097        57.931029386524955     
  -35.744097259656769        40.991221998943537        58.414731424751992     
  -44.986730601877582        45.364502524532114        59.341973610290417     
  -55.184640272448917        43.846907749029057        58.199673783650866     
  -59.928519200812104        36.070093933765321        54.978840226146204     
  -64.338975868397483        28.339918874886475        49.336350178961567     
  -73.214962588959310        23.379666622082077        46.842340587871981     
  -81.503231697359809        25.291765207821037        50.166526936704457     
  -89.298190326028561        22.891201239875670        51.683768850227736     
  -98.684280020306318        23.680505591062996        49.712932392173499     
  -109.28198802079240        23.843172571369614        50.883767702311232     
  -116.30101718390893        30.267223241778900        50.158879610256278     
  -122.49008581386244        34.202440773244078        46.024726110148613     
  -127.57029998686674        39.368280201524186        42.539064234965544     
  -132.80070985074519        48.336624681441279        40.314910655315011     
  -135.82200490091509        55.136590215868360        46.123586846735115     
  -136.15977295405315        63.145227957340971        52.252529765341897     
  -137.71145729939292        71.062966375403818        54.414236354679367     
  -142.77764388060439        78.441173480642831        55.697214453241855     
  -146.39554585583943        84.012728265791395        62.832156185608916     
  -154.90269537627432        90.058105580020523        67.741794294147610     
  -164.32254168300813        95.935834368914001        68.167869044442853     
  -172.12650503128816        102.25755563400759        70.399268415181552     
  -178.16670173337235        107.44796833814959        71.034774903544388     
  -181.14796357659571        115.73831896446558        65.241548442095308     
  -187.28763551089298        121.17881306720989        62.412817504046217     
  -195.13506576161180        122.54965449517823        66.582153226037548     
  -201.55867845968663        122.90649791333823        71.444635578665441     
  -208.08400627987521        117.59647140857456        76.275767346106505     
  -212.21344444964481        111.74886055533489        81.318949061840470     
  -213.10401239086218        104.97476493517237        90.438464308737494     
  -208.29981878516000        101.55300774249775        98.402814445085767     
  -211.69482554153743        100.89115455403471        107.09035939368106     
  -214.93949938644099        99.688224198841311        114.37971099254671     
  -216.86175269479497        97.852108914808966        123.91083341205672     
  -223.37774861367686        97.450808879116025        130.21387726893249     
  -229.41634761182144        104.34287040713807        130.72696064462565     
  -236.07324401863028        110.21104282154138        130.54974260086698     
  -243.87066717791359        115.00548221135489        126.12025881209129     
  -255.74453241604525        116.09868918480012        122.51376123786447     
  -263.37739179739799        116.40703844938824        118.72705301045318     
  -270.15641060040673        118.49837838200833        112.11873523472121     
  -277.20161437972513        117.05071075631488        107.10293423712341     
  -280.96079602018324        106.32342189857030        104.02838988113010     
  -283.09216237272460        96.914705183156116        100.07874323753936     
  -285.85394024366997        90.419549568986156        97.336001596827359     
  -283.36968667048666        80.597689703395531        99.489130494937399     
  -278.85528823828110        70.227688583480457        104.94343831904023     
  -273.37234988614125        59.636278140630111        110.57590334997147     
  -271.18355144798511        51.071864768363341        112.18307157840873     
  -269.66713993787221        41.239647669725997        110.19310710585800     
  -273.06358261610598        33.190320446300895        108.81897704743727     
  -269.24287462384791        26.698909268984330        104.07456711721437     
  -262.42399044499967        25.928220778277812        97.160141428091251     
  -255.41930552886893        25.497513774235088        87.543115105270971     
  -247.50177152483263        23.685309694275858        83.483280035525070     
  -241.69617852016552        21.700788595082898        80.098718509629037     
  -231.92155306594879        20.995664462284132        72.443992308278752     
  -221.56340013914718        20.939142259644001        69.789054108506704     
  -215.01649274181230        24.604021413556694        64.675437219669959     
  -209.94101465361945        30.860828175665304        63.379359108942637     
  -207.14143440684339        37.241189360020094        57.776662156542500     
  -204.28053895125490        46.132896546822593        49.233699705686831     
  -202.94177421440358        56.854945665423955        47.103376693995955     
  -201.22693314951093        66.825049158214057        48.338476919420060     
  -199.08864573212159        74.281206764852925        47.182159896991074     
  -195.84949049640591        84.078729212818757        46.897768536702621     
  -194.48719064560626        90.237703627180352        51.584100841601277     
  -192.08808135112753        97.345488957791289        54.282888364658696     
  -188.57954302296679        105.70505780776024        51.228964644995628     
  -188.92689827872132        115.08077022593218        47.815088744190014     
  -198.15609758344306        121.15718189773443        46.327354318441074     
  -202.10225824081971        121.68017520399999        39.518854378624752     
  -203.89147616799693        124.77084461963166        32.315286689130680     
  -209.28471649419544        129.95085503829475        26.332386460141507     
  -216.20611937878255        127.01066808398868        21.124905930338453     
  -224.50407019769278        125.37525070530023        16.568881637610890     
  -232.33829594708953        125.82572389423285        10.495869374910544     
  -232.70340040020446        129.05079741588486        2.3747410368873147     
  -230.62228103548591        122.45804406058738       -1.2327951929154182     
  -232.02879949425318        110.90944140305322       -3.2168902389682330     
  -230.09056092105263        104.06851179806165       -7.6745212468940878     
  -225.23947725116261        94.872367092126382       -6.0215965573124279     
  -220.99249152142289        88.841513620752636      -0.45114326924294801     
  -214.07398233624016        84.958580948541140        4.4324633240505591     
  -205.46128541200108        83.806181527079403        4.0966600661924417     
  -199.06767443224814        77.364428826067595        2.4845546734230339     
  -192.58961758126168        77.436930456224843        3.9438614884095955     
  -181.70939205067680        81.678795944880392        7.5795241679190823     
  -172.79580090601769        89.671482702788921        7.1281606452501904     
  -165.73744925252080        94.289486122895454        8.4145058905060530     
  -159.32015710562263        99.537515156592178        8.9793446892141482     
  -156.01001454326325        108.99374895981744        11.652554275188734     
  -158.65836566369143        117.58657651068913        17.407957053395531     
  -162.42824990844517        118.97730213881785        24.531161072453479     
  -168.96908467343712        120.69871369385238        27.385378272771860     
  -175.71565579361797        123.59018806728203        35.662988185530629     
  -180.80339104010062        121.60081900326971        42.455123471566878     
  -182.90979578535737        116.02594854808362        49.828109351660729     
  -182.41794306560985        108.30095647203585        56.398282444081296     
  -184.96492221997346        99.425736756263689        61.399812318949898     
  -190.87638133563377        96.222878302830367        67.851528129259421     
  -199.08786323507542        93.596889346063577        71.071242037111261     
  -208.49028508271383        88.588471439931453        71.574971285865303     
  -212.96874962641820        80.763648310205042        70.509408798925449     
  -210.77047576918625        74.976833325817594        74.837574548179361     
  -211.97701184480167        68.007836007553820        80.204961715287808     
  -210.48141148721055        61.285692108021415        84.205008604931834     
  -207.22459330106597        53.604465410301884        89.748724315394355     
  -200.01303527357999        49.583052928870210        91.590042038039115     
  -193.48827226875429        47.316200096245289        88.502421245931686     
  -185.51184605825890        42.335646517971369        88.768119517922059     
  -183.83701956139316        36.125395585996912        91.574087131673892     
  -180.84971825071921        29.629606930504828        97.259085614702485     
  -176.26015447564012        22.370509289399266        99.049353265600104     
  -170.25321916939671        16.614533049869678        102.57184292805991     
  -165.26298716301991        10.715903477260319        110.33508611790910     
  -159.71067293414194        8.0927392340779392        116.48229465522463     
  -159.95690925122113        13.954218169864873        125.22173526080313     
  -160.64772852842719        19.718917438257641        132.91151053566665     
  -165.34083671969216        23.577273947848418        137.79292066344024     
  -173.80001184710221        25.161909246027044        140.61546215653846     
  -182.60225303851058        23.726942636130048        142.41623730840749     
  -187.46944896107735        28.198141860682540        141.97333091956179     
  -196.21718685406182        31.528041669328040        145.66865576955749     
  -201.57395834094999        36.131186433744922        146.95998835401537     
  -210.16595768536803        41.318453248134247        139.48590371006981     
  -216.49721670780136        47.718005755223288        139.61496083167154     
  -225.80685654210720        48.411566082134748        141.27971649312292     
  -235.69730935841994        47.417701155077282        138.95730187360385     
  -242.78784461453228        49.273466124152385        132.47343616992015     
  -246.62876902631871        49.399112158034931        125.63084663401615     
  -244.17888935590702        50.691364627472872        117.02224532785308     
  -243.03785610133014        54.785706076872401        107.27531691887771     
  -251.14409277309039        60.418446806565065        105.26303187355825     
  -260.44245752239937        67.979566803567565        101.00321538378597     
  -265.30384650420643        71.089938736610762        94.955678658606601     
  -268.83012175290008        67.514390405201169        87.127745062150538     
  -267.15003728054523        62.123611468333067        77.922831553079376     
  -263.11650197218836        55.937032341275035        71.418128997074149     
  -260.88194171355724        47.081100140717268        70.204535440813828     
  -255.01215876920355        41.038963224399076        68.546476135005449     
  -247.36118843502359        35.935810701707744        70.984430287189568     
  -237.90567837617030        35.080903044999559        74.508764488344752     
  -228.99276442956850        29.587555829725545        74.974093814323126     
  -221.57213377019758        30.172526635296450        73.640416806082712     
  -213.30594388350758        34.272733378662011        71.350737428653460     
  -205.39958533092431        37.575732222532970        71.731439472342487     
  -196.41163946000057        36.875210760821815        66.365955522589786     
  -192.53255118205581        42.485594354581309        61.070682557614987     
  -184.55394595563882        40.662379896568197        57.746189860575981     
  -179.18607284422120        31.935298284032488        53.388436410898187     
  -174.44231454377933        24.555279560115107        47.212646956880334     
  -170.00093996724883        19.963778921704407        40.646409770935833     
  -169.28868094561076        20.145420071803393        31.484588285778763     
  -165.26964566616573        26.871451218190590        26.199470754163357     
  -161.28771449924426        31.610939615976594        18.742343375185854     
  -159.56712232123715        37.057198547412696        11.284591081487399     
  -156.16280271533543        45.363694447916664        5.9241418716317966     
  -153.79493782330567        52.543997167033382       0.71405585091986623     
  -152.07582805950688        57.317725404661218       -5.2596101327381035     
  -146.10275675299278        64.410589138766440       -7.7302725017684786     
  -139.56615195799364        72.872106931595880       -1.8388562666971069     
  -137.22077626205885        80.048050460671917       -2.0100497874463308     
  -140.78062728830369        86.434540874317335       -6.5734892444427402     
  -144.88809212571974        91.533261232135402       -10.567844665799447     
  -152.33345339823595        95.552746775064605       -15.434940958100391     
  -156.62660171401131        103.15055418518227       -18.869451885969987     
  -154.65723247379808        112.30442932188836       -19.722365970571346     
  -153.51168289460279        117.80228270413896       -11.560622708680304     
  -157.09275420375292        124.15253871916433       -3.6287351640386882     
  -157.42615378975552        132.57643249651636       0.84238482360582001     
  -160.47067423799405        140.94324092635503        1.3623210900739164     
  -160.97462502414854        149.53002084531758       -4.0314863588413923     
  -161.13617963478819        154.36360726149584       -9.2649670292404824     
  -157.62860122342536        159.50176668704157       -17.335639842289478     
  -157.60800419912391        158.99213147667240       -26.329789113266962     
  -155.88699444607579        152.20361957062656       -32.362456076498582     
  -154.84483942904185        146.77663605847599       -38.345318208298281     
  -157.63387789522477        138.19185224018986       -40.828125065610308     
  -162.19021697541518        130.54138562108298       -41.740379180276435     
  -168.90050918471184        123.58065857508915       -40.253072147315621     
  -175.52282278769482        122.26798207739154       -40.441684843891913     
  -183.02670073921556        116.65123798723168       -35.180765790897063     
  -186.56628826084898        105.83375806046224       -31.064913463508191     
  -187.23502921024001        98.686767897602948       -29.761275293269030     
  -179.13993152124135        90.549507223118169       -29.949636248051668     
  -171.54113270219071        87.604063253661096       -27.879071659412570     
  -163.65579730166903        87.172313780463014       -20.293099287600707     
  -162.45125873303306        89.670567443524291       -12.269254082586233     
  -159.14811196779280        90.765113773611802       -3.8635282967830982     
  -156.43322355788820        90.056746111266577        2.9686257178112747     
  -153.85128629835191        85.655868229277587        12.162147540584499     
