   1.8430050163249518        3.8109356086229198        6.0831010338515625     
   3.9688904913191436E-002   11.376252110995324        12.819797660751874     
  -2.8329290110803811        19.876356196786112        16.741365942748416     
  -4.3917159078048087        29.620906343236797        20.691309783220504     
  -4.7157393473244440        38.019393396388352        20.122742647888458     
  -3.8504419942870527        45.575252514725932        25.592639919668045     
  -1.6749101897422065        53.695561212700582        30.703190770147728     
  -2.2970511850773789        62.355903972303622        34.408007845301825     
  -4.1228492711897502        72.293866848858386        34.467416303167965     
  -10.005771975138316        79.901507993277377        35.051814117884874     
  -18.884661566559743        84.330921161191569        35.787970879346005     
  -27.531050957630100        88.612882848021982        34.726884336177761     
  -34.116645105592795        94.619428723570238        37.410703253538145     
  -35.236016095157254        101.68889720019794        36.863064181989671     
  -37.735794765105233        111.77967864301581        34.487755865278245     
  -43.327867304103826        117.08871293382705        32.325222178357478     
  -48.907399103838067        120.16529366185611        29.797734840363205     
  -57.271568365325138        117.74885677791329        25.958001412533008     
  -65.406422891792417        118.96801533428183        21.796976458603297     
  -73.790316005907869        124.93326479561406        19.338623094444301     
  -79.441045718554832        132.31801716267532        20.332865323811120     
  -84.174085555906970        140.70259730750774        23.915338270839129     
  -86.108057698447311        148.84553172108724        31.204664089721007     
  -87.463205494331078        156.11208592738615        39.103013580304605     
  -89.760695648411740        155.93488344007989        48.092955566843898     
  -92.987933218988971        155.90674065317279        56.866346302372278     
  -94.327391339303631        157.65230833454476        66.192395910230118     
  -96.486106218142808        157.02247435627180        76.407575729542032     
  -93.920962007430461        157.55620569641491        84.147621818105733     
  -92.196174194033716        159.41467839215287        94.071653883255465     
  -91.268273092828508        159.06525331935813        103.68694775826162     
  -95.199488225699113        158.95079218990276        112.44405942251518     
  -98.196749051270274        163.69418920767217        119.64835369323612     
  -97.550229810243692        172.44798600285705        125.11306718196897     
  -100.31544477426279        175.00321990628774        134.21753832064019     
  -103.50556894793399        176.37847084595867        143.53973374140480     
  -108.80216735627779        181.17352119864921        150.42111756751638     
  -113.14701326081587        184.62633623971800        156.29957722374991     
  -115.95187217907718        195.40407271403566        160.02401318577387     
  -118.14152017920561        204.14779298192965        165.42766795207422     
  -123.68989122422629        213.98275212871610        171.40429580971318     
  -124.78264756424839        222.94942943933975        177.48100359092018     
  -124.36444048723523        231.27579445859629        183.10011088401836     
  -124.21132828841077        237.34073588651847        187.94007532394352     
  -123.86101182725753        247.75397971763090        190.76666092104182     
  -127.11778784063634        257.87482305696170        191.26048242047767     
  -131.63087412108030        265.61672362594140        195.04705344239204     
  -130.98170957500827        274.57393595128144        198.11001236319356     
  -123.67119846963939        279.60669528355396        194.77518335050507     
  -118.54164658764481        283.94760719233102        190.77460450428765     
  -110.39705888221503        285.03472948328397        192.43420855169813     
  -102.27495344606857        284.89780790873135        196.08103004746567     
  -92.681195230292673        285.76115496286644        194.62059391225864     
  -83.950684900354702        285.22207998377235        193.59247441569858     
  -72.497221224121958        284.87636664501036        195.07225293486221     
  -64.315778523292039        285.32842468292250        196.82314995103928     
  -54.902289205473394        281.49456228766559        197.59722520733749     
  -47.397544638047194        274.89682775715085        196.46088223923533     
  -40.710455339978012        265.69447836903043        193.49075194479332     
  -35.405025388426672        256.09835116803453        194.62169121350689     
  -32.117784758770874        246.62916786323154        195.20152216827506     
  -33.143474293986571        239.60854741505000        192.44376644794681     
  -32.420434380385949        231.58459722999947        188.24096493022392     
  -35.065927012599872        225.22349578140808        189.14488077151992     
  -42.823023909565123        221.07746888685043        190.42974136866729     
  -52.128806221945908        219.61292229346830        191.65108465285221     
  -58.694953325866493        223.41363950803034        186.57095181269307     
  -66.566011479681634        228.29546216644417        183.29423414108567     
  -74.508310838222201        230.27116290857026        179.09774290475337     
  -79.002162440942811        232.23422043040534        172.31157821661486     
  -88.248835386232543        236.14960128827931        167.70869737065743     
  -94.161165330948592        239.47523997934684        164.49114139664744     
  -95.078605219179437        247.35752398819864        156.49960395110929     
  -99.740943260316300        250.80118615483383        145.93795758651646     
  -97.235918603461073        255.30323742938413        137.90614537972374     
  -92.385583495782313        254.45622051225627        130.03690029889287     
  -90.042247613116643        246.53496987267857        125.40326896911222     
  -88.957987874221729        235.03511919243783        123.71139454902664     
  -85.446713216045978        223.94614106794671        121.01658515838153     
  -86.442840831366254        215.33756490905239        122.65132640456699     
  -87.817802378351359        206.74852054085397        123.86546713196151     
  -89.639213472594946        197.37849251606210        122.97490532349769     
  -96.749690456727791        191.62419088587325        121.78611939734554     
  -97.708608401820186        188.87420867205208        113.51352928942742     
  -99.548908315984363        186.88922370697307        102.55113318147420     
  -102.98173754278793        186.57234282260103        95.080297840111371     
  -110.26829600219349        187.03696249774381        87.306564505723543     
  -118.28480158819471        188.70880404289952        84.043355800396284     
  -118.92701616615629        190.51554420788580        74.279673133855113     
  -116.21366419890465        188.99629023069664        66.253466770084970     
  -111.98050735661234        186.67029588475174        59.160308883714549     
  -109.46200644662100        177.25714549950226        55.567499537837705     
  -105.55177496161480        169.49410869806167        54.336308166248102     
  -99.157286112095818        164.24793294462995        55.642471842896953     
  -91.791131998807487        156.74797681157474        53.831369821724707     
  -87.441800649295189        151.35171104936552        47.632269126450012     
  -83.391461368176437        141.95754610391214        39.361894954966488     
  -74.904824135015744        136.26371898195609        37.343811982424768     
  -68.853697193698906        133.20520981001417        39.945694758584580     
  -64.775107835767685        127.23457796770629        43.690956678210057     
  -59.637305402337944        123.24713872214792        49.158456825964947     
  -56.538108265498167        119.37556850177879        58.238502287320443     
  -52.180939774485012        115.49581132144476        64.516736383714260     
  -46.023025106844173        112.68835865752794        73.493562317779265     
  -42.764536328615918        107.92934125876729        80.785364634317148     
  -43.661804307768321        100.14957349258626        83.712829160528827     
  -47.852322288922593        90.097257946867543        81.967964892750501     
  -51.030792664942169        80.688944635747774        78.902577948666590     
  -50.361939850658132        70.872320145176573        74.179717245455777     
  -56.199702352975237        64.634885805730420        70.816751244134878     
  -60.351054439954467        59.535110938874183        63.892004496331140     
  -62.298694480098547        52.781888926163802        56.035387675382765     
  -64.322076923232956        50.538072999373796        45.156551282889041     
  -71.271761662289421        50.102661614493570        40.601642235158124     
  -82.550491492361644        49.015754843931987        34.010058527437707     
  -90.462134075268054        50.759319242098613        36.862687265382306     
  -93.915071140121512        51.567060861809836        46.531607937639876     
  -98.327811197283879        51.258819995734513        55.399496402906834     
  -106.39196546334301        52.614102939723040        61.727037652208367     
  -110.12016875441394        57.077841568984994        68.600311752357584     
  -115.23153113742622        63.932050845571737        73.676885402128448     
  -123.08000382570580        71.346964662222717        74.306152537479306     
  -128.06010757738255        79.686900740548467        71.822533963431681     
  -136.98477460415086        84.153310743735858        68.882383211380500     
  -145.35946618351275        89.133243472988497        65.596689691507947     
  -151.32035319721700        94.373702914836969        68.849889360788211     
  -156.52526887268721        101.10631325416597        75.310606188783652     
  -162.04868600728184        102.04829067395053        84.168917021729669     
  -168.92107392818795        98.934526149814843        93.637115761027644     
  -171.72937650244930        94.776343640730943        102.29649593688833     
  -174.92524468255519        90.817318001725056        111.00394484069233     
  -178.57864166774209        96.695881444751507        120.10570978638202     
  -180.14071782220054        98.549847112225592        129.15422463141067     
  -187.45180673548134        101.20948080963879        133.68564774303263     
  -190.47680473511582        108.46367755866947        132.35956664900345     
  -191.17571582232375        112.32833814539660        124.61945756753545     
  -187.27624404116654        119.48415103188839        120.20106639685076     
  -180.27943701345262        126.00769045716379        121.97660634710348     
  -175.36578436693537        133.81263998528453        125.68859736477441     
  -172.74123533075550        145.30811337320651        125.41145020846506     
  -167.58655760993133        154.14201491673299        123.91183786206443     
  -162.71897263218995        159.95826166279710        117.33667327914338     
  -159.71432501205476        157.53164780739377        109.45876211438400     
  -159.03564014569537        152.75192604749745        104.31766846261814     
  -155.87110684550655        147.35734992743957        100.71628399653218     
  -148.99739382763960        139.29840201895647        96.217153125011407     
  -142.14770428967742        138.40735607460294        89.551865709148501     
  -140.64058527807350        132.95835039569559        85.619357266015527     
  -141.76741776960719        124.43738114023742        79.217000440882373     
  -146.62391681561172        118.02831466908145        72.617761104108581     
  -150.00676625365983        117.84876176371989        66.527058108849417     
  -148.86594860917228        118.82375859594075        56.926613017627858     
  -146.73702838562079        119.46442770907481        47.415640246827820     
  -141.15771326682125        115.95563423658973        38.716386351020503     
  -131.62763978499322        115.70578928494203        33.669810347230964     
  -123.63653654672251        118.88633455585173        28.982678328873192     
  -118.63634814249320        125.23991960050364        27.214333767055336     
  -117.27296506685033        133.76614973048140        24.926743551752963     
  -115.46065970839499        142.75009477971349        26.042010816029006     
  -108.87064498305298        150.55413470919336        23.345340120479307     
  -101.98979376296965        156.01808481773230        18.299227120481817     
  -96.496655289669235        148.57884037968012        11.802617895029357     
  -96.848618342881707        138.50052173404117        8.6468607646533542     
  -102.01840532785310        129.98164435696796        7.5393102417194200     
  -105.98187623101663        122.76608901459721        12.322689417876632     
  -107.65661897523461        123.96222049368106        20.649602223506292     
  -108.21683488637105        122.26206637560023        29.038481389429364     
  -112.88192938086529        123.00115184587122        37.307294900154091     
  -110.68001076811048        125.08739358878535        48.088948827528043     
  -115.24562867759657        127.06970411868582        55.582511118518937     
  -117.90077825695799        131.93628691291866        61.053480582300153     
  -116.71566953096720        137.11606250681623        68.951183981554323     
  -108.87026636278642        139.32763076522647        76.258044551891544     
  -103.20926443723070        144.63343102654227        77.004121952050525     
  -99.688247244986030        148.24958621796304        77.604526655219900     
  -91.684077568502317        148.00592633023962        78.115055261699467     
  -86.078026331744041        148.87995697338056        79.298836715839911     
  -79.077206513147900        150.00543756955929        74.713753559732879     
  -71.729796023304587        149.91460447947267        69.028718969040369     
  -64.112728502068663        155.08075815099397        64.676579782585861     
  -54.192368870270762        158.29839100089214        64.391103748310229     
  -49.022875884468760        166.02685769814300        61.647595619606989     
  -40.578062163924386        172.57485792608145        63.443317076292658     
  -29.694841079582197        173.83272198277908        61.193361833185463     
  -23.560248600857999        177.67502946535572        53.888827961219931     
  -23.739023806244745        177.59427361924588        43.768550931505672     
  -29.226895796930634        177.84231009774038        33.691539316788749     
  -28.689579724425968        175.75197356913264        24.299237550455246     
  -30.950262609776114        173.51438648604423        14.370121094459137     
  -30.112740700997136        174.48434873178689        5.2344526881963134     
  -27.607060297311882        176.89065584451311       -2.4641929350434566     
  -19.467644452203494        174.96611252565665       -8.8862320280150584     
  -9.4859381349147043        172.24315256671034       -9.6692846357615849     
  -2.5924736009028919        172.45424995050399       -15.025495506802372     
   6.0358462813382019        172.85023299336140       -17.508206214403117     
   12.866060232471767        176.40179985221437       -19.067117651160288     
   16.952504770010179        182.99097275638582       -20.761145921429488     
   18.161323602843723        191.00802616674065       -17.480467368630343     
   20.443658882381065        201.76821070690715       -13.576787501113472     
   16.794702136320474        211.94461485320741       -14.745752660936432     
