   2.9079525081849908        9.4376614236276168        8.5751643182628641     
   7.2676349129544491        17.850345857112060        3.8161003828510047     
   10.173312829705523        23.926886260968274       -1.3788895924652707     
   14.417259932102255        28.902535298374858       -11.139802794684783     
   16.793071186332355        33.845251540417948       -17.182646788761019     
   18.026880614800966        34.848924301497291       -25.121952742412873     
   20.206359696455074        39.027317789562758       -32.720823306969351     
   22.763252142259127        46.142736020334382       -39.146312690799164     
   21.420435939771075        54.045347544258306       -46.908999163767987     
   22.632971618969371        62.366359744753311       -50.685592268712298     
   23.592428166082790        72.910504535870075       -52.452116827797852     
   23.850479542527040        83.403353999770530       -53.124254994321291     
   27.958625858437415        90.267479856282392       -57.217390556534497     
   25.004362108768056        91.226081806838408       -63.914893713050674     
   19.254197396177922        94.038085084929008       -71.011630564828806     
   12.426232035674133        99.213283892948525       -73.350228098270179     
   6.0187171797006158        103.13003095596750       -73.225664299421169     
  -4.1620183798263355        104.09396639065014       -75.946895386231347     
  -13.423748227317361        105.90210422742365       -78.656044721087710     
  -19.320872576091716        110.62995987586756       -85.926487883763286     
  -18.074804917348132        118.60084399207112       -90.139118015535757     
  -15.749358873205352        129.62355699211395       -92.902136036557977     
  -9.9026627582147739        137.25628416436842       -93.977041652263267     
  -4.8322443450762194        146.43854129639146       -93.059676921946561     
  -2.5738377567608808        153.92636221144676       -89.422909010790079     
  -2.4456960386003885        161.68481971167188       -85.674415805714659     
   1.6312285667413562        168.51761807920798       -80.395638814155632     
  -1.6593660725634152        177.31049649558369       -74.292298539276146     
  -5.3373263560977620        182.39372793326265       -68.384944776465716     
  -4.5186400082108236        188.49138817403096       -60.206681344059518     
  -6.7554229642398127        193.35010936762978       -54.395411576107620     
  -6.4001909754670123        202.96296680360916       -51.373053565531109     
  -3.4162156950156088        213.29579502089601       -49.103045213927032     
   2.3157522187107986        218.97159182663731       -44.846131862600487     
   3.0973587898132280        227.32118400387080       -39.531915161059203     
   4.2298985410341885        231.47620002566381       -33.406870650639064     
   7.5857077940689095        240.19504421902269       -33.832600608789392     
   11.304322490014997        248.74145145335081       -32.920493880275728     
   20.234843361746080        254.98617827975539       -34.314753807066154     
   26.466508127889000        262.53449522022504       -35.267525986980672     
   31.636511901508797        272.09607325671993       -38.337078969143136     
   39.095048241306614        278.85465330472670       -40.947563356809383     
   47.612991415021142        284.75482188234992       -43.569225746377640     
   56.122960968737246        290.08677650246864       -47.849350689813434     
   60.415621932032792        296.12743977014463       -53.940219433690402     
   66.193024985670405        301.20373388481585       -59.710178131753310     
   69.214216815931039        309.59695532995210       -61.244883535617305     
   76.658851591453015        314.87076032710888       -65.218853025147610     
   84.215709823147762        309.86715709011327       -67.354793650303179     
   89.984390249663534        306.30927390687754       -70.361363648385407     
   95.715672409881961        297.92038653796163       -69.706414626304138     
   98.215749618064550        290.84316317087564       -68.412594925481812     
   106.71024532320762        284.66843056009606       -69.286328374130790     
   113.08393445819537        279.47852317676683       -71.928195001194695     
   120.47634133609807        274.60150611409256       -72.988409886147679     
   127.90536566020251        271.98254255664392       -74.461838498035775     
   133.94562645805684        269.04800049665721       -80.432618901189699     
   136.43738746046591        264.84842094377512       -88.621361471061675     
   135.06150154503024        261.11821272771431       -97.714543414724801     
   134.74277423403694        254.52856976073042       -106.32138261885805     
   131.60913325661903        245.33295571841106       -112.14534828369366     
   124.35217321601051        244.64441514892059       -115.54874094150600     
   117.44767383291871        240.10603674815457       -123.30514028926757     
   109.73581296633378        236.76201107625576       -121.19045967218705     
   100.32261485759508        238.34383485109169       -117.44768950766544     
   93.940955105514348        241.63046798907192       -109.56065265120736     
   88.419003220736528        247.79940679051003       -105.03661183361882     
   83.099780130037914        251.84775563593581       -98.934157870996671     
   76.634465987271682        255.45685251994132       -94.383041458361106     
   67.656201121857947        257.76983931800959       -95.998491932898418     
   60.658737646801931        263.10837376762015       -90.957368913643847     
   55.123844167586562        269.12260233539627       -89.309859106972624     
   54.618124078363479        277.68239829814411       -96.639308868660578     
   51.833438685852315        286.50045498325784       -103.59407198404688     
   50.513988026817785        294.21227307790514       -109.47902608876265     
   50.866378459738783        292.99968368744828       -119.00293846132323     
   48.370872680567643        290.25380533414796       -128.75658973553377     
   43.793835811083483        283.80894271975950       -136.14105639642767     
   37.942773526687688        280.81114177654302       -146.99526197440019     
   34.760387326889784        275.75518818798759       -152.03737462897530     
   30.796477018171981        268.12913742975638       -157.87573320072508     
   27.037990160220790        263.56207646491691       -164.77751140579977     
   21.978754944336242        255.99847612487733       -168.00870713692433     
   18.170534778224091        252.44455844306125       -176.24553854811907     
   13.120196404827158        248.85776090429303       -183.56969835155655     
   7.9245696926436606        245.07433913817860       -187.49151045345320     
  -3.0708575638200246        244.36948624940428       -190.26982846724363     
  -12.185646300771449        245.49845334986625       -188.95784624268788     
  -20.905383452040919        249.25320469305953       -190.53032192470417     
  -25.245896712652875        247.45884444383401       -197.03763152473695     
  -26.487626469241032        244.89715432730247       -205.00936227885532     
  -31.351961938251247        234.72974667685602       -208.67923642293658     
  -29.213013788986995        228.44430138551849       -211.45939297560065     
  -24.177268033363486        222.44501220340786       -214.75228487572204     
  -22.397551565961120        214.14094954404717       -219.42089409098514     
  -20.729196821917665        205.93848114577872       -223.75957389520286     
  -22.405782364099007        193.77317641605131       -228.49844492744043     
  -15.869775963620963        185.47745892341842       -233.88774650398349     
  -7.9255957227084766        182.88965140980432       -238.75524802571297     
  0.38756098699963393        177.74956078607397       -238.55489319688283     
   10.139476908546076        176.98335939859842       -235.51557625880372     
   18.337841156452175        177.46556606264480       -231.48460834387177     
   27.914141433571150        178.54994696633835       -230.57903126387941     
   36.520835401631452        186.06499805984069       -228.90881887570666     
   37.098568938723702        195.20598296418910       -225.49681800473380     
   38.021092616711741        200.02332076813579       -216.64533665763537     
   38.163485759448690        202.62300229457898       -204.65363083798383     
   38.748170920608416        200.35501791582593       -194.02362413421304     
   36.622218405216536        191.18597388394448       -187.15571563054951     
   32.365198211742701        182.96013716378312       -187.59268585756811     
   30.906558384493085        173.20206745299890       -187.56356612702947     
   27.527534323984334        163.90573530568241       -187.77854009366976     
   24.471537721151932        153.48790591135474       -187.42785736876186     
   27.111097782721529        144.48622040514641       -191.07342614669290     
   33.883715837305473        136.25286217599142       -195.71451795108248     
   40.481034481077302        131.78803620747016       -201.65333941882000     
   36.795552520916992        129.83272969378129       -210.94735654734924     
   33.675757223832832        126.84819052799202       -220.66209206467795     
   35.445491871014212        130.24381443366426       -228.97098718574310     
   37.224474757102811        138.37931285697491       -233.44395341908512     
   40.885133256826855        147.35158356417566       -240.66298033761575     
   41.423681407087138        155.54779936319972       -249.71582874531774     
   41.925518897073260        161.26384150774086       -255.51937651154736     
   45.056871344138173        169.72665146578669       -261.30841308087872     
   48.559482745555911        178.62530647690147       -262.87557103359364     
   46.934314779065488        188.51068946469613       -264.64031503401242     
   44.153506276780618        198.46419524362693       -265.50520108375912     
   41.565446146746169        207.03548486061939       -265.35710025747147     
   42.103687102663201        218.49689514501503       -271.44476289081092     
   38.883127051282528        222.21824191735530       -278.38630538122311     
   31.564248938890032        227.97041508987550       -282.26595840016080     
   21.798346248797742        227.05417581445212       -279.21131630505215     
   12.476816691578080        228.33588941059458       -276.74735405431591     
   7.5785391994211153        235.83713099766760       -273.59250050249415     
   2.1713444490868170        243.52221862847134       -276.27260196717071     
   2.1699187072160555        252.53617641240777       -278.47334538233616     
   6.7409601827518770        261.21851248052229       -282.33893133236126     
   11.001753278533357        265.84687808512513       -284.52746149738800     
   17.296674630036591        271.33543857375162       -287.05930990748857     
   27.557601857398538        275.11923632914556       -286.99268759097112     
   34.571494485674023        280.55684040547266       -282.74150692730439     
   40.964149061503115        287.89342141494308       -278.16293591342708     
   36.981649849882182        291.48719010503669       -270.70822096135089     
   31.819759507011675        294.75231480132254       -268.11284244718536     
   26.771946738836228        302.45308936646006       -265.01170101723437     
   25.844132069097782        313.16594107370202       -261.28439439972988     
   29.152910009096750        317.35761285888202       -254.06061865105193     
   27.823777653137455        324.83578738805642       -246.33809977276943     
   30.755653560389781        332.14471483562136       -241.41910170972164     
   26.647061581697244        340.02843119162117       -237.67949631633533     
   21.298116020123842        343.08921579524781       -236.12573921658625     
   13.898609446433113        345.20109723113774       -229.29674173864458     
   4.0513018649517818        344.62134838327256       -226.74505715871743     
  -3.1733307402061399        337.90069555916648       -222.39689856318063     
  -10.645862601922616        332.96394402440586       -213.29217708122866     
  -15.484779271910611        326.98992691324293       -211.89690717775906     
  -18.397490029035794        320.52635055086182       -214.85022238499758     
  -18.982261971886004        313.87273249449254       -221.24431570129045     
  -18.503790964701309        306.80126842039931       -223.58942642740485     
  -18.324748821216275        297.18305321404148       -225.58879433167090     
  -22.649925782434067        287.97126120716575       -225.66443518453616     
  -31.273068616099096        283.72769313194601       -229.73867037303745     
  -38.534672368023678        287.18541162090366       -238.59138708458616     
  -38.439144793127582        290.44328134723776       -247.30487484756713     
  -33.727382398196724        295.43768278080415       -254.40631524496223     
  -25.745369130591627        294.09774048231156       -257.70255438338080     
  -18.226809469458686        291.80834295605666       -262.05038864198787     
  -13.796497243185996        289.46071192750412       -271.28262534038464     
  -9.6243060211943146        286.66850996506219       -278.88502476097915     
  -8.7023399454851926        281.82722000270923       -286.63199882754719     
  -9.4486632080719772        277.03191192848072       -294.31050768072362     
  -4.9605434543086915        271.23511885728459       -300.17105777339953     
  -1.9298355849332722        262.61280977355983       -300.60812867548083     
   3.0002629105293011        254.79204061174414       -300.28382935825647     
   5.6436778177626508        248.70272380787668       -297.27805947024626     
   7.7020519481459928        242.19481624062840       -291.90931307503894     
   8.9091399200624721        234.60358556883102       -288.69460880024599     
   15.265068927727995        227.74859077211354       -288.34462043195691     
   25.645384245398660        225.02652802621930       -288.12913309149576     
   33.739216410082548        219.19905271620246       -286.12519438075242     
   39.515308680896709        211.84929672030771       -286.77257499141786     
   45.739022823665401        206.56781399444290       -282.29051214624570     
   50.800593384725786        199.91208470455956       -281.45982889209557     
   54.606318053143596        189.96315779653315       -283.82393117646916     
   59.872559818828080        182.33002506519560       -288.67732825222066     
   69.821600955557145        176.22443894953236       -293.04786107178177     
   78.698924408183700        170.99010419796932       -298.15153509573327     
   82.428240510933435        164.20899715779188       -300.27657853595701     
   86.297577287508503        156.31553156007365       -306.05596363353197     
   91.401318949514149        153.22040059272626       -313.59619743078099     
   98.070272947211691        153.56230499737492       -320.71785071265748     
   101.69843433593088        149.07121504958937       -328.77699719232339     
   105.61924086314777        143.02361881882453       -335.67294782715146     
   108.98189755069349        135.77294014127261       -338.74017162631372     
   113.71251223884431        127.17757542462326       -339.61784288239244     
   118.10677305544975        119.00107316239779       -336.62094242976934     
   119.58106668987445        109.38249487606730       -330.10008504256973     
   117.53697250674446        100.58951466734237       -328.79202714105060     
   116.70475224446699        90.132644196030952       -323.12981469746899     
   115.53941239635287        82.797903240619021       -317.63397789588885     
