   9.3715119888184546        7.7180849782435530       0.91547644046806909     
   20.359923592430761        9.1722413011615824      -0.41775374252938680     
   27.802134753082285        15.601880096147559       -3.0756941992652163     
   35.100373052316684        20.430727169803323       -8.3719120529448237     
   42.986586369296816        23.661371878853515       -14.174640880007303     
   48.290925913952265        23.841675284899225       -21.411974198084977     
   51.563447680863447        28.417204860084610       -29.520316554232949     
   55.650397017157090        34.861711145596814       -35.768519019469466     
   57.401300142511261        41.763480526863987       -41.510478423211566     
   57.635282360073177        51.462650511842753       -43.888423960459193     
   60.430732319462251        62.002192297806346       -44.701395146882902     
   62.347794512410800        73.062203994565948       -45.070750872364840     
   67.510170962884914        80.017070729919055       -43.797614078153259     
   73.820597838067613        85.637198857750150       -48.930868883115011     
   75.394897862160406        92.932609350901544       -53.542525196185181     
   74.233848242129369        100.13026187841308       -57.422889774615527     
   72.795861107163432        106.63086826073561       -57.614386641786041     
   73.054648495418689        116.80474706159657       -58.126880869068827     
   74.809994839517657        123.69601892361732       -55.403812937837984     
   75.537109287806260        129.21959173904634       -47.202722934462059     
   72.989785325574502        127.90927367146469       -39.992402712861974     
   63.752209000635474        123.90657948186310       -33.550641481768338     
   58.902788938003340        118.83384727891121       -28.709130338995578     
   53.425316553721387        111.66831520861535       -25.929211055824766     
   46.728026122180594        106.61857584724908       -24.837102517515063     
   41.790690734110470        100.45633913954418       -21.572602312888279     
   34.971447193085766        95.313805899346789       -19.088267532402966     
   32.000805382237203        87.497518673323270       -10.935234764700624     
   30.149412099078077        83.722538012226096       -1.6987310463074863     
   28.753974306328175        79.539922595100848        3.8258381058566329     
   26.302328103238793        74.809263114348596        10.793363526840366     
   23.591341983815511        71.032565099523822        19.168884473372586     
   22.871951336624079        62.984265095775754        23.775596079749036     
   17.958838320623116        53.500828041652994        26.363908803140845     
   14.218126736349618        45.821260799355969        31.394628012219016     
   6.1761013463842289        42.933612873818674        33.737402732222151     
   1.7012217844343240        35.178654613090998        35.199164633159725     
  -3.0401938018290977        28.718672887414243        37.264764668457687     
  -8.4412926866940552        20.526702344130797        35.358276037571628     
  -10.469907714772930        10.014467393263658        34.028327164038245     
  -12.652777446300043       -2.3442798668316414        36.973665866681785     
  -18.094658504776419       -8.8560716011531895        37.769751858835093     
  -24.221287093043991       -14.721669659488271        37.852378505158214     
  -30.585863963761831       -23.393397483062813        34.635532147362611     
  -30.121281495778391       -33.183767135600306        29.825174772131547     
  -27.771413279329359       -42.702667626389712        25.341752912612975     
  -20.672147517734544       -47.683567447750193        23.662375568725793     
  -15.017382024349502       -53.298053730478102        19.295359460357801     
  -14.059144597353416       -63.368486044310146        14.460494754022676     
  -14.756251861066517       -72.275877506730069        12.021720706704940     
  -20.529966446779397       -80.662128320244392        14.934809950458970     
  -27.257929957747230       -81.959432107596399        16.899431801106047     
  -35.553551348070471       -89.443668186617629        19.730755133263898     
  -39.478561672827396       -95.456675681311367        23.649711691690825     
  -43.324134500883574       -103.53818028338355        24.288818640542289     
  -38.957078969784746       -111.46045594276768        25.125141703042800     
  -40.048028407603020       -120.83032398809763        23.254141598037421     
  -40.079163211477372       -129.33101927815721        19.775157472576041     
  -41.792315355796092       -135.96886935107278        10.993556939236456     
  -44.445505303336539       -142.65795530620181        6.7647659716746489     
  -48.330389529356488       -150.96799238237327       -2.8695912808009041     
  -49.988131786201564       -152.56917275022505       -11.433563508065447     
  -55.338866609465782       -160.10942919143213       -18.521920625197396     
  -61.485369038306217       -165.09759664158190       -22.484562085866457     
  -68.241645323849923       -168.09692325093397       -29.721100432513310     
  -76.853173199317936       -164.39036557093294       -34.759934578994859     
  -80.924228795813264       -161.16042421186904       -42.876340411191421     
  -87.853788661773251       -157.39944398612897       -49.008865345714497     
  -90.559753511636586       -153.78179947654638       -56.227148165575443     
  -94.981552830997742       -156.72971952651784       -65.522604841579465     
  -93.227793281816361       -154.74017387818253       -73.812366830444461     
  -88.192050509878669       -156.01009231111880       -80.592938360391940     
  -78.438958249514414       -160.92759397902825       -82.722160852399384     
  -71.124610128723290       -165.70187784446222       -82.689700603387166     
  -64.425198021506020       -168.25057601062377       -87.683671565223591     
  -60.930106741364568       -176.43146759678422       -88.297796480933897     
  -61.153868392141185       -186.21714134329176       -88.221299403445613     
  -64.996283132192502       -195.42471278037851       -90.281134757503679     
  -68.969987040754162       -206.67983661576181       -97.231139638476265     
  -73.434034074535973       -213.43712145341681       -101.82718430256418     
  -74.618383361582687       -221.25507879128099       -104.25285927601402     
  -73.068671808833429       -230.91497786818090       -105.09176971369541     
  -77.610832803993702       -240.56267298721622       -105.31611946202406     
  -75.804371365853484       -248.32261670040583       -109.55472167194995     
  -74.174287946216197       -256.84711060215545       -110.17689236774405     
  -73.180271283714234       -264.67411087415701       -109.65522578377977     
  -74.831419766390184       -272.75212482597487       -106.30455144143727     
  -79.428449995209334       -278.29123093647775       -99.261708767578284     
  -83.965737294147175       -286.61881310071510       -97.014984457265740     
  -85.193998442805707       -293.34155666312756       -99.733125361069170     
  -83.757725059888898       -300.34088319622072       -107.72193222443147     
  -74.265262269007067       -305.71957372687791       -105.15241113398548     
  -68.536693967259069       -309.64663179757929       -103.48783803110794     
  -60.302055011104912       -313.23115138254207       -101.74707613287100     
  -50.991840266778048       -319.01244513630445       -96.506607534605934     
  -46.250628813279178       -323.09191638436931       -91.740940475393188     
  -42.347843342264895       -328.09373608192755       -80.426577002250070     
  -35.272416083635690       -330.04613680773082       -74.914410520392124     
  -25.703468490188584       -328.62583852660941       -74.785719103752712     
  -18.365363113027684       -324.25906120690757       -70.023337180132643     
  -15.383190578357159       -318.11355851067560       -63.241575937536282     
  -18.112458853594859       -310.89410076753256       -57.218222520669457     
  -21.855660069012174       -307.72764168958554       -49.586812377013587     
  -27.405079401507500       -303.56193214302618       -40.188302288642291     
  -34.557511491488313       -297.76808681165210       -38.732790330755734     
  -43.192589072637219       -291.79871540379395       -41.132634336960109     
  -52.556436319696466       -288.39409341195096       -46.257477221225997     
  -59.841470093007821       -290.06699711080557       -53.157378974421647     
  -65.879797569632103       -294.44280588502511       -57.509442160659262     
  -68.247823197258526       -300.91751698142144       -63.039401561629205     
  -71.723164744033966       -308.73627018944927       -68.557358224292472     
  -77.000231009485447       -314.53166244245210       -74.252245996584492     
  -83.132323479951538       -317.48083494141895       -82.359511232986563     
  -86.311588767362622       -323.01465645779069       -88.765339852318675     
  -83.459104008628699       -329.99171541991552       -94.261629817242266     
  -81.363330632935188       -338.32220386633890       -98.910168110419420     
  -79.885568337568543       -343.49097772722700       -108.08073861803450     
  -76.672969042718549       -347.51707685385577       -114.53296792489118     
  -78.767841866645398       -354.83547373144529       -118.54239823926233     
  -77.404007939625373       -366.85587466423402       -119.66083857162499     
  -72.538086034103330       -375.28425876416532       -120.10795602098239     
  -64.636913165536839       -386.29396251443433       -119.12862814725378     
  -63.227723231295400       -392.34046703974838       -114.90196862958379     
  -61.010927818695535       -397.30478586418769       -107.79789546512762     
  -62.484697876378277       -403.89549704748094       -102.56354711306616     
  -69.187317657019747       -412.78417682033216       -101.95032266334994     
  -73.548169370241283       -421.65492166361554       -101.82505032449575     
  -79.694863543359276       -427.13311096175448       -101.93210104179195     
  -89.106950636810524       -432.55706856602762       -102.54643919926519     
  -98.339446963404328       -436.62621293609880       -100.53729305965808     
  -108.05237767026318       -440.11724096048255       -104.49432154969369     
  -112.18952137150578       -443.69682682046255       -112.94408833463956     
  -115.77750685630491       -444.40485704170260       -121.52835726985225     
  -120.08903942909060       -447.23654299364239       -127.00919920079866     
  -127.92829623961860       -450.37087660722625       -132.25599931674699     
  -135.16624179493178       -457.35883894783103       -136.04334808342671     
  -138.57962828315863       -465.44794731975975       -143.01856825033548     
  -137.76756885424510       -473.52849784087852       -147.66652306870697     
  -135.25930017865750       -480.80209022303461       -150.60909241672152     
  -129.36891444342581       -490.99429967245692       -152.39121192278640     
  -125.91848457593986       -498.31762940887120       -156.00541037851042     
  -117.50105749523426       -504.46413118104749       -158.76144703951888     
  -108.66425153103532       -507.72085826118291       -158.34461090512343     
  -102.19045272919698       -507.03277337606312       -157.71982506001632     
  -92.565935853889101       -504.18167789546982       -157.42897746880186     
  -81.099547824509216       -503.90179040949675       -157.08208500563751     
  -74.813116856076363       -509.88298830853029       -157.17538974029890     
  -64.929674593967633       -513.96341698651725       -157.53716065789001     
  -55.543694676324819       -516.98087337706625       -158.10249796538233     
  -47.414570115785239       -512.03072523020023       -163.40353728519341     
  -41.061736140480946       -510.11830240243142       -164.78312317888270     
  -34.107195307657449       -504.41146193007165       -164.32365731354668     
  -27.040243413936679       -500.72791194163386       -171.18447195745904     
  -19.952869218430266       -504.28252425422369       -174.86023651786695     
  -14.782387412811772       -513.48899794410386       -180.26034028850751     
  -9.2985313516257264       -516.52467322362509       -181.38434703410564     
  -4.0813664324289789       -521.35932152988971       -184.35280005879974     
   3.6676808375341921       -525.69400219204135       -185.43808104488863     
   11.235305111276205       -529.01693312258953       -184.78096208361586     
   19.105402249917290       -533.66739937282455       -179.96842840106075     
   23.473588117213851       -539.06166919961265       -172.70463075557700     
   24.521900319701601       -547.93757308405543       -168.64221278409099     
   33.605512085701790       -555.55231237349835       -168.57390205631913     
   41.081062646417323       -561.87229136380881       -170.29844577880414     
   47.832943706983457       -566.24057936710699       -171.85590275020036     
   47.655801269355706       -573.11943981558318       -179.11538289992194     
   46.841891078979117       -581.57817378129425       -181.35502017563908     
   55.012607835560544       -586.94889732027264       -183.69915406530475     
   61.854236282005715       -593.37840662109534       -189.42358199472585     
   69.355353666749181       -601.16697717066143       -190.52211569707174     
   76.094654959082789       -605.32001108867235       -188.11937061914023     
   81.898336978968501       -611.07964221493035       -186.34636307490774     
   87.249464835962556       -617.12522098276577       -188.21641807074104     
   87.883781776648419       -624.10299835144224       -193.62634597345573     
   91.105245563603034       -629.85174277444196       -199.47409072704733     
   95.098810569904430       -638.47069933558748       -202.49303764554310     
   97.609494487622271       -643.80355189391014       -208.95212423241696     
   102.32960268096093       -645.68573694205986       -214.77694184794575     
   111.31314846704100       -646.53775879287571       -218.57901493314796     
   119.08403143166240       -646.71818817646999       -223.90469758886474     
   129.10058303453016       -648.23021413108495       -225.63276623106486     
   137.95455143396964       -642.60778989030564       -227.20892683847546     
   148.57899247492352       -641.62329767423557       -230.08699224935833     
   156.60322854698600       -646.32026557255813       -229.74327253787129     
   163.83365598582299       -652.06992633770449       -232.23086691869065     
   171.79397226268844       -657.37030146600557       -237.92170683428890     
   179.82345088106834       -660.79469390668112       -242.97884242357622     
   186.92936388141868       -662.27132674437121       -243.57739407268599     
   192.14099541935477       -665.83121171671723       -251.62129731886944     
   195.70373035468469       -671.49392678005347       -255.66198997262876     
   196.73136981699037       -680.88389613439870       -260.24486857348188     
   194.69064545197489       -691.82223601943906       -258.05537515495905     
   198.60631927753747       -701.74894862427607       -260.04092173206095     
   199.71687421506755       -709.85229244639504       -257.62349198729726     
   199.81409574005380       -716.81962035512720       -252.51066488126423     
   196.02584160123251       -722.67049063290017       -245.47517834403857     
   190.15734806190176       -726.72693757787636       -238.71409203537439     
   185.54834355914943       -733.86029894927060       -236.74805152403940     
   180.50836987600525       -743.09488765022365       -231.29560648826873     
   180.64243977770838       -753.12241206085946       -229.58795105575132     
