   8.5712281404722148        7.9879654397699369        3.8351428891648993     
   16.568190609110559      -0.85633780810619697        5.7550426150544354     
   21.350687705255751       -6.4048563175291306        10.596339067592680     
   26.583731021262082       -13.424427686930656        15.996531104272321     
   32.646047103874650       -19.599300928525565        19.320776252574774     
   39.374523918779545       -21.627503917071870        20.442143167971153     
   49.789021428311059       -23.352883750935604        24.823490043585139     
   58.042315215747635       -23.724274251195020        31.676968664637457     
   63.729623054664444       -23.376238840547181        39.801264335458200     
   65.558027578291075       -26.035341001777944        49.594360414169955     
   68.925861557787243       -30.773386782315647        58.537885043190613     
   69.469859709979971       -34.207618665365985        68.850747284842328     
   70.098465376869910       -39.506272861813514        74.272626901459716     
   76.763369659184434       -45.443224572880844        78.031933035099712     
   81.599643747128596       -51.172797171084056        82.495505096227873     
   87.135964365015411       -57.600371402282278        87.491630451174956     
   94.263908669485033       -59.266939176793556        92.582717701796469     
   102.03185073420445       -64.818578655524789        95.081763408618826     
   103.77502877196662       -71.811781920633777        100.60851712839951     
   103.83733723779000       -81.311132383646083        105.49376963350016     
   98.038183043917741       -85.369799776479297        107.43066814876704     
   88.084079294120613       -86.920636255457339        110.96145465904732     
   78.639242974641405       -87.076499510051704        108.54767651919235     
   70.267363683975304       -84.729013632865232        107.98287711001376     
   63.553246747172267       -81.740849189046713        109.06838817206102     
   54.964852928892299       -78.861642235654784        108.75300288204153     
   46.645814734433316       -75.935801081996289        107.75840768438189     
   37.412000704914874       -76.046450736322527        104.01091744732548     
   31.706706675459571       -77.655951730609360        94.175605268415950     
   27.679186409068990       -76.204699324572061        87.558469129987429     
   23.199663193823710       -77.935468335594621        79.681624324902145     
   20.412902985915480       -75.315739317795959        69.797513714073830     
   14.857098320760315       -73.940870663200073        64.467032005240640     
   5.0599520984457627       -73.292062253529139        64.574964444634929     
  -5.7966874097508594       -78.086947381528987        64.645917747840485     
  -13.132286443584491       -78.213540872555626        67.658043125174800     
  -22.608672439797431       -78.994231464429276        68.890020264710074     
  -30.359468235386828       -84.803076258946390        71.384241690202543     
  -38.686679186209915       -84.666845073554384        74.693592237293842     
  -48.098522837322847       -84.295786899214590        79.385479762551881     
  -55.442885642778307       -91.588895834550982        81.387828858346040     
  -57.650795284096048       -100.36353803907991        82.365678406370364     
  -55.381613224784829       -106.69359122354828        85.998681308000926     
  -55.173380618606799       -117.13527786868578        90.062139682468398     
  -59.662916171101344       -121.74127526044089        96.125966886714991     
  -66.013451330851169       -127.95799158324404        104.45200553995716     
  -73.302590368452641       -128.49057038401986        110.57085821879997     
  -79.141680459043883       -126.12073691008079        118.08694716228217     
  -84.862195483819235       -129.44830552654807        126.47346240538815     
  -91.696266552974933       -130.83284676894834        132.29549142714291     
  -101.33524680176330       -134.91199619061280        131.54174798312761     
  -107.12536494468530       -137.89580403866063        128.49160849733005     
  -118.92894533595107       -142.78509373539356        127.69393830542538     
  -127.11342591443963       -148.35162758587768        123.97568715597839     
  -135.66407023867720       -154.26902797217789        125.89583724329469     
  -140.60413273907409       -156.80263048654109        134.03662236565430     
  -147.34554100781543       -159.42819888011641        141.65466911157642     
  -149.70954039036818       -165.77630421935703        149.47549302716567     
  -154.33515384869378       -175.56258649429526        153.04557044734906     
  -158.12101417186545       -182.55221776444608        155.35340888469045     
  -160.78387039718592       -194.25844970005173        159.58523662773325     
  -157.30186631613634       -202.60663053637657        161.28668531644047     
  -162.14106301625225       -208.99429236948603        168.62817264160469     
  -169.29146842204369       -211.40727873129308        173.26696244758472     
  -176.89261150537229       -215.20873718241381        176.67582626711078     
  -185.98823552822702       -219.81528210869692        173.24945329237022     
  -189.85943481313518       -228.78657323049555        171.07229607647207     
  -196.13933828078234       -233.84174471515863        168.41824079999742     
  -202.13047456142050       -236.46588791739754        162.21881987426855     
  -206.17287971486451       -241.88942291596823        156.33298177473677     
  -206.33504690907191       -246.25311793994831        147.64456620208313     
  -203.33144852406923       -251.74743402631157        138.98648301756953     
  -197.13770452365605       -248.58037716606037        132.19855695790289     
  -190.36508105590480       -249.84604031092761        125.62994511267078     
  -188.36873804861494       -250.35999669861832        118.06584927430418     
  -182.44915015370259       -249.34514149767367        114.58463592589266     
  -175.03008277861539       -244.75709314473670        114.31006522626041     
  -165.01919857700992       -242.19468536758609        119.29918127349481     
  -155.58195819650010       -242.90505235098277        121.86855215756850     
  -147.49336679027263       -238.26754915101245        124.27643018775109     
  -140.68121371997910       -235.98472920726465        119.99376248789997     
  -136.73903438539458       -234.32119544580638        111.83620405318146     
  -130.25529271934943       -227.41927513893071        105.81633709968264     
  -126.83624495640179       -224.50062165626986        97.922960451728500     
  -122.13284571798351       -225.34079678909305        88.425926217575750     
  -125.19584886432057       -228.06648314340416        81.375552445647827     
  -130.43766201720089       -226.14655309912470        71.156632108186955     
  -135.35375214451398       -221.71382095442877        64.421700714597478     
  -135.16718248032453       -221.82721479163422        53.407074550448669     
  -127.92589433481115       -223.44068395823129        45.936189043870399     
  -119.95146551933941       -218.22854364906567        41.331986908381054     
  -112.14241118546283       -224.70602454341170        45.238413696694693     
  -107.53192444181894       -228.35741108033466        48.153250623281338     
  -102.97043956845656       -235.13328741926054        50.672874781377686     
  -96.410457222681970       -242.01504175236113        49.030211362161594     
  -91.398112851599620       -247.36438268669480        48.732492080275506     
  -86.709389861574579       -259.04936872639598        45.673054963520258     
  -85.223445106054328       -267.67682923324799        46.664035940862277     
  -82.086417757513871       -277.10707324842519        49.553965732414326     
  -86.314368230417060       -285.03248956474630        49.935940242578454     
  -93.687038536763040       -290.97732916840050        53.140094975973739     
  -101.01897439608165       -290.83082314141495        54.667146542197088     
  -108.22989264727752       -289.09773601966663        58.974263146469752     
  -115.65503919421577       -283.23957220083412        64.155855738245009     
  -122.36480781620523       -283.08549369010984        70.294047953830841     
  -132.47399538501790       -284.79253541901699        77.099732542319430     
  -136.61290876181579       -282.84520708120090        83.526225469559790     
  -138.96900015690261       -282.93130748150156        93.500394782316789     
  -139.57048496014059       -286.44561501831640        98.982512421225294     
  -142.08025998732091       -293.74616376841743        107.51400141889189     
  -147.82121702414474       -295.75720090856657        116.11254932441784     
  -155.48112519696494       -296.03204839341856        122.98113738020925     
  -160.40259974727587       -291.32484292731078        130.58833061176387     
  -165.33294012376888       -285.45374955745081        137.03547780616555     
  -164.21871970790056       -277.41673875751354        142.55276639753623     
  -162.89915553630459       -269.91748297456377        146.89201861622757     
  -159.28883834898224       -265.22030225741526        154.80947283575438     
  -157.07166850665388       -263.50561519464998        160.77200701722722     
  -155.99913665223551       -258.64417939991984        166.94877475207852     
  -162.33348592088595       -250.99983803274611        166.00774793372648     
  -171.86749565838551       -247.66470598999700        161.66561093716831     
  -182.37698975824276       -245.95824734506337        156.15990787156062     
  -184.74600425488674       -251.35358431418140        148.28148739071213     
  -189.16655760646736       -255.35997034567532        143.54540625333385     
  -195.02481592852286       -261.80933336594433        142.16672945319374     
  -203.90334147824569       -269.10109951564334        143.78740212572103     
  -207.23256917915251       -274.52858231438552        146.43398479223072     
  -210.66074290782831       -282.70434816428178        147.29207359364108     
  -214.29116147570440       -292.67823170745396        145.05511929230437     
  -220.31078350721106       -297.97456687408265        142.46294454755747     
  -219.00073266137360       -308.59805117092702        140.24335369378679     
  -217.81501124212193       -317.60896982786323        140.27642704868640     
  -214.79575372669839       -327.05208071341656        139.69647223028596     
  -211.13375056594560       -335.69347585537270        140.96875619096329     
  -211.95131372821228       -344.77328175372179        144.70887443454245     
  -214.11588311515732       -355.83284544682073        146.29297085242581     
  -215.80280579950892       -365.44520280303340        148.69970492395521     
  -219.38266808723068       -375.68114738490385        153.30364224128880     
  -223.86790932742721       -381.46478889739922        156.75716461717190     
  -229.48425930884639       -386.27300547663492        163.36130189403133     
  -236.12265812620763       -388.80953263472014        167.82331518416220     
  -242.59146611610987       -395.58239639989517        174.20825946907127     
  -242.82434968660260       -400.15122374964795        181.93385266297582     
  -242.93594317728372       -401.38131289132428        191.03917646452186     
  -247.82341273886300       -399.92035621380825        198.92095611710994     
  -255.23896353834755       -399.57338869551279        205.85964004591244     
  -262.07574063170154       -393.31126979812467        208.57721671263346     
  -267.47590173041704       -390.36848636429278        216.52716374507992     
  -275.63236606922862       -388.23128332687111        222.80322733220169     
  -285.52925919431868       -386.54884025322167        226.23577165686322     
  -287.59575907234245       -379.37093011446393        228.44212325767950     
  -293.97815821724492       -371.31965847979183        232.79082120757710     
  -300.22645157657439       -363.44011211980569        236.82021731135671     
  -302.79256125153756       -355.25092862658352        240.81886114706833     
  -304.64047805201028       -346.91909835079213        244.66158898668073     
  -309.91167176407276       -342.61506541185145        246.18843640615927     
  -315.63427990531090       -340.54760426105344        248.28992018661029     
  -324.23289390949981       -340.63522338051615        250.88520041672052     
  -330.13113859232567       -339.57062308370394        256.37457053083949     
  -337.33738283250045       -338.32086700014480        261.15697413151406     
  -346.27017592730465       -335.32507735191177        268.31622350338171     
  -357.03183423809980       -331.97709923290000        265.73846416112133     
  -363.27241431454684       -336.93340161830827        259.00268880745523     
  -368.55274315447303       -344.95598306882300        253.51576214970072     
  -367.92842135458807       -351.78441079142755        248.12055503579279     
  -364.17340490639350       -356.57095932972146        244.52212863816266     
  -359.87315073180554       -358.35495748283307        237.55321947332953     
  -356.41210920660973       -366.56912136912558        235.04703215437922     
  -349.28406122518368       -372.66189036241684        241.16904224229495     
  -341.99725122987616       -374.66689129329518        249.15670909349120     
  -337.96979518951315       -380.86551696097598        255.74368755282080     
  -337.79536982880211       -388.77414008140903        257.88434783485405     
  -332.84346230205125       -393.90779733063721        264.58037406117188     
  -335.08252029677942       -403.64488551630410        267.29187046135831     
  -336.88225978766843       -411.58865292384058        268.69421050152505     
  -341.23333786171639       -419.22003740731827        269.15307682023621     
  -347.38951936243592       -426.60159462418335        268.00499178327146     
  -350.37138564678980       -435.26650798269105        266.69280020809236     
  -351.90318349036568       -445.13195201491220        265.82881627680700     
  -352.16028318465555       -450.12364761374334        259.73787157044262     
  -353.27159902539148       -457.63481580434967        252.83441870039451     
  -357.20294409994102       -460.67059842049872        243.78158830459131     
  -363.76726267557035       -465.27979061050854        238.47659478781725     
  -371.73539040627259       -467.96099006480119        234.16842275529120     
  -377.41048108272190       -468.81757159665119        227.13625125574987     
  -382.81076347751923       -468.42581682734215        217.92686038177652     
  -387.30899957223801       -474.46170456086639        210.15191076073586     
  -390.42708697471551       -479.42380935279942        206.15676905964102     
  -391.46525583160945       -485.99130882152576        201.06739955001871     
  -395.49055256339329       -489.09096045540463        195.22450933385267     
  -401.59180712723406       -488.70892601173597        188.84063246733194     
  -411.78204074079605       -486.19854969752600        185.30924327871423     
  -415.18502690424975       -480.65634432087234        178.56620316709672     
  -420.54710897297088       -474.67903890295753        173.33233278946813     
  -427.22634788047179       -471.04923793226158        168.49553337132670     
  -436.88349478816099       -467.73536449121150        168.37629877534050     
  -445.73283734032094       -465.18575982831692        166.63451981531693     
  -450.88846276930406       -458.13322292415830        166.06330466476845     
  -459.30464540444848       -452.20661812065794        165.10552706858266     
  -467.38599036141414       -445.03599262089722        162.61799187987907     
