  0.30115621223089306        5.0253616872621691        1.0828949835123183     
   10.958803100744476        4.1354769675856602        4.9552868464753885     
   16.190704542158727      -0.76143775007782466        1.6781725031050883     
   22.163518512501810       -6.8153650931102518       -1.9128552561591334     
   31.128715700042633       -10.370639280743539       -2.9816738875803139     
   39.102545599813169       -11.837690806946867       -1.0807196397619521     
   48.542302363019417       -17.146805871485022        1.8988740671182995     
   56.654840234847612       -22.944176995125261      -0.12840727270588559     
   61.265831745608892       -31.480041320128326       -1.4202139935665627     
   61.980847332523410       -38.091785585102464       -6.3437571257367722     
   58.771744874272628       -43.867635858110191       -14.779156306788224     
   56.802924590833484       -52.428294454043943       -20.962131806775545     
   53.792387088189770       -57.876725779648609       -27.464169736718844     
   54.992274702584837       -65.579556660921568       -34.849626489077792     
   60.470581771890210       -71.576995505185138       -40.847604781294137     
   67.686908502612397       -77.046284546394361       -44.686584404373605     
   76.309286104800634       -79.424080056029538       -48.781098242673266     
   84.197630086601777       -83.018044379251421       -51.737478326529498     
   87.918214499024430       -91.544774944229374       -53.467057596448228     
   89.084566137443971       -99.823381744052000       -58.679336090360067     
   86.279843788256983       -107.88036434506031       -59.734941215953967     
   82.087203920740905       -115.34447980244629       -58.658892139360859     
   76.414485309487134       -120.94049834519984       -62.121832629657945     
   69.044262990626407       -123.09859737272104       -63.565556358107017     
   60.747180234773964       -127.37005258767405       -63.277601453795938     
   54.221619049585854       -134.91480675060558       -58.386066320388409     
   47.595098104106796       -140.78643139452197       -55.179673686593361     
   37.859486358235259       -142.33869528870471       -53.679291115721128     
   28.180591043202497       -138.35411739576190       -59.126123385520941     
   24.790303535080596       -132.61799400902242       -62.549530993324453     
   21.407179211603449       -124.42289214792257       -67.856890816004650     
   19.676516706333700       -115.01780115821737       -72.422240753245461     
   15.001841919971881       -107.50812009045814       -72.554444435255746     
   8.6922486237186547       -101.51062872753907       -69.388895867524369     
 -0.95003076039650125       -98.133168141763477       -66.629950411624364     
  -7.2666478646371644       -95.799027588256109       -63.987902597089430     
  -16.764599379905611       -94.640431250125232       -57.648767646620684     
  -20.777778627308351       -100.16595506828524       -49.343188556937065     
  -25.621059309221820       -99.786155255361322       -40.913930245303277     
  -30.722456937816382       -101.52365427242113       -32.372055523179171     
  -33.697544745772923       -110.27358669138827       -24.427556350925414     
  -31.654340620224040       -118.03008504937972       -19.564546644608839     
  -36.621196786805136       -119.06840357491379       -11.897030281232844     
  -37.332358767434265       -120.42301426587611      -0.91690247490865318     
  -45.608036842843951       -123.28694324254121        4.5118038312353121     
  -53.378413992826879       -130.00275251863891        8.2597065736248965     
  -61.095110947379951       -133.77876599376864        14.823988833310096     
  -65.719556835525722       -133.63265759062048        20.637243562096728     
  -69.847531525054805       -138.27561691926897        27.441874918542936     
  -73.784677753598203       -140.79662356391273        35.100836154500797     
  -77.201114256151385       -147.32209653059104        42.450568623549316     
  -82.884524900664104       -152.92207355882550        44.078319986162484     
  -91.117493099475197       -158.07886282225815        46.769344884839114     
  -97.882278974427379       -164.99707452094628        47.611818099399926     
  -103.17331374133019       -171.38859270685103        52.475250004669192     
  -108.42996044253489       -178.26685209122437        60.103799248194264     
  -114.18572373780290       -183.48676853537972        65.544494005776443     
  -112.86822026022719       -187.33906400231814        75.298407769719972     
  -107.97367904832075       -192.21953455160468        83.552339216680309     
  -104.21451061700549       -196.09444215434621        89.693265263123749     
  -99.215179982090262       -197.71200182452878        100.41610246472891     
  -95.872368465012244       -194.72150905680974        107.94585271668529     
  -94.546588271118836       -197.01430690815278        117.65715596469158     
  -98.960977024186761       -199.31881232656966        123.94971636845861     
  -98.894303241277314       -200.97583540772271        134.36099450294654     
  -94.076986310425610       -202.43562144522332        142.44124445193671     
  -86.794973628657246       -198.81108166913177        149.13918696071300     
  -80.738412229819929       -200.99974202117366        154.88713148675987     
  -71.431114662717135       -204.53623065836013        156.42035734927731     
  -63.412362408654197       -207.23438493632980        153.59618623612494     
  -58.104973237603431       -211.99561412834188        150.35694851180932     
  -56.812000291349285       -218.07577325589571        144.86352364614925     
  -57.647841488760754       -225.42072182158623        138.66742169300102     
  -56.608504258226809       -231.02817578621429        130.47999491271628     
  -52.646847928626428       -235.48709410902330        126.03540790394447     
  -53.374437935730057       -241.63097345421690        121.97217883612853     
  -58.408099495638510       -246.81991804547334        119.02694922860638     
  -62.447088562371619       -251.56704877998257        111.45920010111456     
  -67.542959877647903       -255.52373152475292        105.10085894982427     
  -67.132390452367815       -264.98643273581462        100.63615238216124     
  -61.763167858956791       -270.69400762849716        95.853798911498075     
  -55.457927229262069       -276.73604344772059        93.462681395025925     
  -55.199243271748884       -287.35347243430903        94.478073642875643     
  -51.348526893675256       -298.04620952487642        93.905713835562551     
  -43.794436958587411       -304.97871481023355        89.379031334893511     
  -37.009767676461323       -306.35338149622004        86.938245900975062     
  -29.381559092923140       -312.58516797503205        81.703439760881281     
  -21.442192830338016       -319.17216987356858        79.029951971950425     
  -16.466663676462119       -321.92924129042581        70.360825318588070     
  -11.378892497119708       -325.57803095927949        62.479342793584976     
  -11.427681192634040       -331.74988057265284        53.421614680758665     
  -5.6358978895027008       -327.14770320212438        48.580883750430019     
  -2.5684492939908807       -324.08577100309094        43.693479605634423     
   5.4820079762982488       -322.39367639912291        38.520075196524061     
   14.561571162320718       -322.44255706983751        33.897947153869438     
   21.630326996376510       -323.74501235557761        28.054619225789480     
   32.033215375917905       -319.67177570727313        29.491379316989025     
   38.987153302872969       -314.23344504333210        30.861085388117147     
   44.048621650696674       -304.17679685507824        32.350132185338452     
   45.694276320273275       -297.26342442741486        37.752469980559511     
   46.413344469718368       -296.29450252224848        47.690004614182271     
   40.786820881649206       -299.43517880425725        54.413698894251866     
   32.454205771258557       -299.10872732096584        58.562441840357167     
   24.665389885483236       -299.71871410868448        62.116779680179832     
   17.763427175766523       -296.60135934956872        67.362230848752858     
   8.4225346292689807       -293.60524108120768        70.700497122728848     
  0.71836125032822906       -289.11654605715836        73.914045533986553     
  -2.7406179147491656       -284.55271553186623        82.847350264017109     
 -0.67337884650717683       -284.67672289405743        90.067318092089806     
   3.2734226460551099       -283.33198844766974        97.346470097731697     
   8.9755050835729406       -279.95327734952082        104.50078282198223     
   11.656162713340152       -273.26132124218162        112.48259666659629     
   9.8191518651278926       -263.57374581463728        117.74432338764234     
   8.7237449743552986       -253.91599829393652        112.72787316229255     
   4.6107809823125336       -246.18425498174864        107.35271281528196     
  -2.2046091331486792       -239.57799163451617        106.61537506070073     
  -7.3890415443152762       -234.88744463397217        100.59360724914706     
  -9.2722874149589671       -232.35093505003854        93.634907827002849     
  -11.387921913161890       -234.88921850198327        84.973838710055077     
  -11.987716032503741       -235.52775511246256        75.044293229121593     
  -16.761513514145364       -234.65698211036261        64.836292687987509     
  -21.558818998965450       -234.51995115182379        57.765346414819021     
  -28.150666598413281       -227.20433867116262        55.038704079377794     
  -32.669971815176126       -218.71207007866494        55.406343928823134     
  -37.536387600151670       -213.18307076394777        58.871395289006188     
  -44.288261313590866       -206.20509127235252        62.535780616175629     
  -43.138304425855381       -198.84250525027755        60.597588667869530     
  -39.123729815747041       -194.17747075008413        55.298732729779090     
  -32.072846501620816       -186.90344089232633        51.677181620414586     
  -29.256122035312956       -178.75628936036631        52.254449870882439     
  -25.876161312342134       -168.45649524233897        56.814831388329964     
  -26.377386749052079       -160.01372418371656        58.846271713142841     
  -25.514456384227216       -148.99086039280806        56.826212246467037     
  -23.357093987695322       -141.99773745815733        54.427860610047020     
  -20.083222225623373       -138.14522785445229        46.565117175028718     
  -16.934158806458058       -133.69504951750056        34.968021615770795     
  -12.248848542647991       -130.09168648288153        27.027566866876100     
  -7.0451216499757692       -124.29064475030617        19.069262874513242     
  -5.8980988288545149       -122.17327449439648        11.401665546589982     
  -7.9275090637117813       -121.45363756873010        2.9445038236092103     
  -5.7444246551427369       -121.87982035782244       -6.4357763907698313     
  -10.080531327818342       -122.93656800324881       -17.188712529778456     
  -15.017292594433279       -118.79192388400979       -25.023669669801137     
  -19.801035981280570       -118.29658795662739       -32.797046674043685     
  -19.713111741634535       -118.17840181803960       -42.466172406047434     
  -19.882839007692056       -113.74375536553570       -51.810699737597190     
  -18.328792154361281       -104.47970040662037       -57.295900197701968     
  -23.407071447075502       -96.954450566353216       -57.760736975394423     
  -29.724503970112394       -89.961291315673279       -62.554910525568729     
  -34.087572828364884       -81.792394836531685       -65.893308524112996     
  -41.656853834871356       -77.949387461558516       -64.257500099578436     
  -46.559914860821124       -69.161541824538318       -69.026915503068523     
  -49.995735873784170       -58.684871975489060       -68.467176749639492     
  -49.261363034132714       -49.902728732344428       -66.620371131072858     
  -49.215189803445568       -40.965429168891347       -64.609797105565846     
  -44.317299539645425       -32.529206921132065       -69.266332685080215     
  -39.989316024599972       -27.818581382927206       -71.914559036757510     
  -35.101282468993723       -19.890884291019919       -75.533358674692238     
  -29.281975298105763       -13.678425504710365       -76.102932836720996     
  -25.861222300241913       -6.6318165043602093       -77.184797271679443     
  -19.183344442692757       -1.2357443283146132       -78.311924833871672     
  -10.874721100704612        1.8952474069611114       -82.915470077231618     
 -0.79481242051219159        2.8300599456074025       -82.748102270761635     
   9.2109376366990539        1.4953515699883333       -85.254137882879704     
   19.369899452215062      -0.80773142002490417       -84.649094087037383     
   28.502873553536396       -2.3175091618957637       -81.651923837090834     
   32.116673248272534        1.7690818507614345       -75.042506254553288     
   38.881970558810217        8.3647042120221116       -71.290481184383808     
   46.531985697770189        12.467487058708009       -69.864622987030771     
   51.060931934477829        22.446325191002270       -67.927792075502964     
   55.220928781893583        28.794715113150581       -68.371724166046732     
   59.334155400525866        35.462638197497391       -74.130403105470805     
   64.366468822523345        40.220185099535854       -80.075977899931246     
   59.938142365590934        41.710569846433060       -89.177342515219905     
   56.206638596558243        41.353496526366605       -96.545583686706578     
   52.606698263349408        44.669531175700939       -103.37886871976738     
   48.271045542676362        42.784387702884530       -111.83934360612361     
   48.355049469378237        37.254899916298889       -119.78938027079916     
   47.833705815035898        33.296228947784485       -128.50622687342909     
   45.171427092893730        30.538035786759746       -134.49693490233236     
   42.492901103154203        23.859387126981279       -142.18980311592145     
   41.029417261667717        15.193839673017667       -149.28933151058482     
   42.712109552067062        6.6790625760260909       -153.29683067551548     
   41.731178001327521       -2.5705536254869799       -155.07092594289730     
   37.854678119908748       -10.764588088808090       -153.86764531383835     
   26.134614815835221       -13.178101976328577       -150.70859691192607     
   16.393778932243325       -7.0815247449361181       -150.41810824922896     
   11.092050302974487       -3.9876704553086881       -148.75362274958403     
   4.9128729143575312       0.60321449978292918       -146.23943569859131     
  -1.7013821824876389        2.4015727750638973       -142.31439911250578     
  -3.9352326379982774        9.1713894052287550       -138.27290766520571     
  -3.5125239186781774        20.856000649419816       -139.09985243287724     
  -1.4366499586582524        28.221884899901859       -141.15255043030490     
  -4.0597504988813000        37.078038882513638       -140.10207727396258     
  -4.9901294702663197        46.143134444352036       -135.96862890935034     
  -3.8987387126690378        51.230867676371517       -130.07163046764526     
  0.18094180118343273        58.213763624889296       -125.98519458068562     
   2.5825371319939303        67.354426879748019       -122.05651282801877     
   3.7250812395393575        78.074579892259010       -116.74264327368661     
   6.9770961027780753        87.347886037875057       -113.76980624461066     
