  0.12966557289615821        8.5619671311823708       0.29364633215215008     
  -8.4248844084051484        5.8475683467137856       -5.1270144811809644     
  -13.643525923477625        3.9710494346192604       -11.868826629104916     
  -16.506156568239021       -1.7993961512972305       -18.474872620544460     
  -22.647065630949349       -6.7742253552648384       -20.519598180410828     
  -29.825273892658707       -11.316012866259433       -22.388398425407178     
  -38.934393445536067       -13.391431051532214       -23.884050311139749     
  -45.069673777497449       -15.581371103106738       -28.706401982038745     
  -53.778723311304837       -13.029650882684455       -34.520946271037921     
  -59.016675050464663       -10.523364436314756       -42.060761854499667     
  -63.499935004752352       -6.3350557024878702       -51.184868003029997     
  -69.902655861305362       -2.3285010224581755       -57.393720207278641     
  -72.343731811470747       0.78991593407322946       -64.169762093082639     
  -79.912459760905591        6.1333223105456165       -71.679423212286693     
  -85.216264093142598        14.088665737452226       -74.558074495926078     
  -89.102215144041764        23.681298844820212       -76.593547665022598     
  -95.355824431302011        29.900825413243574       -77.805014805198439     
  -101.57666615675285        35.253275387712215       -80.890938700988684     
  -104.42747409314788        41.418418419795550       -85.761076325573001     
  -107.14437586217443        40.600756623334966       -94.258457885156915     
  -105.50174774966180        41.762480795608035       -102.70741023646347     
  -101.03584272335914        40.699713018344021       -112.56181994286733     
  -98.808669306878102        39.966904977673771       -122.25316728179219     
  -95.069314886960825        36.686531653280205       -128.67063576407500     
  -90.267180301647016        35.914706483569482       -136.48361421198774     
  -86.801475619611580        39.925914076054760       -145.24659331063097     
  -82.600463562565182        44.952006216473528       -154.12116820360362     
  -77.524132580169834        42.439015578146602       -160.24020229821548     
  -66.344705562671294        37.442156084002470       -161.59865839525037     
  -60.521012558169069        37.740759578762372       -159.00040759326131     
  -53.638506907672500        41.979772254381650       -153.06231466282492     
  -47.832396768372426        47.602841411059039       -145.80532779983926     
  -39.796240608031177        54.535272876383310       -147.49048051640085     
  -32.431408534090814        56.754680587948023       -152.80531037471562     
  -29.986640026045983        56.066711398831835       -162.53115572483014     
  -30.681392742209219        59.045597429735430       -170.45701225843561     
  -34.251540814933456        65.897399274177872       -174.28335900966243     
  -40.641024950738561        75.404538222723261       -173.04747876756028     
  -44.031646082177950        84.898935101307984       -170.43281640585158     
  -49.376920676429812        93.904656287020430       -172.45028089764369     
  -48.794650684177974        105.07165881946861       -171.06081980690675     
  -42.869364338682963        112.38487236560582       -167.81515730522929     
  -49.824684126212809        119.17918337030738       -164.84389294633257     
  -59.835654225885399        126.59586496800728       -167.11378846116452     
  -65.397760143757552        131.73913874698053       -160.42217873529910     
  -69.321231461933195        137.27788525411205       -151.80398392994510     
  -75.411148839135677        146.68969052144610       -153.80555074921898     
  -79.040932197529202        152.30092319150810       -155.72656840151521     
  -81.777175981940303        161.71541287598302       -158.76551164226291     
  -83.240594980458496        167.54180535709060       -165.67862257280572     
  -84.705814818014602        176.53229569617577       -171.19280112548950     
  -92.231894717765471        177.57206389436624       -177.85707388758016     
  -96.674015752905547        176.47144458081004       -188.20120932969621     
  -103.87550558300197        177.43404420058903       -196.37149236944362     
  -106.02711867034569        178.36962270232260       -206.48564434915414     
  -104.66345919783421        180.53100460804887       -215.24840919993656     
  -100.99392882130397        182.04419257225254       -224.20596600973087     
  -92.346477507897163        183.81883556148154       -227.81004058854882     
  -83.361051917945673        183.05636731892326       -230.09871239438723     
  -75.079800209243189        178.64961332346337       -232.13974186583420     
  -69.347389597325190        173.31687443230635       -233.93876491486924     
  -60.451385627381192        169.06868719961585       -232.75339129798732     
  -54.570578258798911        160.66292054394989       -233.61027827800740     
  -54.051733163214600        153.63897382191868       -227.97640709099829     
  -49.561738718967511        145.61009829819056       -219.59924462769268     
  -43.821394484689812        139.78915724683827       -212.44130224461415     
  -41.724086594904996        134.87875033439855       -201.68006867538344     
  -38.485834513165592        130.37639356825053       -194.34590029581730     
  -36.909447527144401        129.48302793090261       -183.90580882795240     
  -38.405771211244108        132.81968812338260       -177.00321644908061     
  -34.117431479226205        135.81723616168546       -171.78806962529515     
  -26.061529896717637        139.42736338408372       -169.02674513413245     
  -19.278518869338676        146.15023292440441       -167.96447777532211     
  -14.043353157479679        155.21716449328278       -167.53923361619695     
  -10.170918180855857        162.77447869529243       -165.44844107189732     
  -4.3924193633531781        167.37992342809503       -165.01797468120145     
   3.4438963306093124        168.25718651086373       -169.12553509833043     
   9.9710084496713094        171.04630484561909       -172.47095671543613     
   18.664145381836057        173.21223085221385       -176.90421683871250     
   23.350332051644934        182.46549649345144       -175.44013981442319     
   22.527320576327476        190.68607954403001       -178.57058819078171     
   19.884098789249187        196.11708272023367       -181.09721872116862     
   19.103953072202195        205.98833594362316       -175.66095175199490     
   12.085932037779550        213.97870627725865       -176.13069072228365     
   2.7896820796079633        216.85225855732708       -180.27292664471764     
  -4.4204453714206347        215.85801113670453       -178.62113865564660     
  -14.905941858358823        213.53018643959331       -178.17376421608759     
  -24.884962185719267        211.50099378749462       -176.84879743711554     
  -33.973508194125166        207.66938349715593       -182.19729806198822     
  -41.679069491332790        204.08954941242973       -187.57891991999355     
  -48.707644579402505        202.33911047320026       -192.94369482366085     
  -55.632347101866081        195.33311290832648       -196.85571327319229     
  -60.240644224243646        188.46521096110212       -199.21314364127900     
  -66.301760210318349        182.25648799772057       -197.86093370745965     
  -73.309014252687604        177.18657529077615       -192.07531393316231     
  -81.384397000778137        171.66790686994113       -192.31750601198613     
  -81.454611979098416        161.00010099819985       -192.62617009624745     
  -80.854464796515600        156.26228639079534       -198.78177000762489     
  -75.999784084808908        150.12037135550759       -208.17719276705512     
  -70.514515937446475        148.21469108661904       -213.96980723211718     
  -63.255650172998195        148.59946615913549       -220.24792171065280     
  -53.992184777359761        148.66653680668009       -220.17769419399809     
  -47.127148000598105        153.15146626732849       -218.52497632154115     
  -42.723065724516310        157.91088735251793       -214.27789112371227     
  -36.283912293353033        163.42234900389889       -213.16119691068317     
  -30.740561545776494        170.62010776320034       -209.77297609711835     
  -29.086069497492268        176.18285533299161       -202.45033887824275     
  -27.892794567878944        183.40933316021028       -196.07778289857160     
  -28.311025507736325        187.22630761269795       -190.20276833829854     
  -32.079292324696233        184.18072516322593       -182.27629221044347     
  -38.956825754784823        179.18098652780770       -178.37793485234675     
  -49.050829549056253        178.22384704261111       -177.62898418728213     
  -59.061819630658043        180.92748505841445       -177.76252646795331     
  -66.971403155599177        176.71449332765906       -181.45440475452796     
  -74.548687292053188        171.25335412826763       -179.60590631234751     
  -83.106899825083502        165.37432456868970       -178.75993574242773     
  -85.873765070659744        158.11269995140879       -183.06812611546411     
  -88.516450533285848        149.47212082557451       -188.07766651132721     
  -94.487855570887092        142.29320639936805       -185.05989642064827     
  -97.540159266227107        138.78395491630351       -177.52062641597939     
  -105.48330165427646        132.30317442385171       -175.00250456231322     
  -114.61837687455906        128.34636354551105       -173.43316018986326     
  -124.22878844802884        124.12177439075793       -175.09188096454932     
  -132.03083868800948        117.00607549120110       -174.00181092248488     
  -134.47571124667942        113.59313769677397       -178.81238544416124     
  -142.90152212734685        108.96088633392185       -186.11267363331987     
  -142.90990865716728        101.14958085689528       -184.33804750840258     
  -142.46191328819285        93.367970344294520       -186.25143498705174     
  -144.46718356051684        85.632900555216509       -190.75064733285302     
  -148.53860322456748        80.258768801752410       -196.08244055036306     
  -157.02938674939952        78.897399610939999       -203.56596123801478     
  -163.58185225730065        74.982351779543990       -206.73012774518989     
  -165.62621440352177        63.742399159209349       -209.78527221220224     
  -170.58925104820034        56.967899884574813       -210.11951847242975     
  -178.56914796716052        51.142547489924020       -204.26768627619754     
  -189.23728774541900        51.371715780886227       -204.04809862290517     
  -198.66149369332385        47.705134191106247       -205.74107800996353     
  -207.35013842553843        45.264302435375775       -210.27429003790016     
  -213.88063817064483        48.713960274755657       -210.81693824267091     
  -220.16594876805476        51.704415122820301       -213.73628017642480     
  -228.85706822093653        55.533598774736042       -217.48730250209687     
  -235.29536891536210        58.523149278658359       -223.83626806204776     
  -241.85222981404823        61.895585532165732       -230.41740687664566     
  -247.97624250655096        59.993019327875736       -235.57533284164526     
  -247.11736315639018        53.130901746010686       -243.41416583099658     
  -251.95740541948177        46.080955225165205       -252.08979495718856     
  -256.31900339012293        36.007720045150045       -255.30030518944255     
  -257.98498024607852        30.095903331450295       -249.72764806469218     
  -258.91843236850059        22.034234863053648       -244.21681940461357     
  -263.06062644601064        14.366027350523604       -241.22136344290701     
  -268.31703279282726        6.7208102916597392       -239.20576756813875     
  -277.14542052501679        2.2504638352618769       -235.05518681589598     
  -289.37892336114675        2.5917010725048555       -232.81169610178659     
  -296.24115279015791        5.9709601528447758       -233.64683466219176     
  -303.97679847693280        7.3808165081004455       -233.40767913277205     
  -313.24750881012494        10.454981450019995       -231.78214573302185     
  -321.70266104630002        12.903198267821603       -233.58482470811069     
  -331.67465358662247        13.063172152879412       -233.65225924596785     
  -339.87447492418448        17.121677519125335       -233.01487816222459     
  -347.01754206082848        18.337209252605696       -231.80955452177710     
  -356.00940932161683        19.808817687678925       -228.74891075950902     
  -362.73700370500876        24.182944038679921       -231.30555779914917     
  -368.87421985356639        33.004142347847726       -233.41650616179402     
  -375.52212518812394        40.398142692082324       -233.43869814728006     
  -382.00253740982328        48.200638084078186       -232.00657900441408     
  -388.21846688664886        54.635419242781126       -231.91325053792389     
  -392.85712003569779        57.198380389754504       -224.80371035125310     
  -396.00186879951286        63.598127965804878       -216.45241829582974     
  -397.42308757148231        67.761610822118314       -208.77246657113764     
  -397.01905287718728        71.136386292493512       -198.86706402669728     
  -393.95062968634733        72.833448557031616       -192.26710952465939     
  -389.76921105261630        77.669439754930650       -185.72420931177192     
  -390.52987348530831        81.476531859961909       -178.03610682363350     
  -392.52881317831543        85.012095858975655       -168.69342576439143     
  -390.99528295160007        88.395916541133786       -159.23721337821678     
  -390.64095493846162        85.808321523608541       -152.96429376256233     
  -394.71266502371833        80.465119112626596       -147.80920199344976     
  -399.25238452272231        75.929262226106218       -140.03853633390941     
  -405.09604720886119        70.287299278780452       -135.32465020215943     
  -408.80890907093948        64.876233881642406       -132.21143804242848     
  -413.72323222898524        59.652574256306224       -124.84865171143898     
  -416.08644561506793        53.180753597208756       -119.08089379096954     
  -416.95221207643459        44.527265332398329       -118.41421617657060     
  -414.59359603071385        33.622198939994242       -115.43527083921097     
  -411.34875452420323        29.566083661030767       -106.86180012635542     
  -402.75556656702599        32.613549908842572       -98.270804127766297     
  -392.10610688055090        33.035150314488973       -95.180044154866962     
  -384.55799839453715        31.120186119933614       -93.637564120865065     
  -377.73200787815676        30.706986376793466       -92.454978446351262     
  -370.83787564924745        28.715553965574188       -88.968862232087304     
  -365.11799906001642        27.902410489375146       -82.871951182073488     
  -360.18745995854152        35.613529262048765       -78.128840576232264     
  -359.22097131234545        41.088733437114271       -71.513674122848698     
  -357.46197930503820        40.859070267813877       -61.883563394175802     
  -353.51040728909578        40.226646699259284       -52.925486295744193     
  -349.97327709655070        35.352149403285495       -47.230500295718613     
  -344.39404767181401        32.291226028929913       -40.578366472542740     
  -338.54474063321391        30.928241338337351       -33.498015038615762     
  -332.42745008492363        31.272970475019417       -25.786405885301598     
  -324.85837263744617        29.870486634829629       -20.723488150150768     
