  0.19645353916691732       0.38247486021908372        3.1893222445335283     
  -5.8557361035141540        2.8771105858374426        12.247449687204863     
  -8.2071825831286773       0.16290412275922961        18.876251306134307     
  -6.6968468763610147       -3.7140670335954624        28.181141196686355     
  -6.2739625664541876       -2.3116841090104572        37.613779431008382     
  -7.6905908845114723       -1.2226945330033487        45.690689196487455     
  -10.730806689386860       -3.6168751945140514        53.868747689844341     
  -10.919138828281625       -6.3777933054327676        62.072392973134342     
  -10.244896146577403       -12.448132420366647        71.659481900401801     
  -8.0791842478810310       -17.760866556100360        78.331994570445801     
  -3.2205227505602068       -27.170339410644964        82.632402995347405     
  -2.2688508764923014       -34.196389665251985        90.084635133899383     
   1.1807454968630040       -38.781327151974963        96.673574136769773     
   5.2106883358019616       -43.713678458012822        103.48027949749785     
   6.4581697869026584       -49.790380251875845        111.02839522095448     
   4.5056632771591936       -55.510786909173802        117.39588727932855     
   1.6846911274289056       -59.042371763555948        124.86604232426311     
  0.70115842682682938       -64.280067415752626        132.15383617103697     
   2.5459036212642090       -71.525920838406321        138.22805836681789     
   1.6993561183908312       -75.449077713305641        145.61196205659283     
  0.79405653199293624       -78.611950842730892        154.70894955418649     
   1.3701934166464973       -82.529952347186935        165.08706688153734     
 -0.79846345247656103       -83.113942086973339        172.81262071712050     
  -4.6856853864113077       -80.757121479416639        180.01206662272202     
  -4.1175209542670927       -79.267423986293323        189.39325345418646     
  -2.5033182221833599       -81.983034230948277        198.60284329812322     
  -1.3199114665332452       -83.976087960724982        207.62846961731677     
  0.31589233579189369       -78.973110738412629        213.24305167408514     
   9.5982716878165419       -74.869115772842349        218.48287102511290     
   15.432621929073015       -75.355604696475311        221.52080083306055     
   23.888065184915693       -79.440622979761969        225.78506168937363     
   30.833767802127969       -85.958567608316400        229.24561612520063     
   32.507740073440026       -91.534362782814995        238.67712854789750     
   29.412307509185666       -89.540011332599462        248.83400562452209     
   24.069503103853691       -86.771420440556639        258.33202845010055     
   18.525595774963890       -89.630595196105276        266.16966145985930     
   16.036849489686425       -99.620976092416385        267.56129633632560     
   11.488494656540318       -107.61054592948335        261.74886293262045     
   5.2115333945260680       -113.03424013257074        253.88501997149496     
  0.44549937137333728       -117.76221668191943        250.24569911502067     
  0.21953762675954991       -125.74601614842035        246.45098813780260     
  -1.3391010315637395       -131.20300532479757        240.72364527782742     
  -9.6142205873620270       -133.20697175783204        243.45839301068139     
  -17.657006119905191       -136.89799024847648        251.64815837655220     
  -23.358793494750387       -130.32783914356781        258.29516436768540     
  -32.533431565160868       -126.51888420186492        261.75879240804471     
  -41.448608688544937       -125.09950316219692        261.30038699691869     
  -47.897293513885415       -123.50240451556306        260.27682432676914     
  -57.850599186778481       -121.15769034139248        258.78669021791131     
  -66.687753745086525       -123.40753073665084        261.73911751364199     
  -77.831734190449652       -124.98566563170067        263.67281842765607     
  -83.777274429266072       -130.72312970164722        271.23683687260734     
  -91.780602775426871       -135.91292873398953        276.37948112663810     
  -93.481207108655553       -137.46118713126310        287.04270004191886     
  -98.400033587745270       -138.14116994323126        295.51251550867607     
  -105.42745211003648       -135.61552518884571        303.88139442574965     
  -111.83636281719470       -133.27179900584298        311.06821247230368     
  -118.08337516016309       -129.39739538645952        315.16666045491110     
  -126.53940290342780       -123.65507046581479        318.71763184010257     
  -137.37460875847790       -121.90108399380296        322.80693891436368     
  -145.39424961958719       -120.44209172002326        327.56405417818553     
  -151.11173535001592       -117.95359298480628        332.52742312488851     
  -159.74327591537974       -115.87272699387989        334.52975014562537     
  -166.46645736778657       -107.75921312973060        330.77297284114610     
  -170.92178327304862       -98.280762771142065        328.78523721348813     
  -172.11325003134573       -89.490732442961018        329.21450888362807     
  -175.55712618556612       -79.598827175668077        325.41629694010652     
  -179.21341694284172       -71.756967314726566        321.24310901250487     
  -176.45571146921208       -62.699322983446706        318.25814002376757     
  -171.65660041156480       -57.260592864782382        320.71492495878039     
  -170.71799438211849       -50.096662184383618        322.91892338475941     
  -174.79420138325696       -42.900696722754532        326.31476012693361     
  -184.37341340078461       -37.351376024862873        329.89762723677120     
  -192.99673418786813       -33.209327987432232        333.61686518378059     
  -197.55509769573507       -29.184829867235450        338.97084099067564     
  -204.68568487092523       -24.040063757644816        342.92846410252076     
  -210.89975971492493       -18.027577772181417        338.15505161048878     
  -215.12399880469070       -13.939956924016158        334.84696976779031     
  -220.72691093296322       -10.873541567691348        331.62497340700133     
  -228.76603568386491       -14.234419630264185        330.19084062897161     
  -233.78848539797946       -20.861082857289404        329.06040784248790     
  -238.45450668130633       -25.593257544920618        330.79109338011915     
  -249.09431195457967       -25.875513478975861        334.90379992273296     
  -251.42641386042897       -28.325101122272415        343.98954253771097     
  -249.25276979315856       -27.452009988529582        353.47548536425182     
  -246.40977972789653       -22.228820422160354        359.07754262608233     
  -242.44030989776030       -16.900771349521762        363.56029661161602     
  -236.55536404330383       -13.275337359947116        369.58051700438864     
  -224.14687322873488       -11.598521479782406        366.84131842636941     
  -214.87072861483250       -9.7408234494003096        367.28167906246381     
  -208.50849835826750       -6.4069130128844165        370.48612790785103     
  -200.56922410089885       -1.1485164762841720        367.14010024127691     
  -198.60858781579896        5.2880849540596131        363.82855173414742     
  -201.95307570129120        14.465124170129272        363.20425518975128     
  -210.60423016676702        20.329887583686457        363.53861038437026     
  -211.91920619173055        31.413181962838877        365.96351512214432     
  -213.87902480273567        40.436914419976205        360.71685951139500     
  -211.30496556492409        47.156094290963395        359.11029701859525     
  -204.73423991012476        55.198271992142168        355.94597943823464     
  -197.62232401864287        60.995499391850757        353.87595681473897     
  -196.34681709112607        70.165485373749959        352.22818484604954     
  -197.67492374921267        76.493726366791350        345.88109107655293     
  -201.09385727614472        77.205005274022540        338.12109928886429     
  -206.98561978748603        75.122085937053640        331.93625127615883     
  -211.41508437751139        71.231929507001070        324.73295124357691     
  -211.97174482578902        62.850706983834215        319.02200649097858     
  -207.54603961694954        56.450922894878531        314.66031308497685     
  -199.57035363589870        52.228504797378577        309.20037591412341     
  -193.13097151876838        47.410657966215922        305.89320937175717     
  -186.61388439042884        48.106451632790325        310.01691073121685     
  -180.25884965580951        50.714970732901250        315.22438746182610     
  -172.14699761405910        57.780512932346596        312.89011877818257     
  -179.68927035313880        65.321141979845464        310.86302389344104     
  -185.37062176113614        70.237008751620067        314.66028616571077     
  -189.34309041870949        78.672916263655253        318.14560859660463     
  -196.83783857112979        84.555377157039288        316.04037374722043     
  -203.16460678757460        91.076193123890022        318.57249977721807     
  -203.34304712389422        98.765483590684369        320.05418789541420     
  -202.46764942863098        105.55723529024144        314.08371599613247     
  -203.07846549464341        110.64417713865004        307.17636564118135     
  -200.30081605252548        117.63220518947907        299.75347701174167     
  -201.17214578846176        123.68912907835198        291.50450190670063     
  -197.02802147123708        133.31204034530845        288.60631621984135     
  -193.06917304827317        140.29961550325760        287.39911829551261     
  -194.07650298961289        146.25770620019665        286.07178707329911     
  -198.11724013806713        157.32012524637545        284.48188298386486     
  -194.78941071526106        160.02978907845380        276.61646590996020     
  -193.95921029682904        158.68681258409620        270.67002787495028     
  -191.60939696178775        156.37806887978073        261.57749802686772     
  -189.73360143261436        152.06035521149400        255.01411535350087     
  -185.59054415288944        145.09626541720155        246.78711808492824     
  -184.63970924308080        140.05589658284083        240.08541229668606     
  -180.20367188438996        136.60035480685991        232.05689744957249     
  -179.72226007487478        128.06056384435485        231.94857860968568     
  -180.34496323251142        116.00159843181916        234.78751449731897     
  -184.59777929165500        106.47033835794153        236.87490881336134     
  -194.54952742760065        100.11835212819648        234.71203542408500     
  -202.47453445536883        93.877100747632767        229.68384267688384     
  -206.87786133536696        87.565793146695171        228.32244981852784     
  -214.71664008859369        83.884752495259988        228.99356969038251     
  -218.71565044260365        75.379159127207629        230.10219962810413     
  -222.03905199023876        65.808818088514926        232.67878564175794     
  -227.72403022537890        57.344414394493796        235.01977239314112     
  -229.64807883665532        51.529468833491066        232.46107364787485     
  -230.94314474330008        42.121082442474631        228.91317207445468     
  -228.54398802502965        36.626349846391946        219.09776956593680     
  -228.76084261779829        30.554647913361435        210.29867234335029     
  -230.21146068992232        26.470034570333155        204.11709113235963     
  -233.76092763995263        23.907358330807511        195.33721902180514     
  -233.32319807740470        26.209629547573201        184.87970457699112     
  -228.98926693865741        31.623357320427090        176.54835410851638     
  -225.25559584380210        32.786751574805010        169.55677534289305     
  -220.81908046428418        32.475794365762596        159.73036161683456     
  -220.86493284454616        27.681817504562986        153.93461169121542     
  -222.07135474997699        21.766243666875482        147.23417313774735     
  -220.92766641030585        14.859609188063047        141.17668026116439     
  -221.26951509044841        5.8292082533683498        138.78087460844426     
  -221.57034015667728       0.37092874198561532        133.96516499844870     
  -221.18101924758139       -6.8814771146291989        129.77993432059077     
  -223.85117093702684       -12.782352159015609        126.03233584380303     
  -225.33378595081672       -22.057040640251216        121.33315073573215     
  -224.35074350614906       -30.947018587116759        121.19025065212031     
  -222.48244029917151       -40.142675159984123        120.43976570632174     
  -210.83775265459371       -46.191818846608228        121.53846656240933     
  -203.18455882856028       -51.980029470591830        118.81683697056349     
  -195.93313369207101       -57.245267388910193        123.76311726467839     
  -192.00273300029977       -56.601460727949600        130.01310858811814     
  -185.31315782821639       -52.186763622349361        137.92968390522276     
  -177.15579554697172       -48.088552327850223        139.04128447929315     
  -169.38482946055194       -44.185689691133277        143.03238120190076     
  -161.03426133535066       -43.852323312188332        147.18059344629694     
  -150.80177904765742       -42.417688733755639        145.78729388944214     
  -146.19007130454685       -41.244475030589371        138.81301281720550     
  -139.37046915512298       -40.146471565565889        130.98337507324163     
  -133.83388654475289       -37.269548787935932        123.15275674454915     
  -135.83150346929659       -37.749845012865578        116.67590882452112     
  -140.63349464806100       -41.686907775751280        112.78201615239391     
  -144.48188443175860       -48.607953378368521        105.76533167557545     
  -146.72074114587326       -53.048250737892900        98.276716282371467     
  -144.75715711330110       -57.872378629237062        93.452793376456157     
  -139.77742171200924       -66.451995485510110        88.714158394432047     
  -132.72742111800079       -69.737757775643360        86.532541729849754     
  -122.36076688803212       -71.511361527397824        86.696421804839702     
  -112.81473134642135       -75.582730523991657        85.794347593476459     
  -105.89843199486245       -83.614926120137483        83.491564952459044     
  -102.84141009930374       -95.502640979683122        84.005301292271952     
  -98.679136131446739       -102.68832292212110        82.318354401640477     
  -92.302168944998584       -108.79491873078788        79.818273775147986     
  -87.700459129284013       -117.07227638593113        79.130699706225755     
  -85.767062791379146       -124.06671995646209        74.143690124019827     
  -84.096541444680781       -127.37212726068225        66.960698467494353     
  -80.465189688843964       -132.37761936860130        60.690800917487195     
  -72.898134623971941       -136.03847568991623        53.004500577859517     
  -67.844387198174388       -140.14744631529487        45.284489271921075     
  -64.187482862302829       -148.88526153030307        39.794393394012218     
  -64.599942649768423       -156.30811290631615        42.239812940159595     
  -61.529212195924856       -164.14151912139724        43.061246659328845     
  -54.725478986604628       -166.79617493582381        45.610249163968888     
  -50.017151258394165       -171.14129801803352        51.926802006757839     
  -49.820496097821149       -180.99369031890299        55.526605284516450     
