   3.6124476929127525        1.6131590696240039        5.3941502366377563     
  -1.8958899495062838       -4.5776920372427981        2.6453844046012023     
  -5.8019479979771518       -10.715651571727932       -2.1785959200442733     
  -11.133825427906118       -16.736735934391731       -7.3778719422678023     
  -10.360040961867213       -25.352416229344584       -7.8769106642125735     
  -9.8150349944739617       -35.546640003446129       -13.365467833043681     
  -12.433787267892029       -42.343452814101170       -18.712336826826260     
  -15.523244956905558       -47.487601479704836       -24.093561306629425     
  -19.503135448783468       -53.458126992420659       -32.219076337435610     
  -19.982475505407564       -59.645376887082620       -37.096151955587345     
  -19.180162261501238       -64.214702717246155       -47.021213397777956     
  -19.073576966440555       -71.990030508232763       -53.853307540391228     
  -14.477342074690426       -79.133778601911388       -60.189545768434755     
  -13.206523285842479       -85.870705525688649       -67.814038654388924     
  -16.170307277593025       -89.325686111759438       -78.513722250773924     
  -14.037888887516516       -89.695166156796276       -87.833544680368618     
  -12.774513669131352       -89.512459894624129       -96.826027127249972     
  -8.1006582684223929       -90.492275496792900       -105.90305237520056     
  -5.5829304829744615       -92.323120158536184       -113.67896292737164     
  -8.2185848747938337       -93.892671803588982       -122.07124033523289     
  -15.086634286768856       -94.968896240123584       -127.85229477508595     
  -23.315329522913288       -96.284151118458254       -133.80368782368078     
  -28.517420374758586       -101.38286162710982       -139.43562884650242     
  -35.253836701837429       -104.77822273679487       -142.66472137364198     
  -41.609631170685901       -109.58184835804420       -149.68687078224474     
  -47.119472071454965       -108.59176587303480       -154.69405410787869     
  -55.057755204039076       -108.49982907637528       -161.54317021192330     
  -58.250925855508889       -114.73256469674264       -165.87562148237441     
  -54.811401065263972       -120.52717162219010       -173.19689696023474     
  -56.428295567509402       -124.02636676273154       -179.43443378685075     
  -64.598829857000794       -127.77212201184102       -185.68913580288719     
  -72.872228541599384       -127.79547747652828       -192.73818963776489     
  -81.791110777940474       -132.06162675975690       -192.62775333468616     
  -87.240422739995836       -140.63447976108728       -188.70299908806288     
  -93.819552616524930       -148.02295882869433       -185.17447312802625     
  -103.93737755872958       -148.71517312740013       -181.44974211486175     
  -111.18004752692306       -142.09608984033531       -181.41153226780725     
  -115.02881589915354       -133.97423811612254       -183.11790111397684     
  -121.10347177444638       -126.10132257077889       -179.84195309495644     
  -130.59857059265622       -119.28265715739022       -175.80204033469070     
  -133.55676074644774       -110.67338260298747       -173.54213286787589     
  -134.32331787220230       -105.40688998383266       -170.74730122068067     
  -139.09953969604081       -99.910731815545176       -163.40539279501701     
  -144.30281927782070       -91.604027562418707       -158.98332713755360     
  -149.41528719424457       -93.429234011266459       -149.80243853148650     
  -153.20592664050361       -89.631990186867952       -140.40092073323186     
  -152.56835021356514       -85.018280285240920       -132.29661843250611     
  -151.27932401756092       -81.933947642191185       -123.13080355415474     
  -151.65430011701326       -79.835262519324374       -113.78287861816669     
  -154.97140035208633       -75.218972950420550       -105.14865990011670     
  -160.99577814003376       -72.135232747412886       -97.295782820512088     
  -168.21197004904607       -68.143373438008382       -89.020504315882235     
  -172.56432502218809       -65.767769810327934       -79.161896988571684     
  -181.13840815478306       -63.900292335742790       -73.443746163078131     
  -187.84104695996029       -58.142517264716844       -68.355236378706039     
  -197.01417075582771       -54.734722052302033       -65.143338789818799     
  -207.22918620844138       -51.587292282253742       -66.133862853732793     
  -215.11171093570070       -46.228785399280952       -61.938585520126011     
  -222.80268458296922       -43.416135844955676       -56.428202451494613     
  -227.69344818689729       -39.366950352226468       -48.151094858959326     
  -234.95882221143586       -37.602531715201451       -42.830644446022418     
  -242.05451095756666       -34.456469700617305       -41.319223006301414     
  -249.05140526758805       -32.307293122123582       -34.110788395380737     
  -252.00656399060543       -39.185225843351759       -25.323408438588174     
  -257.58658920068552       -45.396181973281017       -19.753875748407907     
  -265.08654684180647       -50.693581906296515       -16.391066677946540     
  -269.67386780652276       -58.453634449880525       -10.920249515385635     
  -270.05265527040177       -67.544005864294519       -7.3402803372976129     
  -265.70501522261458       -76.041595514273780       -8.6047339516571668     
  -269.10634557890364       -81.177580995911995       -12.442670848391813     
  -273.20709383255331       -87.516556104199879       -12.194172416827527     
  -277.46156726590175       -92.563930517177411       -8.3433273271456727     
  -284.45030590557252       -91.078071961133418      -0.23895056043836804     
  -293.23195282559726       -88.889672159525531        5.9238138928431718     
  -300.44474825760699       -89.622436161455170        9.9425944334990817     
  -307.52231777895531       -89.454353638019256        13.086861207773964     
  -311.82293980626230       -92.215414608340353        17.841868877308585     
  -315.98170304368364       -96.487185761676088        22.960278780405091     
  -324.81381051864804       -98.958833490146091        25.199796630019549     
  -332.28548492197353       -94.209823387320611        24.158097597235852     
  -337.09836641345231       -88.653682323874762        17.830987186341375     
  -340.18419523082849       -82.570163117676827        12.885253754421697     
  -348.37820597061921       -80.416074605059038        5.4316999915533737     
  -350.47880689611952       -81.503336750748872       -3.3287543455916047     
  -348.35404103635483       -84.471366636715501       -10.289829155605631     
  -348.80655567377698       -94.154993243160064       -14.537391378550367     
  -352.12719302334114       -101.26079097081478       -14.777756856638902     
  -348.98866108620490       -109.61901121714193       -17.603456797156625     
  -338.30927455870960       -115.94615033298246       -15.032027465972519     
  -329.86012588865560       -121.30362285654567       -17.149604819743743     
  -324.37273609990086       -125.11449247305602       -20.107820877523935     
  -319.87942929171038       -132.80784104363926       -19.277407309733618     
  -322.13919139621771       -140.36878809317159       -14.706734713804636     
  -331.04572329530873       -144.50482937941780       -13.416355829398825     
  -341.44108789017059       -145.07183570008692       -16.170033900791040     
  -348.96066720992667       -151.76415435499860       -19.881540510235183     
  -357.80482029985285       -156.41077494646791       -18.735005067212555     
  -357.20433567069676       -164.63454669065740       -18.030564675064326     
  -358.77302941817595       -172.71869051368429       -15.298039166595643     
  -359.11562040892090       -182.01968806661793       -14.367911952818943     
  -359.56424644950084       -187.61703348295049       -7.3307853038617870     
  -353.00680961121299       -188.46521260739311       -1.3051837382204350     
  -344.57159632269764       -185.48516341841807        1.0786243337625625     
  -337.13564660725609       -176.61673267601498      -0.74452866147701913     
  -333.35870673089227       -167.28764217748031       -5.6412485036797326     
  -329.33905881328565       -166.60642757308443       -13.110369096952624     
  -325.38128054924687       -167.14467936249224       -18.646283960745947     
  -321.85033944585427       -172.61970229227620       -25.107895652734541     
  -319.02311172884475       -178.67224189611517       -31.868041611808465     
  -321.82102210546833       -186.38506223083544       -37.931971422392067     
  -326.17567700598755       -193.34591721173200       -43.780874160779447     
  -329.92406095949235       -200.87324012524479       -43.449487842573987     
  -337.45374665514004       -207.73669605237706       -42.320561527082319     
  -347.24456061123004       -205.62268503829461       -42.136596894685553     
  -355.84109420422607       -201.60432695388744       -38.912139818214982     
  -363.10362977433351       -200.12886239225773       -32.365471552201754     
  -368.49920533110856       -193.88555435581949       -25.446816099075036     
  -374.30040350119532       -187.45780080776410       -22.882046905396365     
  -381.35342150755321       -184.95880770974594       -19.878471560573431     
  -390.38473618962655       -184.39628371595583       -16.259006787582493     
  -400.48587557894939       -180.69087436665339       -18.709267910650354     
  -409.61701503510375       -180.01312657159633       -23.543650941434933     
  -419.33168766648760       -178.46592055203402       -29.981102692143295     
  -431.06318461338054       -178.15006016303636       -30.822250572503307     
  -438.71326562589297       -177.46639475476698       -34.685917621912338     
  -448.65086597911767       -174.34160716409951       -34.540822133972185     
  -458.77416048626804       -177.42706143188295       -35.833078846443371     
  -463.57933043772897       -178.94514911185257       -40.807207740193334     
  -471.26547304279779       -179.86142969087877       -46.621659514616951     
  -475.49398198370994       -184.16628813799892       -54.053396950175951     
  -479.00945792613652       -187.35157834194044       -64.261827915353152     
  -481.83142139938968       -192.88376393479018       -70.843247389211044     
  -486.48322842020156       -198.13228198795019       -76.185082318245449     
  -486.71346339322002       -205.41979290515943       -83.140662681337474     
  -483.07351391042573       -209.22106060310168       -90.788111302003031     
  -483.55191070121055       -216.62388402079162       -96.146576956946106     
  -488.13832526766015       -225.34427065099669       -98.218329121844775     
  -493.27798450973552       -233.88438560498446       -100.93914197976245     
  -492.06473054292763       -242.81112981423883       -102.00002847837563     
  -488.83628869663414       -251.56875880730655       -105.96772794886682     
  -484.21691856300765       -259.46216939861159       -109.48984313244746     
  -479.54043335780312       -266.25875657539586       -112.48141466676491     
  -473.92471386898671       -267.80907491396192       -122.10976918974065     
  -467.87909243642144       -267.12063989659839       -125.14440365230230     
  -459.86686904466075       -263.74142017233663       -127.66794393121535     
  -450.04218752767622       -264.10921455545861       -127.38840032060219     
  -439.64861249290743       -264.92462719325010       -124.10250322234180     
  -432.24349000193149       -265.58837870931933       -127.40811179220394     
  -424.57430632965008       -268.24453019157050       -133.75204111062519     
  -414.99395354597959       -266.46096863049348       -136.99286367376331     
  -405.52915874535881       -259.04433324721174       -136.49229339265858     
  -397.98266732789182       -256.17052146022701       -131.29196130450444     
  -388.82452503263784       -251.42288350235646       -129.54430399906903     
  -384.13176512858576       -247.81044263307803       -135.08653448039496     
  -380.98771403916373       -248.20856219912986       -142.99134789268842     
  -379.74264129258660       -246.68872482102714       -150.62955709035893     
  -378.68747795843024       -243.54376589713345       -161.58588022838157     
  -373.43342759227852       -245.37414690132445       -165.67429323150063     
  -369.95706675390926       -247.13149399768929       -174.59295448138539     
  -366.85593583564878       -244.71745077428872       -180.93133455424189     
  -366.48744532920625       -244.31864502320374       -188.32868629589350     
  -365.93515748230215       -246.68194133782825       -197.14280214150293     
  -366.20927907540613       -251.57195920867974       -206.28519935130666     
  -362.12405735984805       -254.65233317965857       -215.96683608371026     
  -361.05015883597156       -250.20830142874661       -223.80324520409656     
  -362.73931355240177       -247.12757826643571       -231.24351665837298     
  -361.64420898809158       -247.58192982879254       -239.69819406818706     
  -362.11708519457557       -246.56978639006479       -247.19425219460760     
  -359.51061283369239       -242.65625715365283       -254.13435462833522     
  -355.92655327552291       -238.77426399417763       -261.00110280935650     
  -349.12361851352836       -234.55966648527561       -268.56284512711494     
  -341.81368979035074       -238.13257683248059       -275.78315951087069     
  -336.90199809474035       -243.91418402849351       -276.60834377763263     
  -330.78151912595069       -252.45381205154797       -277.50386010008009     
  -323.75064183336741       -259.49342829838076       -278.65389078972788     
  -314.57672062621617       -262.67267121401545       -276.01806133834248     
  -309.44258447557240       -268.23556935137736       -270.60675537489595     
  -300.05660183256833       -274.11539639844528       -272.32979283470229     
  -292.27871108766578       -278.28296585274984       -273.86053519863111     
  -285.19821018022367       -282.14784491684571       -277.50802331682303     
  -278.60804661531290       -289.87460705650096       -281.30872252134373     
  -274.40263514903722       -298.26433079330502       -282.84767567406720     
  -269.36405966871945       -306.83687504391634       -281.18043880834966     
  -263.01437424025664       -314.15312597214785       -283.10141372831913     
  -253.89011823552690       -318.77666929991921       -284.37872818219091     
  -242.02884380636897       -318.56115903709099       -285.73143852165970     
  -235.59061357836308       -325.65201090743585       -287.71125718335526     
  -232.06922056602085       -332.37667789847666       -292.47025161681415     
  -221.59669233498164       -332.31741848569641       -293.10534215519453     
  -214.29265562277126       -336.62412682789301       -289.14786953319401     
  -211.62566817990245       -343.36269386833368       -282.44230434389755     
  -210.61531339340991       -350.11175804845703       -273.87548699928197     
  -216.63314687273237       -351.99529044496592       -266.25951673394803     
  -221.20899117079014       -348.84372745489850       -259.53239193061216     
  -224.71104793785202       -351.22427576963463       -248.13978313444153     
  -223.25698946416000       -352.86794956796530       -240.25853958412557     
  -224.66719395115061       -356.43726627836406       -231.81898705822439     
  -228.84397299939695       -363.69810654157322       -230.73766877305579     
  -230.31714311693321       -372.97903303732045       -226.96384369790078     
  -232.60897519890372       -382.29487883716797       -224.02321997531590     
