   7.2958815906226278        4.8001707446344994        3.3638222275558576     
   8.9360224698690445       -2.5393942122135797        8.7007970289112393     
   9.2752643594815254       -8.0660883124425311        14.295484429878769     
   7.2229366454310480       -13.350709092200248        21.283958907480695     
   3.2107101646682850       -19.676071425599844        26.327843740417606     
   1.7937491757529074       -29.953963828942960        32.264614626382993     
  -1.9816929932594007       -37.203153042529152        33.468377043086946     
  -5.8666713471942558       -44.890690051317847        33.579230529502865     
  -7.0926696893286021       -55.138336816098217        34.209482587208214     
  -7.0974124072112090       -62.167552428250019        40.291828525728988     
  -7.9814997202291238       -67.394414675822134        47.341784131459555     
  -14.178817021865143       -73.516350887815747        52.691259567531574     
  -19.782656875179782       -77.847913554785805        60.078004913443230     
  -24.222398245954480       -84.049924566780646        65.318490082122551     
  -23.617129180352322       -94.566415663324847        70.119674307320864     
  -22.175484685271670       -101.93366303376661        76.072189682026817     
  -21.627204028319227       -106.73483472225138        82.151180070321800     
  -21.609617715419006       -112.70424738491187        90.388605715245006     
  -20.568293695315049       -120.16693529029902        96.337768771334950     
  -21.783170350824207       -127.85431292674889        100.91416523023925     
  -23.692329969823334       -132.94926100519496        104.56190269083605     
  -23.428471079387236       -142.45540083857259        106.73771800260602     
  -23.797725669591159       -150.25145591242335        110.47616267368304     
  -22.369941427919002       -158.78186669099307        115.41754846744115     
  -19.709412004404840       -168.80420254520345        116.25740842894812     
  -19.101910625140704       -175.81138839609321        111.30394255032526     
  -17.440386879498931       -186.31264519532579        105.69666649075684     
  -12.317256402603448       -193.13125195497071        107.77652284879925     
  -4.9520662376363589       -196.49806947154258        112.29607688994373     
   1.6858455185593471       -202.00011423934637        111.33763854528628     
   3.3519937793025179       -212.43212990037813        111.40119801266279     
  0.17155838421359704       -221.70045420418728        108.28869313497285     
  -6.2438014700249482       -225.14885414581596        101.37079266077465     
  -12.738106789787764       -233.21173593692669        101.00836483135534     
  -22.177795336914755       -237.60019791607533        100.08786874850445     
  -27.709964857075533       -238.10469932656395        90.572911969792685     
  -26.528118627456820       -236.18610079223879        81.333049533459914     
  -24.684054537125462       -232.74715508740604        72.033867723284175     
  -22.339682628844002       -229.05529357676073        64.310997743740586     
  -27.829343651535623       -225.55336150481730        57.616778185569693     
  -31.198036675104504       -220.17689178542179        50.259036735774735     
  -36.057110777365608       -217.65287662286772        45.001908614225698     
  -44.366784988347149       -216.76731457976831        42.699307506490001     
  -55.241194260031875       -218.47778041751548        39.091425335728843     
  -61.973068474038769       -214.13470719608233        44.815814931375897     
  -69.517740189800975       -206.06598672347883        47.543049347175725     
  -74.801592061731753       -199.60996480550125        47.650373316109331     
  -80.871003764141506       -190.75897320113313        49.502296215441561     
  -87.015286543786146       -185.08902911090746        54.601250359327686     
  -92.988388327237601       -180.71115031930901        59.058662161711929     
  -97.617808816989964       -171.03102939201335        63.586551739937171     
  -103.53852949426926       -163.88569122415163        66.626903807275710     
  -105.99595164855634       -155.19240899438853        68.245326369857892     
  -109.68310575661792       -148.73603654390837        75.792928243013449     
  -115.97691278633670       -146.41477797799803        82.185200344007768     
  -120.28455815845581       -145.11232959448154        92.123477297868391     
  -124.51752375452941       -147.59677616464353        99.531183285998338     
  -130.50079683273543       -146.08282120940726        110.65324039173404     
  -135.53069432164750       -142.08337918207064        118.46308131452447     
  -141.70005666225950       -137.64910199654094        122.14118147867605     
  -145.11006640910216       -130.62171828286228        125.93825093862041     
  -152.11944979401994       -125.84113012962626        132.15959540118595     
  -159.49002073237489       -119.18504191125811        131.04049814752690     
  -163.90797406063928       -114.90339540516004        123.84287115625790     
  -165.38435378372742       -107.06253936138143        120.22624646587099     
  -168.31812697980229       -99.582401747684457        118.44038458073229     
  -166.99820782463519       -91.193441614664550        114.34062500065703     
  -163.67691596310294       -82.697970863181979        107.77990981637774     
  -156.03636966187321       -77.625199489009560        109.43266419698523     
  -156.99935379042017       -70.150384553205697        112.19140386537825     
  -156.03802842599180       -62.807840188211571        107.78333829623020     
  -153.83645739326630       -59.422191526572192        102.21901301843431     
  -154.59181687785861       -55.567011842316731        92.936243919981578     
  -157.14308477413817       -51.565463011074314        85.104811131636410     
  -163.35316474076399       -44.607858422961385        79.391470695844973     
  -169.03692240447299       -39.726551711713626        77.609290390484659     
  -173.35246225411709       -32.135533083954101        74.245667199305359     
  -178.21836468180527       -22.765891325967686        75.545263357968537     
  -185.15530932815045       -16.373647110271975        78.812466413378644     
  -192.33499091660099       -18.301459423761173        85.592754675257794     
  -193.81693548960652       -20.140667840054050        92.791462530394313     
  -193.80929824826330       -26.090258861675636        101.26886583623872     
  -199.57415262556503       -23.910877947965105        111.12862395095711     
  -198.48589969629791       -20.085610771802237        119.45989178861366     
  -194.25004144177137       -12.298309754501332        123.59150428032434     
  -195.13984811164801       -1.7472561969551066        127.65018964938292     
  -199.82859749876252        5.9658498120425918        128.72181237896569     
  -200.23175757491163        15.525533102962953        128.08661354025668     
  -193.32138393376840        22.395715074419115        119.85423061476571     
  -184.64835773812615        26.870554790838611        119.46783767853077     
  -177.70029428809949        29.228244224465783        118.19621089616004     
  -167.55426081170140        35.432404252547343        114.90075176331649     
  -166.50108284705732        42.105241844708132        110.21307435680025     
  -172.42185749527846        50.920178649454215        106.92181132565860     
  -182.02631568002334        50.925867523262923        109.02292777677319     
  -191.80377988958469        55.114884200034339        112.34781848175662     
  -201.54366521909606        61.704284751460619        112.27106049016844     
  -206.20531610111277        68.132243156656273        116.90417022696322     
  -211.90869114403847        71.635839029901121        118.84944150758058     
  -220.42353240610601        75.978422825806604        121.85683751028863     
  -226.75842908085281        80.549050162653856        128.79346617547748     
  -231.16840532886613        79.957025871120834        138.22864313134150     
  -235.24139347934727        75.683995616754856        147.24375199321332     
  -244.83145871468707        70.094269273263649        151.19378211563642     
  -251.85742500704464        66.211219396003742        158.68466393447233     
  -257.38470449447254        59.628117976757835        158.22270591303089     
  -257.14447165362685        53.662779359733804        152.64894915285134     
  -251.22620491104772        47.666649423844092        144.78751368485692     
  -245.03048182880161        48.925291325830045        139.82467292549796     
  -237.91012602148078        50.519587091187958        139.87076989110710     
  -229.98315843425837        56.406830969935385        142.28328992105409     
  -225.78044162351023        64.766397363431878        141.68045956485747     
  -220.90672259838493        72.037938175117887        141.49298963793262     
  -217.62093926918294        81.201659652078803        147.15950855307727     
  -221.32141405857294        90.191306827725526        146.00128004284795     
  -220.15492325045693        98.990700754457123        143.70704775822713     
  -221.97982657108571        110.53399109243182        143.52119343166601     
  -221.62817007356762        117.11665513880804        150.02018627625517     
  -224.92502664998449        123.62160578903033        152.05121574366154     
  -231.40310681560595        131.34997165751105        153.03812634734658     
  -233.59755275323403        141.26083519734129        150.96676051547075     
  -235.09441237357191        147.72703222050279        147.47851864878638     
  -242.37264266650254        154.52385646982464        141.31558496310333     
  -250.02542170582467        162.03670854852592        142.82464050806186     
  -256.06825649139944        166.02497450926808        150.14443628231709     
  -265.53426194949668        170.61472325775037        154.45378987878630     
  -272.74533700996915        178.54164144671216        158.22509751601382     
  -278.76794001130668        178.42090665980032        163.38018593317085     
  -287.23509479028132        178.84745962759604        169.87920494388982     
  -293.82969371994648        180.77352937226777        177.79015269312592     
  -298.96420485786837        180.71881013906523        187.08593894212606     
  -306.54428049684407        181.34169271729701        194.60460218402898     
  -316.24974801738176        183.60711779792777        198.70059641909779     
  -323.68502945032446        182.40412514550059        204.01650008099477     
  -325.34515962453270        175.44154184241523        207.93782461101995     
  -332.58502074667422        169.42875297793788        211.49122491195274     
  -342.78374831543442        164.02709529454410        216.20185044369407     
  -348.67402270826062        163.35883822465422        223.65290653919311     
  -357.11222849617729        162.01411242721409        227.16393832675374     
  -365.82578291440689        154.62722618074235        226.25147308397092     
  -374.62610796879733        149.44370609376560        228.30423779964136     
  -383.24918889836408        145.08788654345938        225.76836560112719     
  -388.31285477335712        134.76875799236896        226.97306061315007     
  -387.94365674508049        128.02551299655323        229.53251837537036     
  -387.97886532356222        118.80561139842499        231.53579983167504     
  -393.65822267226656        111.27456401764459        234.44997750832187     
  -398.37426890484721        104.31355902003617        240.17942630803520     
  -402.24996716903104        95.899834839909374        239.41482714774014     
  -406.43558916543338        86.984893641990226        242.71149233527740     
  -415.59384860290925        84.265387083276664        248.61204408063216     
  -427.68030345035936        82.399336523118421        246.95817053230235     
  -432.74776174585872        73.490785970638171        246.84005602866105     
  -436.92867333512845        65.304885187744361        241.09734415224611     
  -445.81775426675733        60.889172171958393        237.09053938894226     
  -451.64497102484347        57.404549981712933        233.00017856538003     
  -458.06479851705194        58.739587912890130        229.79069299580101     
  -468.09454107543525        56.339533144659271        224.09374201658420     
  -473.63087860191138        52.516204636122865        221.80699914676637     
  -483.45086289624112        49.433107282118442        218.19775960952344     
  -488.25290008653815        47.848775551559982        210.01401697855533     
  -494.48773705046744        50.789801455488885        202.12274997103094     
  -501.26688101909076        48.991169028410781        196.99413791663648     
  -511.76278566869121        49.070593080449754        191.83811969088791     
  -518.73958473806090        54.930670229971554        186.21776090553891     
  -519.74183978012309        62.212010733394436        180.51628020666141     
  -522.38952807041335        69.440381022128406        176.05679028488370     
  -528.21743468788259        75.936587359875972        172.55046048962294     
  -536.47445661556765        78.831629028033319        168.18127299270009     
  -544.48983376155752        77.832042800710582        164.03247168054074     
  -549.63160587743243        71.900124332705019        159.85298003107488     
  -558.38121879467042        66.085793845505094        155.12625950651130     
  -567.26154024039226        65.575230556812528        149.49059928256852     
  -575.32086113123853        68.743002505434134        148.10873502842213     
  -582.79823988030012        74.848064480190118        148.36089758159483     
  -587.77307256198776        84.207259393378479        149.27506349520229     
  -592.46094758536265        95.126049071718143        152.41871589994543     
  -594.14418193188146        103.80561163825982        149.95572677596499     
  -592.24262521940932        112.86440775464980        151.24806523803719     
  -589.34808122549271        121.72545049631375        152.04636659403161     
  -586.12270678612708        130.22209353371147        149.32515232812443     
  -585.95264799548079        140.76588108298455        145.02956971554946     
  -584.11963815929437        151.15839002677734        143.24415878425947     
  -579.84441469472358        159.88785314445005        139.62751996967356     
  -579.04413687974147        166.09247149746253        131.90738285832026     
  -578.79363900739509        176.10237793719094        129.78755212280356     
  -584.20676153131615        185.94740290410743        125.90161276257420     
  -588.66896033168643        187.37500279916901        117.81114936553404     
  -587.39965855987202        191.83342783299685        112.09550135736605     
  -583.03556208211501        201.86638797058876        113.66798218382179     
  -575.30772212506099        204.92205502831035        118.84792050814838     
  -567.43996074373229        203.93797285666733        122.19471657771636     
  -557.62023681294090        201.89142779869491        125.14669133337523     
  -556.73685459247031        198.20373656774768        132.81366406684117     
  -557.85822282588106        193.91816520454660        141.01085343931095     
  -555.51137991827943        187.73584051312992        147.60381292541891     
  -550.77303565919931        181.52599147887221        150.10307814569407     
  -548.84772052884023        172.10519430697389        151.36635018945566     
  -550.85102815287519        166.34691439973653        144.87702876044142     
  -551.56941799687479        157.59810548157625        141.01775048383118     
  -547.91038435335895        149.15602971227841        139.18356000050233     
