   7.0002337275771040        1.8627437213403368        9.9344654060327997     
   7.5074965227665658        3.0568045958379457       0.32770716584241555     
   12.165327543718007        3.8739905267618155       -6.2303869614233918     
   18.229210954334189        6.1796754678312880       -13.618959692974784     
   25.046298193342196        5.7644701170350743       -19.203641431914100     
   33.842022432302549       0.41905645842268768       -26.785566559308791     
   38.809719027013251       -5.0124443964633656       -32.327412909068229     
   45.062204595846836       -11.633377855799239       -36.907532017128929     
   47.265266371411407       -18.121350773938190       -41.808203336364500     
   44.549171065697415       -22.045500296602256       -48.672184992744803     
   40.243595496462696       -24.977824354629774       -55.770397256084976     
   41.050048448699314       -26.787999535923063       -66.496089190518632     
   40.347170288454848       -26.741092005462860       -79.162334951885043     
   40.795596025714254       -28.546376116723906       -88.452685886312764     
   43.678045954862029       -38.856862648937920       -93.589809936158730     
   45.897849577540732       -46.043047508440623       -94.493658987520263     
   44.677824320748847       -54.127606745286784       -96.757464237838832     
   41.927940288813247       -61.499871833898368       -101.76783462125866     
   37.390728786165241       -68.717164616938362       -107.40245520524991     
   37.982732220924461       -75.437311600988039       -112.55207543779954     
   37.104027049774373       -80.581081570215673       -117.60861702952963     
   30.705834760595241       -87.639031637090397       -121.44792284012848     
   21.995460311850923       -90.756719595869356       -125.32064356902563     
   11.380593238900332       -93.349553081111651       -131.23735693718160     
   5.1597224159585835       -101.10818100868170       -131.63839083626695     
  0.46030263973400309       -107.45596297921855       -127.81187087285377     
  -2.6210093824360499       -115.72183422025637       -122.30086401228786     
  -12.622973323949445       -115.83922769012202       -120.32656523384748     
  -24.013451773110404       -114.51423493479547       -120.01777515951659     
  -33.133887982662912       -119.17469433307173       -119.22123890963249     
  -43.450513425748227       -121.70118788157788       -121.41192213888820     
  -49.976774824191622       -124.07514120172294       -127.62939899207348     
  -54.526829695455945       -127.28465946526495       -136.73602518001027     
  -61.655859086749899       -123.27889732802373       -138.79620632655912     
  -68.142354888429395       -116.39833567623810       -141.46846977697015     
  -76.677211746949752       -112.36851295624251       -146.70637942578719     
  -81.875430260673824       -107.26509543457263       -149.64122394747216     
  -88.329722440697452       -101.05212729710803       -153.97620958862711     
  -89.251891053737353       -91.505444987156920       -158.90132347583585     
  -87.015512080397087       -83.317908524283155       -163.57112845739562     
  -86.021653026911622       -75.026712788703378       -165.57231950255232     
  -83.913315005707204       -67.004736694844325       -166.15655451668593     
  -84.467678246787671       -56.464440309324516       -162.41518686992703     
  -84.243799168511586       -47.137393984038795       -160.27821844191368     
  -80.087270100918147       -41.177466610090306       -153.40304043754537     
  -72.606815730975427       -35.892745771295012       -148.19093861061566     
  -66.026865000438477       -30.929297460022923       -145.58120767849135     
  -56.458207933386063       -27.771418456694619       -142.00637601620690     
  -51.449054386586198       -19.762274957606820       -136.35871583844394     
  -49.164382507215279       -11.423218861453961       -132.37303654758693     
  -42.595955251877015       -5.3871362933380169       -128.44087232380357     
  -40.690715811438338        2.4327546694665045       -121.57088798708534     
  -36.158987709700980        4.8433301454274442       -113.96273857685492     
  -33.335139034317365        4.8795523575488744       -105.52747573519358     
  -34.069294460240442        1.0015991349821718       -96.566850167847221     
  -39.219285222911125       -6.2613471948574784       -89.541562704216275     
  -44.839401258994286       -8.9640811919765326       -85.135612114511090     
  -50.750494272858759       -11.488581396568009       -75.801257934585990     
  -54.814040505188743       -17.229113274632454       -70.556981930130476     
  -60.526881164966326       -21.718568309569690       -64.008956788038475     
  -63.991699432147414       -25.844899541238277       -56.502612128893531     
  -68.325836885254901       -29.961675297428314       -47.051081952444179     
  -72.391743221392929       -23.980941492610299       -39.291169682694957     
  -75.629016505198678       -15.473776200890256       -34.391925734120576     
  -72.502146978616295       -8.4467537397845547       -30.707931162271684     
  -71.168586831884710       -4.3029349012649334       -23.164864208452329     
  -68.169837674379892        1.6795664222879054       -18.130442461990668     
  -62.228931818815028        12.010411187618047       -15.709654245739834     
  -55.890001581270027        17.696275778897018       -18.711837947738381     
  -51.056364130521061        24.605934394181759       -16.033630547577729     
  -52.073689116190607        30.970817287027955       -12.248996410342500     
  -56.851474222516785        38.617522842986716       -9.9469976381813012     
  -63.015176492253900        45.255495845684251       -6.4448244290388104     
  -69.966400828588021        50.203619765021017       -3.7341752668996477     
  -75.089747269532296        57.797396813537489        1.2807212791669045     
  -77.821603210683719        62.616162847257172        6.7699756647882552     
  -83.753247316295472        70.985189223785284        12.663009519825103     
  -88.548995985410414        78.312325446081132        19.857351089205522     
  -88.575172352953331        84.201155964278158        30.065950485242176     
  -85.584264459836390        87.252514317421813        39.049277211404949     
  -79.232791807393141        91.685631333009511        42.757161854035402     
  -68.692710679057328        89.285875340296343        44.325744012287259     
  -63.409356240044147        93.895086444928410        52.140275269627224     
  -61.368644342979280        102.26618249585047        50.812431435821622     
  -65.945550284895191        107.46037063613571        44.916003902051244     
  -73.300576628184004        115.28636642796627        42.329785908395579     
  -79.962704608297102        120.78687207733152        42.363293186178623     
  -84.453426569681156        128.56895742277192        38.612303669313327     
  -83.056779684067536        135.90020381649154        30.295772313936865     
  -79.001873903014371        142.98845047654106        25.701012696716521     
  -75.622137378975111        149.21611368024392        23.367017595030610     
  -69.407821682037309        159.37257538229125        19.615728180582639     
  -72.469913644109070        165.34777276847277        16.603185998416748     
  -80.470761023560669        170.08796638917156        13.550430728188697     
  -89.442657967053407        165.58076881633724        12.661075764004497     
  -97.238592063744790        165.79089189482195        15.749044971007077     
  -105.48618456149421        172.86759767896712        17.360611193051753     
  -108.19170490995793        181.31720076570443        21.625836956148802     
  -112.34092032065013        188.35637646395398        25.184382793556310     
  -116.20742145811758        194.15053730865316        29.479034840080175     
  -120.19165654926115        200.01759699092997        37.431905694960967     
  -127.99818116771866        201.61582005165371        44.721026198477261     
  -136.27124916279229        199.64891667289754        41.546498564872302     
  -147.04392576484960        194.04021503610551        42.366436167159307     
  -154.60700996785334        190.79684349785737        45.949327812295763     
  -152.19633289210387        181.17170283507130        47.104129920874286     
  -144.31302957317709        174.89819252560957        49.450230069496797     
  -135.86791258843417        168.67216948237976        51.602612561447813     
  -128.92219854482593        164.83913322613986        51.274952043071714     
  -123.20055314698195        166.45910090859445        53.513188632134202     
  -116.95827813823803        172.95806170992924        57.291599769003469     
  -115.79028910538489        183.31767279195108        57.438707927777671     
  -116.04937052138249        189.61109864145243        60.366002713602597     
  -116.63116508821844        193.37568366363715        69.967644528162310     
  -120.64231446534188        190.27538014165214        77.685527625089577     
  -126.95400245015702        190.37600433921384        83.112023452890725     
  -135.52846260567034        188.26820049984894        89.265730813852656     
  -140.78590307306843        186.82675503402243        97.333282273610337     
  -143.65306487339333        180.66018708883371        102.39513791192378     
  -149.79190907092959        173.35438113803559        108.88907073986978     
  -153.31872712089393        165.59205784889082        114.49499332133225     
  -156.48952280865154        159.31187373071103        120.09389546597585     
  -163.30332366277923        151.77535482607544        122.20702121909642     
  -163.74653565860660        142.61585132548979        124.28680973364297     
  -167.68369961624393        134.68788192626715        127.00936591240945     
  -168.96735768863209        128.37642595138078        135.77628215367073     
  -171.61461332433402        119.73502966176699        140.94101106752760     
  -179.43912811245798        116.55277502523927        142.40588459883747     
  -189.55088373929712        118.05816283017295        141.96359634008382     
  -200.95791214000826        117.95972463797766        139.81170944325862     
  -209.30802000210844        118.66496998046098        131.85740859505029     
  -213.93418461843589        128.72259608374708        130.42361892085040     
  -220.48996695582588        136.67793281606794        134.88127288350563     
  -228.95732935089853        139.92650299033733        134.35956320960713     
  -236.93512583859530        143.45811901585839        130.96845784621382     
  -247.98180958742580        142.94428635340950        129.79135500468175     
  -258.37498586091169        146.01355137956969        128.91029958830313     
  -265.70802832474033        149.56292772872868        132.70751464896063     
  -269.57945381662194        153.47234385655059        141.07892053220002     
  -275.34670483103486        156.89588088308409        149.48166496191857     
  -284.22365214977310        156.96296661865901        152.30209959449502     
  -293.54024862095440        159.94125417073661        154.46125570558021     
  -302.47958769465754        157.43219085770099        159.02574200678961     
  -307.76772325574922        150.81209127806503        163.30455939571692     
  -311.86625697488972        142.71607236084438        166.27123983306660     
  -315.99421955127195        134.96073316637404        171.44632608966691     
  -318.18766614387363        126.22757591238303        176.75005547375770     
  -317.20662653340514        116.07756699462718        177.72808158738462     
  -312.44984920651370        108.23147200156110        171.49410019766336     
  -303.16524293296703        104.02138675548100        168.69612489754510     
  -296.15134644230926        95.903657841271212        170.37632134998020     
  -295.07122189366942        87.535438918383079        178.19289990425483     
  -290.94374154227853        84.094403830587680        185.50397405700883     
  -288.07050504404333        87.584893310825208        194.26168183959368     
  -288.52023437587593        92.718253581924415        203.54736495190087     
  -294.51759767987130        98.330835816670628        208.13819898277424     
  -298.03269122112442        102.89831769814488        214.82360407308349     
  -296.10395326311607        107.81553456337639        220.22566577502346     
  -296.67130546539977        118.59423153713001        222.51879789400169     
  -298.54231547227778        126.46347351213191        226.64493552849814     
  -303.06625374429871        134.86008023815782        230.76512439786120     
  -303.64651286879490        143.02447054906696        228.85137397030309     
  -311.67898078831979        150.67237724318562        224.96541388260295     
  -319.79247503612658        155.80513266765598        224.13089209750808     
  -328.16258338039762        159.65820421079269        225.91169529391257     
  -333.28134463749319        153.50320358846571        230.43553601863556     
  -337.63595913498864        146.61073156392990        234.14658835889500     
  -339.09519338661545        139.81966031522850        239.91875433114939     
  -337.94523668582639        135.52985134489472        246.48534264127153     
  -337.78298552775715        128.41853483395346        251.56026317166464     
  -339.22764063936893        118.95761457475847        257.56983429533676     
  -343.37323829690888        110.42219801750960        264.60148967674706     
  -345.02763590590308        105.39859950507588        268.91136870749494     
  -344.65208202491203        100.73948708375352        276.43723951727634     
  -345.03014865270387        95.364154009740503        286.24988150780086     
  -348.31678037221678        86.601939934581651        288.95227049126163     
  -350.79914157850737        76.667019796426104        286.26841517681589     
  -349.97691247320262        68.102479362393950        281.26491037220057     
  -349.65384129021163        58.898640739269496        275.51571458282581     
  -347.03828621098836        50.480664473736368        270.84827014102865     
  -349.42695560320163        40.579553070769208        275.01470054541113     
  -348.80361273403389        34.085543347880844        280.58817891176648     
  -343.68530300495138        29.790169647473817        287.12244388199804     
  -339.02408599432658        29.956427801373707        296.80308241289674     
  -332.86971759090886        33.090521167939244        303.73889294035570     
  -326.70453512239487        37.843286155889587        311.37841840384687     
  -321.76571167641924        38.355628930737737        317.56781777170323     
  -315.96239119843773        39.437745961653235        322.16335978655496     
  -306.40040676603377        43.816599583007132        324.47892334909682     
  -299.38184383483735        41.849712228754640        328.92302219431423     
  -294.07060477234654        37.739692301725029        332.92119389464244     
  -289.85505213239861        29.626588962883375        339.10134810202123     
  -289.99057439578985        29.463233093374527        348.71007253650134     
  -290.16263548721003        27.348668207093908        357.53466480001435     
  -295.33607361425260        22.985813803523911        364.54978680947119     
  -301.58397813123275        22.897432785604394        371.07354870543168     
  -309.52447790181213        28.493430730863423        373.88335310752751     
  -317.92506268242084        33.465846812768632        369.03962234952263     
  -326.47429709983606        36.259437748996589        367.35099046349927     
  -334.99556259673290        35.491427513562485        369.12764724303088     
