   4.7758268035678562        1.3710652418118645        3.7522023187959004     
   9.6797309181683033        1.0205759437634736       -4.4463777207079636     
   12.763983060714132       -1.3900642634448239       -14.766206478703111     
   11.687708903357997       -3.0121465190623322       -27.595250767590237     
   6.0850787275589830       -7.8831631666522810       -32.883649959473672     
   2.4273349057904454       -11.511286881396625       -38.333090069492549     
  -3.9799200593234279       -18.156528353477206       -40.820481028552003     
  -11.372439729941702       -22.188595301751150       -45.525019383221355     
  -20.701797021218820       -23.368088565645770       -47.114652582179573     
  -28.584650852218811       -16.737934020169902       -48.636460461595661     
  -31.365490187558564       -7.3220233071735166       -46.774096503381159     
  -30.801818983207621        1.5770670528613877       -44.643001739811929     
  -28.648046347179349        10.758962817971099       -41.214374404400075     
  -35.446220642011525        16.871716008998057       -40.076162210780311     
  -44.250291112414914        14.611987315454595       -37.513623915216634     
  -52.148635018451991        16.597927496238974       -33.568531528218330     
  -60.696889401004633        15.458985736123866       -26.164998595288694     
  -70.714783850284348        13.357196323568882       -20.884685342861832     
  -74.158214008526755        8.2556686931348384       -14.839006749686227     
  -78.064101122268269        6.3843195922920817       -6.4944769838176333     
  -82.523370592034226        4.5150989088051361       -1.3505056987520874     
  -84.704286556580598       -1.4468913908749315        6.6184200691277617     
  -82.841932752122517       -10.318949369366241        11.543520256069229     
  -78.507666663774145       -17.862661635064836        15.227192676740959     
  -71.204799044165981       -22.549420409142371        16.516991298775626     
  -66.157631361757240       -30.074093997764180        14.482241074318718     
  -60.403227552370126       -36.194304382774483        6.4769066120868466     
  -60.820998700825591       -44.831494228796416      -0.77644003955299468     
  -65.634067697227437       -51.285907369131422       -9.5714210654251168     
  -70.304010000877867       -55.704210517570928       -17.524934312833871     
  -74.033938132788791       -63.434128179514460       -19.469510655887547     
  -77.227651628420347       -74.258102907713720       -17.939057481285325     
  -81.572828903909397       -82.307703410520418       -13.367945869884167     
  -88.881678015667589       -87.594215331081443       -13.572534173156214     
  -97.848232287720620       -90.198502312885807       -16.306142402580420     
  -105.13864806142743       -86.536324109314961       -19.160058824210324     
  -112.28549053828868       -82.322505749677305       -22.773654462944933     
  -118.76568953532718       -75.375513595406971       -25.796601191023385     
  -122.51166809092047       -69.625560836315373       -32.308707318278721     
  -129.94777830869978       -71.564594452035209       -38.115856369566743     
  -134.97774995238547       -76.453874587091462       -46.913895058860433     
  -136.81098125937305       -78.302106896690873       -57.819725360288594     
  -130.14354253472717       -83.309465358020390       -61.209556358470152     
  -121.60997289476427       -86.617050507634929       -59.090895167444891     
  -116.23223372812964       -93.379367425221318       -58.901954292065177     
  -113.57430228503236       -102.09867860803975       -58.341590827983332     
  -116.23525467228463       -111.61710010382649       -63.042875306523342     
  -122.41290430923576       -117.39511269325824       -67.004871930434490     
  -128.55026960715909       -125.09625440847418       -67.299165989511096     
  -137.02983919073316       -131.69450201600500       -71.150570833575131     
  -148.19783103895494       -133.00346419575644       -73.732557899078472     
  -157.54340837035289       -134.18229733858965       -78.243129178181420     
  -166.23206644997791       -135.26257149964505       -80.768030678371119     
  -175.75302659599228       -129.49292328488434       -82.937370625722110     
  -182.70977789466846       -118.61274218016513       -83.046439717858490     
  -192.44028118872279       -113.03594694136454       -80.048947387573861     
  -200.77452694220335       -111.36302461229972       -81.346214361165011     
  -208.19959867366555       -118.25961604558174       -84.806788548566416     
  -215.67970494717008       -119.96738699673114       -89.605938668842214     
  -223.59588831956512       -123.55264225187102       -90.230058049670063     
  -231.58151271223983       -124.70978464812552       -87.626857552941090     
  -239.90862875820218       -124.70545914123568       -84.530573233338629     
  -245.96126101512220       -120.89513335045777       -80.658600039768061     
  -251.49594024904275       -118.90445980085866       -75.954382104966015     
  -259.82437552767914       -120.22662565969395       -68.504714291202049     
  -268.58793520871222       -122.16686324648177       -61.419557669934065     
  -273.00080373391677       -126.77060550214500       -53.276988016254577     
  -278.14004016741040       -130.46696805799985       -46.772154621812241     
  -281.21228912507183       -135.68953642270031       -38.581656986452657     
  -284.01395907603177       -142.83635007685265       -31.129819998246475     
  -286.95182147091788       -147.16208659538759       -23.041562370227091     
  -287.48369492996562       -150.44180777309509       -13.728600809483805     
  -290.47659868565722       -155.93590249258932       -7.5656779515119128     
  -289.74829465855544       -162.29461707030401       -7.9899935684384360E-002
  -287.90487720901729       -165.77599557512113        7.8066478152662526     
  -285.94592185071338       -167.04853966566299        14.976435674888226     
  -285.95634587603843       -164.72544869850412        25.694451221362357     
  -287.01427487896228       -161.48527655952398        36.096860160041281     
  -297.49195437220084       -164.73201614617690        39.641621870568123     
  -303.66584501761281       -162.32594318457620        39.058792894723545     
  -310.88670619885534       -154.87430220587584        42.076401662362869     
  -319.11680326444139       -151.12126640158800        44.479975685338324     
  -323.74820858084740       -143.91931078646962        43.160203876225822     
  -326.82545396829380       -136.34650761705285        42.253647208119759     
  -332.87332024889304       -128.23431183790592        43.741643399283873     
  -333.13495762634227       -125.37751076002252        52.665488739763745     
  -330.61694133754821       -118.08836912772125        55.435960190406419     
  -335.09049992419449       -108.93814219399816        57.031354244557264     
  -333.95588972858479       -100.53883332398021        57.013414351268750     
  -327.11097993041813       -96.369114892791501        48.686691883685540     
  -321.56310008239473       -94.035280529375484        42.366930118445893     
  -313.27790042326126       -92.976180083264140        38.029418723404120     
  -306.82082503165429       -94.084972032074020        36.413656731481318     
  -301.34574255188420       -91.147948196242510        30.999582427450420     
  -293.74497102825461       -87.490301013317151        27.711796329925022     
  -282.73558235344569       -89.975714938456619        23.931358848082652     
  -272.82483189085588       -93.901282481438415        25.367290428070227     
  -263.90279791895125       -95.429632034256770        24.889633188957653     
  -256.38092836480837       -98.728929894872195        22.936620000005576     
  -250.94754969691365       -105.48923795202955        19.534467462991920     
  -247.08406863107479       -111.81983139870212        12.491279772305788     
  -242.87776617603976       -116.08506212884120        7.0788256649754615     
  -242.16903365430943       -125.14670052147892        10.304613555588318     
  -247.04343099534600       -133.31396284042958        12.499707327287268     
  -254.03776065533535       -138.49701727010887        17.045957000984622     
  -258.26734688336433       -142.32320118605503        20.854078309031756     
  -266.53426966103734       -144.52523201160426        27.386588624485981     
  -270.51363042238881       -149.98473108989754        30.620504818585260     
  -271.30274761623315       -158.37553018801333        33.224637505495053     
  -269.21609473791614       -166.87041139132594        34.804912624275815     
  -265.03071586183717       -177.35562986733467        33.712332315902863     
  -256.43443952442288       -181.35661207695503        33.463147311009685     
  -250.64265488453057       -179.24129177736006        36.718191995452699     
  -242.87736028240215       -175.34811144594099        38.679713264833580     
  -235.65835609554327       -171.00311325235393        37.022750312972754     
  -227.94559887832673       -165.28845445300490        35.098452231059504     
  -224.21609545928573       -158.25463286518433        36.861147867734587     
  -221.60636018741064       -150.44280582726714        37.910483021689274     
  -215.66404517122669       -143.07973781476744        36.753795615980358     
  -210.14916177362699       -137.61591968280715        34.107034868615472     
  -203.27313435737094       -130.28837185873593        36.500643739681379     
  -201.36233061969062       -122.62240619612490        39.490785189698812     
  -198.68730653822371       -114.31002131971249        44.499599317946107     
  -195.52798370008128       -104.82223505523972        49.450195516353361     
  -189.86654140762155       -97.482139511876539        53.804794508340265     
  -183.20709586767308       -98.794186112390875        61.711408299771705     
  -178.13390022445046       -103.35650166090642        69.105181020789701     
  -173.00430213694517       -113.23660014923470        70.206783209769327     
  -165.93883751811086       -120.24201465926367        68.649922109576707     
  -168.27994419009781       -128.86574183469142        69.548488445613671     
  -166.01524062574896       -136.09330604315636        73.940095627791735     
  -161.63361376411154       -144.26064568009770        77.762412798591555     
  -159.88626760177010       -151.99587941408063        79.425103297688125     
  -153.65218778321474       -160.65364763169885        82.201959640213701     
  -150.37065402841574       -169.83039145797454        82.390605825496991     
  -152.30348699360979       -180.35871580593295        82.580063657467335     
  -150.08336341433173       -189.51498360390508        89.872811488449116     
  -149.24695744925907       -191.40879793464208        97.114670605635823     
  -149.33637331656581       -196.22773671493110        104.42779182007614     
  -149.15478974862873       -205.51276206463990        109.40081913806262     
  -155.44588016163470       -214.84692679100453        109.43528196718748     
  -163.27079068119662       -213.09119585982978        105.63206857427404     
  -169.25581418274649       -207.60083876229544        102.22919242759102     
  -172.40924653871821       -205.81229394051110        92.905868273795519     
  -177.31881755114483       -202.92961818624951        84.936753699492868     
  -185.48692812295127       -202.87564413852542        81.667667869116073     
  -193.66245430859715       -204.38184260253664        77.727816146601995     
  -202.08610917571036       -204.75605804610620        70.921959776130777     
  -209.31406813396950       -205.07282402712420        65.701286012720004     
  -216.75973485977465       -208.01474464825938        59.673360108155521     
  -218.97336264310715       -211.83391869793621        53.499903777818545     
  -221.52622383895778       -209.33629454980084        43.557138597438474     
  -218.46174041000455       -208.94205270114571        34.539352942815533     
  -216.97672768210634       -209.25985244610547        25.634046046192090     
  -220.09120126337655       -210.01042547619082        16.397095005854545     
  -225.27054668506662       -208.65309163741040        8.7959462628816709     
  -229.10415316717422       -204.16593205465188        1.0568488920842256     
  -232.01171108060240       -198.23736053501094       -2.1272088562131373     
  -233.85934339314713       -188.00808744354401       -5.2902779688458637     
  -236.85034207773114       -179.29322928837934       -1.8742503046324757     
  -241.60215970258037       -172.76429711751885        1.6056336291378770     
  -244.76730297583467       -164.75780341714437       0.64627314083146459     
  -251.34125031642594       -161.05288338020560       -4.3828792643614847     
  -258.39401527867932       -156.09696818438701       -9.3085188501529768     
  -265.50231883317781       -156.80920395604420       -13.202331988354814     
  -268.89022467510881       -157.75566929359758       -23.515001564093069     
  -270.77761681886619       -152.15867174895519       -29.233842069949905     
  -269.70483242537063       -147.46070710449297       -36.149060536695941     
  -261.71404639265228       -143.59734897661730       -41.032021967217602     
  -249.94203928297449       -143.49523677919024       -40.909857039129257     
  -244.90730457571780       -140.60929144189211       -47.193260221812707     
  -240.53324507376533       -133.78801914134942       -49.612494228298026     
  -238.58752070843713       -126.36312587016189       -51.175819710260228     
  -239.96837352756017       -117.19646973457417       -53.114617844196218     
  -237.17286877517972       -108.30945301359202       -52.662474462212629     
  -233.19402104657411       -101.53868974720372       -47.207173358623301     
  -235.07757623115393       -96.584006034711905       -38.395358987894426     
  -238.09769728752360       -90.427114860894676       -32.413941686257033     
  -239.47519742374953       -79.527739770596170       -30.522247354815388     
  -239.51398952942992       -71.282477074800511       -30.886236709900103     
  -238.35849411927495       -61.959587317024329       -32.144195500104722     
  -233.71526627403290       -54.220860117013601       -35.428678852638654     
  -224.10642632591558       -46.865117888284331       -37.016007725778721     
  -218.92028397914555       -39.919632448195642       -35.419397981007279     
  -216.81481475413386       -31.403185260995201       -30.595912912504804     
  -214.20819794231232       -25.871213261556989       -25.000335780775824     
  -212.33245857527305       -18.959764238757515       -17.853695471900078     
  -214.88085027207813       -15.141093433597433       -7.3516076306340103     
  -210.86763897610822       -10.786576494473621        1.2512000101288265     
  -207.72181727943445       -4.4542621095248336        7.2618940090653474     
  -202.55350106220101       0.12715605687949960        14.421858593310603     
  -204.22135524350665        9.9508480618553961        18.934258733276479     
  -204.53555592273295        19.174155658330420        18.819137077829588     
  -206.34344369351118        28.521004542506745        14.290325280564218     
  -207.41809845684224        34.995355452392289        10.169093891375823     
  -209.35808572090633        44.889508378515359        11.114201361196855     
  -213.68320898427788        53.849978109432129        11.941829905910677     
  -220.84486729013099        59.484350184814275        8.5785207876791247     
  -228.77262653896020        61.775777076049394        6.0954445824042551     
  -238.56972730426494        63.450644840589376        6.1150923352611741     
