   2.5018822485765639        8.1951275694082710        3.5251697055062579     
   11.076412252755247        6.0488581482826760       0.75897230721009379     
   16.529948618333222        4.6904713219103655       -3.8951947065614831     
   23.009763582388118        3.3685728202867153       -8.2862818053890663     
   30.794295479505280       -2.6075469557746658       -10.629666914040875     
   35.903143309171767       -8.8501247701135242       -20.013918871771423     
   31.592461954686399       -13.878105192507576       -29.266437499368990     
   27.453297566297252       -16.970179143452185       -37.799095482058313     
   24.094235098626029       -17.187151823017842       -43.516168049363586     
   21.361381863797718       -9.5502434836457439       -50.308472010982072     
   17.331509211599851       -1.5534688831675680       -53.382766732187235     
   17.416383235069688        9.1490555597097512       -60.490794374946390     
   13.620317964145656        17.342315552110875       -64.729797157093756     
   5.9874482151441129        24.062867673129176       -66.591267083184420     
  -4.6236519282674067        22.025156493582926       -70.949024999888564     
  -10.202187966479897        20.219649022651367       -75.185915432771083     
  -16.654344076863957        15.517354284706187       -76.730711455117216     
  -26.113497312653898        12.148707932598143       -76.263575692729319     
  -32.201575293374262        2.9029281538693965       -77.728178720337326     
  -38.515067652262530        9.5961334030505441E-002  -78.572285221239184     
  -45.743019737134340       -2.2734712616839090       -79.080329384242916     
  -56.407932226578737       -6.6894811782332511       -78.583261244010870     
  -64.701650673027331       -6.8798084460547670       -75.066296616695453     
  -75.931460631796966       -7.1106805679388287       -71.679971710693891     
  -83.026786873645733       -12.822365112003979       -71.950776879745234     
  -86.561553127279723       -19.617757653425315       -69.828296856676332     
  -90.091674642632142       -28.333540782694058       -68.254960483545148     
  -96.595490853109709       -33.214156972291732       -59.803938707920068     
  -104.07122771960434       -36.642990418287468       -52.786814538831052     
  -106.67103087112503       -41.920641680021873       -41.663075211713249     
  -108.77048445417755       -41.379687322935354       -31.792742746957074     
  -113.52105344348165       -43.633145968294343       -24.342458406079821     
  -119.47587374170084       -46.304970723916597       -15.969153833455159     
  -121.46071372346412       -42.405298405677172       -6.8077691284815316     
  -126.71975511555925       -35.729428178955658      -0.91615466174114601     
  -131.71423880948760       -33.044322256864206        7.8257645555154127     
  -136.03554651691204       -30.436797370234274        15.416209811504295     
  -142.95839657534526       -26.030759836827599        19.362793961505893     
  -151.72995773921713       -24.177903357162563        25.364932798413861     
  -158.86092448137049       -18.383022133962186        31.236976874295067     
  -165.25104422864342       -12.043354508327809        33.127362497752202     
  -172.78162803493197       -5.6335131327240902        34.030382362386135     
  -180.64730590284759       0.34257020910118285        29.376225917129005     
  -187.90973312821774        7.1785006460383158        25.929113093194474     
  -195.95737998642477        10.550668285576478        21.248625535414092     
  -204.29479105725173        10.155569196960613        16.234124132336639     
  -210.81736980344786        7.0546055824646032        12.519912464637699     
  -219.89877201333721        3.5220641770260102        9.1767365116165251     
  -227.32826257856604       0.68093621025866469        3.4519728517051504     
  -236.01510493150397       -1.9626889251592559        1.9853026500124002     
  -244.73894820811452       -7.3288455442301768       -1.7813946224356840     
  -252.49710343426378       -9.3604720973930569       -8.8769761548873589     
  -259.86495724116196       -13.344585302497137       -14.112138835024496     
  -263.69461146929063       -16.869455864910123       -22.359326518871825     
  -264.13059972816114       -17.323847403529726       -31.192927797630652     
  -258.44150820704738       -14.574626661687063       -40.704087913340771     
  -258.41046723893538       -11.638620102237184       -49.012501055619659     
  -259.17234150705031       -11.071219776741174       -58.669542152134817     
  -253.81158737163045       -8.9571671285249863       -64.858471618208171     
  -250.52889305186849       -5.2224728653139323       -75.032510168172593     
  -245.39659103507998       -2.4737794137854507       -81.227268201059616     
  -238.85593431001968        4.7950138120384054       -89.702899141911757     
  -237.15055378678642        14.983500911011618       -89.013842063398073     
  -241.29193411013304        23.727694428866613       -85.269208739020883     
  -249.72435912936888        28.230048078830009       -87.464764450085482     
  -255.03539332154926        34.432969629779080       -91.810264437429069     
  -260.00346966721622        42.136422740582020       -94.960365320967583     
  -261.93606858296829        54.875735998142147       -95.192154113444801     
  -268.16772527357875        61.742954535206167       -94.443220105497545     
  -267.17931248913254        71.621432445944606       -98.370962514666303     
  -263.09649322160607        79.807965740199734       -92.777638668017175     
  -259.55279831267893        89.448226635176496       -87.261152494442143     
  -253.33636249936737        96.740793137307563       -84.413963405971728     
  -246.99921738745661        102.92812102005711       -80.535291542018498     
  -241.90417991697370        110.67030029113464       -77.576417126160521     
  -235.43543473691227        117.36634002811535       -75.845102379420808     
  -229.02915283305148        122.32361636392824       -72.250951615547166     
  -224.59069526846676        130.17415156652180       -67.360411751944895     
  -216.02270071088495        138.59707197487998       -66.976696746826448     
  -211.60881679837985        142.75410866257445       -74.916187438579868     
  -207.82109135030993        145.71774590470437       -82.750644121036217     
  -198.60233320389398        143.21171102597066       -87.872467295560966     
  -191.64860808083500        143.34141863917733       -96.715623714443410     
  -196.16156407131206        141.64023580261471       -104.71241327300898     
  -206.90753065937650        139.61417843730160       -104.29653099685893     
  -215.87082003615944        143.51622114437947       -107.46952794947306     
  -224.57972859782438        144.91682113063240       -111.04729088585252     
  -230.04062772293193        144.77374411663402       -119.17796740247097     
  -232.94043539192126        142.17706747777763       -129.78673143294634     
  -235.27311107588059        143.81391052590993       -140.30540669392357     
  -238.65729081222437        147.62023233917438       -148.54141705015815     
  -241.79863252505416        149.13597023228067       -157.29402850095929     
  -238.78434877779267        145.89380202688679       -165.35660543679586     
  -231.46215761928559        140.89862692680873       -169.30040272137916     
  -221.60610987333453        136.61122432828222       -168.22756362211592     
  -219.87575813223103        130.82043850694032       -172.43686598776279     
  -221.11728174219837        130.74252274815004       -181.46805317796046     
  -225.00838737142547        130.99249250084131       -187.54851516876951     
  -230.50947561626066        132.66547942027580       -196.26194647520219     
  -234.15780895156323        131.24113804644406       -204.40052735861175     
  -237.65258637959428        129.63373496500645       -213.09600905113641     
  -242.41288239570730        123.99558376612281       -217.51074385982815     
  -242.36180490552110        117.40797083887234       -214.05178675554723     
  -240.84148142104846        106.01220820593973       -210.98682861770814     
  -234.03345228316510        101.26355567813357       -204.55252809138298     
  -232.92610014222774        101.61348703771824       -195.43686092974943     
  -235.32372068021789        103.92306623363362       -187.64347482595213     
  -242.50006597156505        101.43627377527979       -179.48139619499730     
  -250.86997381383469        95.918749035540827       -175.67459958576441     
  -259.37736441065056        95.337130176046188       -177.01754536203393     
  -267.71455621637972        93.150755446661790       -172.18317475783573     
  -277.52928449421603        98.244741060783511       -169.30066480653730     
  -284.57797303835650        97.712038134836192       -167.09477369839323     
  -292.71743037549635        93.547456238276197       -169.27146261828960     
  -299.98346416819311        90.180152349234575       -176.45515204540754     
  -299.48962947610386        91.342237890131571       -184.73720982517230     
  -302.05759529889110        93.033346753475840       -194.69826862415596     
  -306.33019344271173        96.397689916265634       -201.82548465816430     
  -311.42653600521504        101.64042041166357       -207.48307294219697     
  -317.44933635347212        108.30292023788799       -214.06958702926869     
  -323.91703131460991        113.11847828247130       -220.27478045924545     
  -328.95166357943424        117.66166927905495       -226.05090521051315     
  -334.11622229298302        124.25850546942236       -233.50040521802023     
  -333.57195275957224        127.66333291489298       -241.37057073024738     
  -331.53678984900307        135.55411722340568       -248.09173331755605     
  -329.92681912572959        143.78694872162069       -252.09048955282077     
  -321.90400492677020        148.54886729627319       -254.56207596514253     
  -314.03434370879830        152.72942121417583       -253.40997648299324     
  -302.85317595833214        150.69036406537580       -251.88915229719876     
  -291.36187365143007        145.15868617222856       -249.73448672731905     
  -285.02992479526773        141.55411049230534       -246.86511309476407     
  -281.79663547312521        140.81809559692778       -237.64749322553575     
  -272.70670270729443        142.41394236016578       -233.92204340961010     
  -263.78590891864133        140.78969601648467       -233.11499698222065     
  -257.65066648082683        134.03367501756213       -231.52722584669181     
  -253.30475750028353        124.00046615246853       -234.51468325087347     
  -255.41144298463996        115.89018444640610       -239.52080486377008     
  -252.85870184374377        110.38867868898880       -245.80006773757933     
  -248.25018877536846        103.82578862805657       -250.94079301735371     
  -242.65679896390486        99.142339199660654       -256.27092892047466     
  -240.53902164842827        91.913060501217686       -261.67711664443556     
  -240.87014633729623        80.801762363652841       -264.57594632562598     
  -237.66724661139622        71.242238110323740       -263.98197967114737     
  -236.77328801724113        65.362512795304468       -256.38909453319843     
  -235.68838293492837        59.007964126351936       -249.91658641796795     
  -231.63897661562169        59.138767669841371       -239.81112502140672     
  -228.72781662470840        66.326376589239487       -231.92406985694447     
  -225.98976565062901        77.352340104881051       -227.87512867664674     
  -221.46500719715576        85.517070697681049       -230.51975387407722     
  -222.00459890187463        95.727735496008023       -235.74907019584916     
  -222.94018117529362        105.98821316726921       -234.82199307163168     
  -216.98107381330198        108.52516968611556       -225.05255816069879     
  -213.03041413970445        110.63389621642071       -217.36618288675569     
  -211.77943664917476        110.26119740088377       -207.55876495982940     
  -210.52327186373668        109.17720420579880       -199.42725273061919     
  -213.09112700487617        110.60539955859575       -192.70748204962317     
  -213.69864908401277        112.05781607828867       -185.89185339246882     
  -216.69286798433487        108.23404914411674       -178.29729141619021     
  -224.45536089617369        105.23221160584896       -171.54582256996693     
  -224.96069998065457        106.41750085355983       -162.44638667915046     
  -224.19476978933039        114.36024552154429       -156.05409254607235     
  -224.95810487982033        121.52047216015917       -154.87502781138932     
  -235.30300869428746        128.63426927133727       -153.16263056550895     
  -241.19126925698555        136.43920374537231       -150.40554576675345     
  -249.67269116382423        143.54460640801415       -147.29885720464850     
  -257.53718244067773        138.71520395831823       -144.63226670793961     
  -264.13211142576387        132.65683337605731       -143.97653904236731     
  -268.05006714790693        123.77428400876663       -143.96603897647682     
  -269.84227027726195        115.16364825618187       -143.19468659721787     
  -271.60358702221339        107.47464584644948       -140.12113823211172     
  -269.17214030614070        102.33578741970777       -130.82684716794165     
  -265.30196999509553        103.93971669392778       -121.40754737599521     
  -262.98708733481942        106.73605670837256       -114.38262519352395     
  -262.17957676502283        113.30545901206841       -106.97083156173449     
  -264.78350659672367        119.11194580445185       -97.930888937658864     
  -264.92185157010584        117.89811295130444       -88.845068717572914     
  -265.74659665561546        114.20463935886640       -79.382318295361557     
  -266.58169993946427        107.16876669718192       -71.858895869076065     
  -270.33273309934384        98.306919650236694       -67.965121446189713     
  -275.79218569503831        90.291387854408285       -62.896095998281126     
  -275.01957166869062        80.713631884556747       -61.571382685227526     
  -274.66611563222318        72.277815093693931       -58.779822152628327     
  -276.86267119921780        65.425563583071209       -55.876921316122704     
  -279.07876266269972        56.801704758096349       -53.636280252435768     
  -285.37000892459400        49.221227188221434       -53.987419589665720     
  -292.07683578474052        41.183309940581410       -50.938450174399520     
  -297.07247687263430        35.807431827411335       -48.276986461423192     
  -301.08113235532863        31.763275910548600       -44.360423071041225     
  -310.10389538135752        26.416791226736564       -38.046689150711821     
  -317.20885898340669        23.536634152880936       -35.252740674245103     
  -326.66236829489986        21.830663908075707       -33.066947678677479     
  -336.78426856660974        21.003105820939993       -33.052402351953162     
  -342.83963376311118        18.778883255523255       -28.312439162666060     
  -349.02842727135419        17.010595249799650       -22.080076408387953     
  -351.13667410732029        18.448280770196419       -13.044386473546112     
  -351.40523464041229        19.382534940811809       -4.0919675706042682     
  -354.44013434991649        19.829438877443124        5.4154339458435459     
  -356.69129401012043        12.470145931612990        12.003251569068610     
  -358.18583052768753        2.2227497878200779        16.711935366650735     
  -355.60483108039966       -3.2572330276452703        22.732760086398756     
