   1.6996057360030079        4.8059899486376878        2.5131161402555264     
   2.4657386180149814       -1.0345576502733422       -4.3669330808046709     
   2.7336604098264985       -2.2897864679762279       -10.263547650398856     
   4.1642025812816428       -2.1629934578693337       -18.921034092404369     
   8.7192014334324668       -4.5613757490045828       -27.303348819137540     
   5.2650074488053207       -9.3856512150422020       -35.792485212644834     
  -5.8990112098497320       -11.608256867897666       -37.160584062301254     
  -12.311744382438874       -14.542422152627211       -40.810887113602902     
  -17.548907912516057       -14.953555205934805       -46.110937165768135     
  -25.993008100088076       -10.699214263689072       -50.265633862838072     
  -32.816070636624929       -4.3253076485583506       -50.613307833252591     
  -42.557447793483789        1.2350381017609209       -56.359832058675920     
  -51.921495960084130        4.3636016079853732       -58.022232136054953     
  -58.670135825429554        9.6618286791591288       -55.261170402534148     
  -66.925317436064205        8.1828397071871848       -52.372571877822608     
  -72.365235696148972        3.4258055148983715       -48.959581523326790     
  -72.846388700879288       -1.3313405172550574       -43.080846358513583     
  -71.684150718358723       -4.9195010149288407       -34.083665666802972     
  -68.944817420816975       -7.1127462322778570       -23.878840531459929     
  -68.048533377468260       -5.2233376278441028       -14.167978337103641     
  -69.443062587670738       -4.1613612014089085       -7.4592475118176225     
  -73.004354299729130       -4.0011272512289793        3.5187723220909106     
  -71.628522897254499       -1.7519308244276317        13.597739435821083     
  -74.200825971422745        3.2130922877455816        22.956552257658547     
  -82.153409778230952        4.7412926346737265        31.994747303756139     
  -87.543278060556048        8.8948037620495199        36.741771560701565     
  -93.005977904112171        12.297158519878508        42.925834736384644     
  -102.24098460324288        18.743811059675465        42.625411382085453     
  -108.66342710331944        24.931179709630271        40.263606394090814     
  -111.99970833764672        35.700373923046754        38.927252488399304     
  -113.18938435284159        44.417319391768103        35.064226404549565     
  -117.90855649864781        50.492144154804834        30.498277844454655     
  -126.73600803581439        56.607200458921852        28.550132687785819     
  -128.98549536254387        61.368448700241458        20.280453310679128     
  -132.50458487136257        62.035714193579082        12.185029196311895     
  -136.48625835864192        65.757111256655918        3.3039654693468066     
  -140.17848679054399        70.524979680013985       -5.6003653018428707     
  -143.78724439153552        69.730569107324641       -14.232009357204127     
  -150.76364240760691        68.639588085737614       -19.031916233971081     
  -158.45933495989280        65.269779616965224       -25.275421763902685     
  -159.18638529340177        59.632210871578053       -33.367673387307491     
  -159.04508022228501        54.383218548955654       -42.582096973740903     
  -158.21251203988820        44.393198523847246       -50.091458597419418     
  -157.98340040814966        35.573254190394010       -54.895868658575097     
  -156.37394126544223        27.079961799804209       -60.680293388449513     
  -154.57476684604950        17.903863413674969       -65.830891910506693     
  -153.58844267247795        13.322439578700511       -72.185000606706637     
  -148.33714474434231        9.6045006551583754       -80.015017802129222     
  -143.69528520391682        4.3371628423452364       -86.248778248550025     
  -139.09853067933918        5.6127791214468061       -92.774697373617727     
  -135.35559023025334        1.3839379994615797       -102.36934701608106     
  -127.53975155132369       -2.1701632248070268       -108.05971428029153     
  -123.85416589058917       -8.8529130371048836       -114.57043256238160     
  -118.37709723716441       -13.679256170776085       -117.31804623244227     
  -112.80493006769694       -22.036520563890633       -117.70056054384344     
  -105.21727918361179       -25.597302102738325       -114.92613198021991     
  -95.908277773851125       -28.865128335983826       -112.32896190262056     
  -89.368784082615036       -32.743048900837465       -109.09778448755327     
  -86.899036979541819       -36.378602939259991       -102.30801789145019     
  -83.731901784606578       -44.614127707827947       -92.526041829772964     
  -82.170833282743445       -49.029367687445472       -85.697917792549958     
  -77.810385016698262       -49.524716585608303       -75.854820432061658     
  -77.433248187547065       -45.967619601311924       -68.939494935213006     
  -73.333479961665432       -41.020042482039656       -62.305570068397458     
  -65.719873785362267       -42.310726570591811       -56.544855190955531     
  -59.189827668872113       -45.726262088226065       -49.295942815495223     
  -55.019785495356970       -46.361104395119270       -41.130972361742451     
  -51.885889558705415       -42.390248284627546       -31.535968613964229     
  -44.170979468983361       -36.685860844835616       -29.146749811557115     
  -34.180775662481921       -37.889060227417247       -22.536375936125481     
  -30.665198800197118       -35.722407445465450       -12.923426568074113     
  -26.596503966893252       -35.831721475241864       -1.3533286195860370     
  -24.838055108785937       -41.119716105584217        6.7594297852127667     
  -18.790855586252860       -42.610582594752969        14.678140696465189     
  -10.866627051613690       -42.277253860753603        20.407752894116445     
  -5.0446758309176261       -45.308541729838936        26.730940040849404     
 -0.17804893745923778       -48.336744812787430        31.728384024125507     
   5.6146485993619706       -53.182123273717281        38.905703275641152     
   9.1644967405391640       -56.235312270468540        49.354248059906652     
   1.7306922574118033       -58.541871482993400        53.731315186252360     
  -7.2862895758800192       -58.598858729462393        55.520033261859759     
  -16.127920407458149       -52.991211992071214        58.132517019168262     
  -27.501864153260229       -52.596503832413674        55.305214581613996     
  -26.427371291479275       -57.714550661576340        48.770585834622352     
  -18.024816099785241       -60.905320468437594        45.198089059831766     
  -10.333446266001175       -67.081455659131635        43.027084958326249     
  -3.0472884193022054       -73.371782805880841        40.980496870284192     
   3.3683495065392464       -77.615281979050380        37.047381946841092     
   9.1286074495387695       -77.110387960923660        28.610183861270734     
   15.604381866042658       -77.142509230794118        21.938958143080029     
   23.717550521385697       -76.924731980785580        15.003630046624004     
   31.115251205344528       -77.097598278414679        8.1794321553905043     
   32.363295359810387       -77.805318944034696       -2.6173169698774288     
   30.269811686777459       -78.879477323391072       -11.212139481564428     
   22.932596447675536       -80.717688296154549       -17.135862612962875     
   19.183581661881703       -83.707697028774319       -24.368550057533682     
   25.440476811653348       -86.766721916269290       -30.668800467150078     
   32.528081252981302       -88.695308470752494       -34.642880253614067     
   41.719676181697018       -88.816546384201686       -40.845862658551695     
   47.777990866630468       -93.168313324379440       -43.711075980587964     
   48.402426449527653       -101.97870142553327       -46.419823377402992     
   44.810943285268671       -109.22065695373840       -48.074264427719427     
   38.249984626422112       -113.91824100095056       -52.457570780757521     
   31.813402343783437       -121.13866798557062       -58.528557846048969     
   26.096836236866075       -126.55153041213021       -57.171926915881144     
   18.957700060308404       -133.15461019856767       -53.923588908376544     
   13.086414075033311       -138.49105422952545       -56.146694359369761     
   12.282585690114111       -143.92285369704581       -64.404002517439125     
   12.001608391638719       -148.39583554167729       -73.094501690114470     
   10.210224585303727       -150.39214705276839       -80.654362477321357     
   6.2464426426282316       -156.32058121841058       -85.392517459279262     
   5.3466710333666327       -161.24465118065922       -94.630929568844124     
   3.2687609458013469       -165.54508800687105       -99.907181851945126     
   6.3197288462958952       -171.19683858598790       -104.71036478976691     
   11.500092742005535       -181.57664463481879       -108.69242261337607     
   12.764202986107996       -187.07341752222783       -117.83362210104823     
   11.528836301082173       -192.04759602673846       -126.83818108701365     
   10.231600219529668       -197.47145952536408       -135.97703096407565     
   2.9858863990142197       -203.39899494345082       -142.52976719196906     
  -3.5596715144004349       -209.87909479456857       -146.67893748185563     
  -11.508163556734488       -213.34222566896872       -151.30093097989854     
  -15.842046478143246       -220.84512366780731       -157.01902147379943     
  -25.690984298273051       -227.51057063893901       -159.98016086313041     
  -31.522725786482965       -233.08918980444096       -163.58789124341104     
  -34.299121098237393       -240.12748968331223       -169.95870458406941     
  -39.058961166048675       -245.95493401715811       -175.93912076767930     
  -43.617379504503035       -252.14825641314732       -183.96796977922244     
  -50.691190631014678       -253.33319868816662       -190.55217632404873     
  -54.482122932994599       -257.44291361009493       -200.28350117529581     
  -51.862081927786704       -259.98020273932963       -212.39305177459258     
  -46.438223562452706       -255.82659156545429       -217.54490590172736     
  -45.698776268252757       -248.62546803539425       -223.11571899152460     
  -48.396002654971639       -241.35638034988955       -227.68929035685835     
  -53.188006337388103       -234.83041854427256       -228.03211315265315     
  -55.796761355425048       -227.90623267793174       -232.66287016197100     
  -58.233938197504358       -222.62133417485003       -243.93239523666421     
  -59.130770659893017       -215.90570338552584       -249.65409012035514     
  -63.045761390010540       -209.21339045916497       -255.82965187022552     
  -70.040376111783530       -203.60305594282923       -256.82746996788882     
  -77.991407405412076       -198.44720443473727       -262.69895786815584     
  -83.444981222422115       -194.38922972466298       -268.43528148546079     
  -79.965953364145690       -190.39888108914610       -278.60305434189348     
  -75.073028242698712       -185.87330706294330       -283.56372443269225     
  -66.989068276068565       -180.91868044057014       -282.73763922255165     
  -60.720581338211986       -175.04187302223443       -279.85377862077894     
  -57.023018637492299       -169.97335188517982       -271.77880679907605     
  -56.237859960978582       -167.22306779680537       -262.81103188009007     
  -60.739462779522569       -166.06424323365545       -252.50293690356960     
  -65.146964521055594       -165.58951570177291       -245.37877143908764     
  -72.885867569795067       -168.35005428426510       -242.02531082177097     
  -82.180878982821923       -173.12724912078357       -241.10445949153677     
  -90.443764226015787       -170.84788233182948       -234.33880515066062     
  -94.628652937833010       -170.37758910678494       -224.81947405195513     
  -92.961924186732716       -174.26421697648559       -213.53649373423232     
  -97.022095518715247       -182.38570644438411       -205.97880779198036     
  -103.07515547543133       -187.36914012429139       -205.07580889876360     
  -109.26248202641548       -193.00210861330231       -204.07828165334374     
  -116.80855958750425       -196.43718119845224       -199.70064592917220     
  -120.02540513003407       -198.11777167433078       -189.96682406091145     
  -125.58663855599951       -192.15561532403973       -189.30669814707130     
  -136.40322101354207       -192.71151042779795       -192.82563207538806     
  -143.29551796844109       -196.72290293377279       -193.76745612004603     
  -153.14672349549039       -201.68131778683284       -186.81676885056106     
  -160.20889280875249       -203.32878398713706       -179.70327808333548     
  -166.54242682960117       -198.55010089169394       -171.27830442240756     
  -165.82926559113807       -192.67634988288017       -166.06088878897916     
  -164.03343869088047       -187.16283332414528       -158.44579335718242     
  -160.25011301851148       -180.99618964417820       -150.70643913741708     
  -154.95877116358281       -179.29030337456362       -144.00056610619498     
  -145.55805836379702       -177.04271115395153       -140.30491985203332     
  -136.50357771238646       -174.53087227187621       -145.22238145459389     
  -131.67690460025608       -167.58017842024807       -151.56905033188775     
  -128.04681479787416       -162.31955195849429       -156.44814117699440     
  -123.12554376439259       -155.72879580112053       -162.74391256452043     
  -118.39307889788049       -149.71630478944675       -168.57871327439767     
  -111.34902492330723       -146.19258584713455       -173.86844665699857     
  -104.42945439571658       -141.36136593800705       -178.17511745033909     
  -98.886743847778675       -136.83506410428021       -183.68084499658050     
  -98.210126773390755       -130.38088399689207       -190.22036028918023     
  -96.739418560399997       -127.63429939326379       -198.48730696705186     
  -91.960603284313493       -120.68964709081537       -205.09781382249110     
  -87.954791240042226       -115.17703064698703       -207.50960028059268     
  -86.729506574602993       -108.63419422657222       -211.81092525221541     
  -82.746994712315200       -102.61411284344209       -214.19090364650930     
  -78.166352214313974       -96.151311271272689       -218.87862661166164     
  -71.463623946531470       -92.255206511978074       -224.62413408046069     
  -67.518661086625428       -94.629113108641093       -230.93606397600161     
  -64.491030967062684       -101.87072217647390       -238.23236447883068     
  -62.303056903343681       -109.64464251742821       -246.22597873177654     
  -57.544019109113393       -115.57854448357887       -250.35025842631183     
  -56.077981467014290       -124.02795673555097       -256.58168100710600     
  -57.934302822556283       -132.23402481080316       -259.42460795921897     
  -54.052262850813136       -134.28617271632388       -267.15512082790366     
  -49.566507775976184       -139.09502994753703       -273.00056291347664     
  -44.279768814844964       -143.33600164573431       -281.28537809520907     
  -39.109811540820274       -146.36351094152502       -286.17039139232116     
  -33.467734967638322       -154.80925631121181       -292.50209553176637     
  -32.507236497752196       -163.81288458300804       -297.64977532757865     
  -35.997981346244075       -168.32088593345804       -307.49391543542134     
  -35.828534288935487       -167.51105112553665       -315.99435985846566     
