   5.4081827605698436        4.3312724689682085        9.9628964181679809     
   9.5532138312617363       0.89632965242290652        18.820145785620376     
   14.668812038888021       -2.8002306820962986        22.823563086956828     
   21.889878300884767       -5.5995776887466917        28.901173811609674     
   24.193458937647840       -9.2874648912838325        36.086857453220233     
   24.276004510884711       -18.036969088091638        41.635364405420546     
   18.764539182494673       -25.510196838178757        39.999214158881017     
   14.347467092667443       -31.311451468339897        37.333268809262300     
   14.527145223586011       -39.677842007302701        35.029576585959447     
   15.630667295267344       -49.830157996037059        34.298537631350996     
   18.839280354790674       -59.941600889653756        33.580960533583564     
   13.740978775280809       -67.576483024973982        28.069739477684703     
   11.740940402690988       -75.207633125063325        23.589323959455886     
   18.240519071166503       -82.000422052968361        24.697537226957657     
   25.425289669075021       -86.549044653006803        25.933214268564711     
   34.834601892632833       -86.950465039945271        25.262724907756109     
   41.290380369566165       -87.136316972291070        26.082122730267990     
   51.632091257415212       -86.576464301554040        29.185937722766266     
   60.746762656541939       -85.261463656015508        28.400257352125280     
   67.044536407672922       -80.484699784329052        33.432660540370946     
   71.165694440743721       -81.211300947594594        37.380608888864032     
   78.125809822071290       -85.760523710609846        45.020935195294619     
   84.451468374097885       -89.714927320034292        49.634226137790534     
   85.466666992540240       -98.121809306773656        55.773887031194562     
   82.653902583576041       -105.75811731538371        64.544878126976599     
   80.613674527186731       -110.26637145048133        70.951260351200347     
   79.672724597931307       -117.19804707519233        77.376455200567619     
   78.504680072025678       -119.91957374999018        86.442791696395346     
   75.678467682764492       -121.75583131888811        95.373764794465515     
   79.003318485516672       -127.01267782538000        104.89481079104421     
   82.910722196328663       -127.74187950297392        113.09427003804258     
   83.255382469090478       -130.84057332590911        124.24715203948105     
   78.790161840608178       -133.56253518290566        134.83389831974893     
   75.236956201534966       -127.98362203702362        140.86167940651882     
   67.972891366849595       -124.07956679976854        144.65327054644240     
   62.747527105501469       -119.04922426797762        150.85634655170526     
   58.277935735791978       -112.53102836946476        157.12452021000749     
   49.565010704353639       -107.23837653089083        159.34514794487006     
   41.674425116306743       -107.16704018322994        161.01395722916479     
   32.219361761784960       -107.26092543123033        159.67905610400555     
   26.863028989414467       -101.07670189590701        158.62123892888573     
   19.718920045615491       -92.961932969372981        154.28388900944574     
   18.578685085265697       -81.629626681829507        151.38591142653218     
   16.829982518966631       -72.250018698118794        154.15908083208782     
   13.971732910964434       -64.395588784641234        155.10880352107418     
   9.0229572564854408       -55.059461992757235        153.74721254673636     
   2.1148171333608872       -51.314900473725231        155.60762571630988     
  -7.0923954191497387       -49.077069201804335        157.58004139313536     
  -14.805605771593306       -48.045724729126533        155.90729057089820     
  -22.508199040529391       -49.874658287705387        157.37996883097378     
  -30.437356246357879       -48.840408487759106        162.17001272536191     
  -35.785931784874961       -45.557179214528759        169.02528908795671     
  -43.264383845066305       -41.993432800553109        172.90343523003298     
  -49.155875408488257       -34.313846891929586        171.69470378294790     
  -55.029674197179446       -28.490240533429045        167.04001704712050     
  -54.796956226142242       -20.849429676847620        165.41686023655868     
  -50.789227116573869       -11.251573142190722        164.36536445422547     
  -51.428576095755417       -3.9282662371448964        161.23290275046946     
  -51.142569616884089        2.0412290296933833        155.38745829255348     
  -52.438071938559887        8.9747719098206318        147.79598229511041     
  -56.066627492690017        12.568345979149115        141.28987431947672     
  -55.937663731911329        17.099161632811501        131.25962843940118     
  -52.487255112076724        18.103133234660532        122.80419760948874     
  -48.201347078529196        18.437767112232223        114.49635239056637     
  -48.052939582335910        24.991754019408262        106.27801564732097     
  -49.087370434287436        30.540720828834225        96.983030746161532     
  -46.362935595034244        33.334895572173437        87.711682057797304     
  -43.858855356519655        28.803858694020320        80.256678416569713     
  -33.496401069448595        26.851103613050753        78.667459852051536     
  -28.324214794888434        28.833967719462763        70.037368995536283     
  -27.234073585206986        26.678399214357754        61.856055156582848     
  -23.441610442759000        23.493113869125096        50.928962692454881     
  -24.166021677860016        24.312568927820564        43.576544341301087     
  -22.551561271676690        25.975696200639419        33.961277911268979     
  -15.882147540083892        22.358620349256114        26.455921681147153     
  -6.1966933750732380        20.941630044411824        23.378651817033290     
 -0.77029794682363217        17.607791786562487        21.218676117086822     
   3.9053561514315334        11.368974330322715        16.634854034757602     
   6.9060731393747332        1.5094475722147962        9.9762266048493942     
   4.6206267313875884       0.43001794830533413        2.4618413821293537     
  -2.8603005872629694        3.9568972768722261       -4.1223545972553097     
  -10.656443200269678        6.2441049994358480       -2.1800283833304945     
  -19.910589374695263        7.4147020220849811       -10.358115136254238     
  -14.952743068076813        4.3427238787995606       -19.700094791024846     
  -5.3448493845773442        5.4394206311967537       -22.769515224661390     
   3.5798292689230351        3.3960472847737435       -23.518174824454960     
   12.535412183612550        1.2537030090334582       -23.911613641879519     
   22.273740249443499       0.54748652733999847       -24.868165097680688     
   30.318433847301606        7.7995532680347992       -24.325592539936451     
   38.453146935634749        12.722673635417138       -21.770551433187428     
   45.777823081206691        17.187803568080810       -17.947150605590217     
   52.111485337485028        20.133040986931491       -14.601777017762970     
   58.276221259436078        26.260117669153260       -20.913591848950276     
   62.955438984040676        26.617582867820914       -28.430070267859080     
   63.107821304938518        24.637375541738578       -37.820334778421959     
   63.932160190071329        29.505791375272238       -44.498293166537863     
   71.931479297868634        32.123992176952925       -48.993040666579049     
   77.615799585177314        36.258277913752195       -48.974828205847942     
   85.004635434253927        41.912176738174253       -51.735033068122007     
   92.089819638494887        45.431940693826348       -57.321907489241525     
   96.679293968568743        50.379322294476481       -62.543345285225911     
   100.56423211859516        53.450042448707080       -70.229932849847103     
   99.759717356104261        54.117531884460732       -77.105302703514440     
   99.507154458939667        58.918848930061372       -84.983050653620978     
   97.250023845503449        63.184103318313895       -93.142875368991895     
   97.682804019719697        64.213272337464474       -103.51002293668856     
   95.526501797283004        65.919766923384245       -112.54146943873215     
   96.814292783659269        66.404699350979584       -121.73392602654610     
   99.206433864393347        65.708969074044688       -130.66116678613184     
   98.826211252061967        61.789306112998659       -136.21019986703769     
   99.605530751016317        55.278874281414360       -144.52082177127213     
   99.978519499112181        49.440429908353650       -150.22284883255119     
   99.191603543041865        43.789364943990790       -156.88603356839664     
   98.386478645404594        43.922099989536108       -166.13362151731042     
   100.39292129637661        44.962090471063163       -177.13976853583839     
   102.09759355881785        44.612416605878089       -187.51384613271540     
   105.34061411594254        42.353261511136509       -195.33316839402457     
   104.77554470848830        42.371555675372441       -206.04622067127215     
   107.02488657417486        37.203601609834188       -213.31210590074522     
   108.31226961128996        32.260053636965154       -220.23238847068541     
   110.25615056414868        25.356158186130703       -224.50569192626045     
   110.81153510543012        21.755164830543201       -234.64901645040001     
   113.88712121410933        16.119415316162495       -243.39144393741171     
   119.02437848050445        11.467381610953357       -250.54694877694914     
   123.27783706415646        8.1204191067703420       -257.69773567137923     
   126.25698990248978        6.8323591700089281       -266.94898233694016     
   126.99327142149895        6.2983188159717187       -276.13462327340710     
   132.98496981292715        4.2753335800777279       -283.98111168907838     
   139.82532616168390        3.0744297076252280       -293.28998069886967     
   142.68977453653818       -1.0142196836434749       -303.81848594002804     
   143.71807466432674       -7.7734397120522800       -305.29017011203348     
   149.79230651277959       -13.372147007083953       -301.34388400056088     
   156.20285161072854       -17.508552178946921       -302.60659484394222     
   165.48935311447005       -19.327383860889256       -301.56195423081624     
   172.01949621887792       -24.769803278011707       -304.92078618979889     
   177.49445347682936       -32.347697855585537       -311.00440344686331     
   183.49537207993473       -37.654801641343646       -313.52072415497344     
   191.36079824086994       -39.849046452084480       -317.49581143498534     
   201.27403709982099       -37.301592001864670       -318.17641484734025     
   212.54634096624551       -35.101075658814494       -324.10083650364430     
   221.92546997141056       -38.758686566022426       -326.44670043449895     
   227.70792169504605       -46.666355910988131       -328.25551630866681     
   231.54305804714414       -50.035639342109626       -321.37075660730562     
   233.39419027894499       -55.361730031346589       -312.38839734008371     
   235.10714610327977       -59.684821180990753       -304.02312545838532     
   236.02819524784792       -61.224712618495268       -293.95075349487865     
   235.15314740502262       -62.903873626897571       -285.66006769627984     
   239.08334778035641       -65.417724344852701       -276.42985838431713     
   247.25628147015129       -68.851928069747046       -274.62063474537058     
   250.78613377310762       -74.516162152709313       -279.92904388387944     
   251.42447504004735       -79.771374060719779       -289.82343943356176     
   257.21276069943269       -80.039099860422681       -300.63932738105274     
   262.12704216662451       -77.830944686680112       -309.25713303604732     
   261.79259717210539       -73.630682734695057       -321.56560239176719     
   256.10670679581278       -76.789405597864459       -327.40386891168765     
   247.12216676398208       -80.665438512591777       -328.95590677373747     
   238.72655348172151       -82.744223194567610       -330.51939493339745     
   231.29722318601532       -81.827835315040844       -334.65266617676957     
   225.78615038939017       -82.860424458405646       -342.09508288925298     
   217.96939252997117       -82.741117693850271       -346.56522852205416     
   208.87933591325083       -72.433323758970175       -347.93980680721603     
   203.16696819814268       -65.702561653678202       -348.26419332226249     
   196.97109366026791       -54.934214987881084       -349.69351785054329     
   190.76274029168979       -49.768710334056045       -344.85586173404999     
   189.39078500986989       -42.103686954314270       -344.78040761190391     
   191.89560412525179       -32.692682669725698       -347.32625286466612     
   195.75590415316316       -25.802698335667749       -354.08899681690866     
   199.36738257886208       -19.177821163081283       -361.60815219098447     
   201.09116786064158       -13.677152389877776       -368.05050275967255     
   202.03149147388106       -8.1844295265054683       -375.21578065516997     
   206.30659515081754       -3.2737497544994767       -382.28648637031120     
   214.08361407234884       -5.5920055941940348       -390.77816039303741     
   218.29756277094802       -3.2744039989530194       -399.23205240418213     
   220.50511381932165        2.2700001637866833       -408.54735141299921     
   222.80427306487456        11.875024971045796       -414.51313667128568     
   224.10187032317000        21.933285533693294       -414.71179901872387     
   223.78674922435664        31.423471473763087       -409.68075520473440     
   224.94891524913422        38.196281304398887       -404.55916074872664     
   225.00868704717533        44.416670703356445       -395.75485697094274     
   224.37192869141327        50.064289352047695       -388.93214747773095     
   223.89266607808653        50.493942125882683       -378.73550785106812     
   220.75395718241589        50.504371993893308       -370.32090449556921     
   215.90497430330504        46.546146822413178       -364.47982172598171     
   212.11063446110683        40.526812072508704       -359.35311583773699     
   205.32526002704680        33.586858937708868       -355.54040519937092     
   204.24834613196276        25.163419932484139       -352.23620390554998     
   208.63303769793217        16.770910638237574       -352.27811198544271     
   215.94726433294500        8.9133530746183069       -355.68232374194321     
   218.44351608765501      -0.76330908744044024       -355.45726758231274     
   215.79115634604597       -7.6336493715980183       -359.45862190779070     
   219.43789554963314       -16.584704301310936       -362.16024621969336     
   225.37401293106365       -22.928584255566335       -358.37710792272986     
   228.29814224081457       -31.092078092695708       -355.50794279667321     
   232.15246023772926       -40.967014443711037       -355.29934693494209     
   239.78855296971682       -46.247271267046955       -349.97093097962619     
   247.17255260236590       -47.695308987502365       -344.66210731702580     
   256.59781042047115       -50.096958644305801       -340.58190269099117     
   266.90556235662490       -51.806031521784270       -336.48959994354402     
   274.71086527924592       -55.165264534743130       -331.83155334331161     
   284.32051335265379       -52.545950697107102       -331.00902687537405     
