  0.48594640418779989        7.5525599091161624        1.7988878411175904     
  -5.9630634043838171        13.970797040182134        5.3154654501614829     
  -12.207733374197709        14.590975739916502        11.451196750070011     
  -17.504603327117557        17.472802855440840        17.534235961610122     
  -24.794805049562157        23.647556439962294        19.663099995587331     
  -29.620433159618322        30.114371727204848        15.943735348479208     
  -30.773533367653947        33.625093678721150        7.0981378901883545     
  -32.070817555705752        36.425990729623678      -0.83779825665314434     
  -30.654991446958086        37.217050668975176       -8.0812886693238539     
  -29.235865226204474        44.703181899455629       -15.097988119643162     
  -27.568747314430937        53.297786489525436       -20.616802628413694     
  -22.013345387770435        60.248016065333090       -17.042150857201932     
  -14.931083583588766        66.143798698030338       -16.181715045543982     
  -14.738610148024875        70.146571726776742       -23.715717667933035     
  -15.132619790875474        72.785866889787783       -30.467203021771681     
  -19.582331201178889        73.305707343855346       -38.457523132290419     
  -26.064828657514674        74.510872055809841       -41.268033292912435     
  -37.820421875278242        75.617255297724711       -36.864158971256245     
  -43.077421188298331        69.725029300838187       -31.175418641008577     
  -46.874231700409631        71.198719828780568       -23.210486209045044     
  -54.896182039148812        73.621229717819702       -18.935886538178522     
  -64.378473137623558        77.256672162709222       -24.555448094434013     
  -74.587113263285872        78.801120342272910       -25.183094738283657     
  -81.581916140281507        80.588569183966257       -30.727897983107596     
  -87.410127962606978        83.125631433135183       -39.884357338530634     
  -91.475621913405888        84.050285743787981       -45.954221631101873     
  -97.524257246763398        86.913058809835860       -53.095979729450619     
  -103.69399702414135        92.595159228462236       -58.075428063783079     
  -109.37779691426519        94.117301132200652       -64.445272898435007     
  -118.00634006614354        90.255893362846095       -68.962847636328092     
  -127.61686483554922        86.730424027961561       -67.605413574636856     
  -137.40003574264597        83.142011084712991       -71.016087210682542     
  -144.75912581365793        84.140873662948252       -78.883333198688405     
  -147.86185015435274        92.157747901774684       -79.816389806636096     
  -147.82453899809428        100.82405325546875       -83.247522419347149     
  -154.28881012023828        107.01090434660975       -83.187769999771461     
  -162.51804860277713        111.51991507990681       -83.583144499822765     
  -172.72861794694521        116.00239696541385       -87.765850572992576     
  -178.02798465851680        114.55011179127865       -91.955044568182643     
  -178.58711492791781        110.38862553186982       -100.97898014497633     
  -175.56958865231488        110.47915933061861       -111.00204615081151     
  -175.39281365479127        114.08117790050457       -122.01569771965274     
  -173.59337845365161        119.15048877899528       -132.36739342392812     
  -173.42043409489051        119.62007368258622       -143.31308904217997     
  -172.95006621752415        120.40670668013280       -152.14205405708020     
  -169.57371833169265        118.52792491998198       -160.42904669488058     
  -170.83106987832687        118.03007604141104       -169.36844610084259     
  -173.67519690131434        119.16765281481506       -178.51851847205762     
  -177.01430465913646        118.87332842118988       -186.25082517662275     
  -180.93789454113238        121.25622005661657       -192.41103091238023     
  -179.43502134048748        121.12117533770382       -202.34218464014270     
  -174.75963647515704        117.85003447193060       -209.67853813194495     
  -171.73991782218212        115.88055929692439       -218.76551877585985     
  -174.87768514248694        112.73412763048287       -226.45150752050483     
  -182.80879484315250        110.87548170584466       -230.07907535531234     
  -188.01834928380651        103.05122386319613       -233.30648657779136     
  -194.59351773177517        94.112241406317992       -232.25863128020006     
  -200.87936593716560        88.861522946887575       -232.57198779812427     
  -205.19859294427619        82.679849507035257       -232.30167743855429     
  -212.91097857820222        75.114072653237670       -230.81018595574812     
  -221.67384745559156        71.618531192686220       -232.86841902770027     
  -231.87875989358895        67.196108309435175       -229.88803975795872     
  -241.02122878586908        67.486007355298497       -224.65724156476261     
  -248.55252054851820        66.617235009418110       -219.70495632294143     
  -258.30193834436278        63.091645570940074       -218.70611713432510     
  -266.41130375885592        64.233758253399074       -217.92353492747799     
  -274.74706170472416        69.689991970488549       -215.47833293737136     
  -278.23054008768003        78.355540929958579       -211.38426694686711     
  -279.14317964840512        83.675789525480809       -202.68423028447484     
  -287.16951630659116        86.592865622389709       -198.93725942429296     
  -292.92531469092785        95.919569312990120       -200.92838208833348     
  -296.81956724554323        105.46322771697388       -199.06899171036230     
  -304.33038760980492        110.50695660249298       -199.07143495264648     
  -311.57034005175603        115.44535388981819       -195.24808798637150     
  -316.78222859588317        120.62443458579583       -189.21466997376467     
  -323.71665108901215        125.13637907866632       -182.36884214010377     
  -329.78797218974671        130.98888934039837       -183.11754020169968     
  -333.55882818196665        138.03414594721772       -185.21532111054267     
  -341.64996963761638        141.58659269701661       -190.83677164119916     
  -351.66250137613673        139.52287749777327       -193.18468687224174     
  -356.33393801328600        132.46163505092565       -195.98265252255743     
  -359.73165216565417        124.42412814610790       -199.67919099553842     
  -368.19477188580009        117.57732720769067       -202.72397067553976     
  -376.94889265522909        123.47459888211577       -203.38804025363385     
  -380.93743760153404        129.17433913785169       -200.21136942739400     
  -386.10769877956068        137.76827033608581       -197.21619864665138     
  -390.94491144410131        144.27441025593888       -194.89878704275100     
  -393.54953554049069        147.59702272283621       -186.23991873696940     
  -392.63439532534539        143.38933080711232       -177.32617925601130     
  -389.77316218327081        140.05010599469540       -169.07144999807556     
  -385.06627039662203        141.08168526769973       -160.56788178013662     
  -378.95517946120219        139.95898067731571       -153.84001259279813     
  -379.59858832604920        130.12001505815101       -152.98328100969962     
  -385.51287204656865        124.14718337439098       -150.52487723183029     
  -395.13428511328192        122.48457746325465       -151.13789736597622     
  -402.25413587465800        118.77318451625001       -155.24832244080284     
  -406.07025827647703        109.39351461136712       -154.79491451894305     
  -405.21760722571651        103.39286358213619       -158.43406139548358     
  -403.07517027120684        98.299092523744122       -166.71242000760233     
  -405.10430406864430        98.965014897352773       -175.67368574830829     
  -406.64653310698327        101.28084452793937       -183.86600517957572     
  -413.33650531056878        101.98708585129415       -191.63698350011992     
  -414.74411269533300        105.07955343229875       -198.60600735624911     
  -420.59847170468595        110.13872703348471       -204.66535572180362     
  -427.54140770790258        117.50636026603345       -203.92505125085194     
  -433.46662659416938        124.67344313465350       -207.24712705830626     
  -439.29419857204635        131.66294443064842       -210.42992906859456     
  -441.29269159953759        137.55567808093747       -215.92307064403923     
  -442.91209658307491        140.60767751719922       -223.59289005384886     
  -440.83621740346894        144.89671943413319       -230.51769970404587     
  -437.56533369575664        150.70668358639648       -240.10158930284962     
  -441.15539697595051        152.03245286034510       -247.73594106691280     
  -442.98420063461549        151.89264187540866       -255.65283632749754     
  -443.11960165474244        152.60610717014359       -264.34264751628172     
  -444.16248702607328        155.11839570147848       -275.09916555977316     
  -446.39209490216115        158.56501662806491       -283.88992629600716     
  -448.27568056056566        166.05804817848232       -291.02374174099072     
  -442.24110893736747        173.09176692248110       -297.26529111313920     
  -441.13476006456790        177.32421861191193       -306.21238531131786     
  -443.46505475627259        181.42784704794619       -313.74926822772790     
  -446.00647571051724        181.46551541278632       -322.82978007085330     
  -443.43605321391340        182.30696692074770       -333.18302328501102     
  -441.05442083241445        179.30579511952556       -341.97086156929674     
  -439.93926729182670        183.66511045262351       -351.20862160729251     
  -436.49568063459839        187.77679605167413       -359.58598568982688     
  -437.32426393029988        191.17740676292198       -368.01247069449300     
  -430.83818643445670        194.97003068180655       -375.34347973866159     
  -424.16489852282484        196.71720751352487       -385.41080522617352     
  -419.51819481306086        197.46509003282171       -393.30043651305084     
  -412.19551159599672        198.63734946948682       -402.07472064971819     
  -405.71241851630379        199.37536665278546       -407.32039005807832     
  -403.11482080822640        203.98585288576402       -416.64595939278649     
  -398.67144304671967        204.16521584326722       -424.79577902405356     
  -396.56361429900983        205.44525169273822       -434.31966180452480     
  -391.04145667671690        206.10605626618459       -443.30787209864502     
  -383.96327419770995        211.79569609436973       -446.81648295846117     
  -374.90079455315964        212.07046432048824       -446.98301784849707     
  -366.53996406449994        210.59642188653666       -446.01071245639446     
  -363.35338770819044        202.90267541553715       -439.24467784477292     
  -364.88385700515676        196.64402605915433       -428.08770508347504     
  -359.55009917629792        191.44221356363556       -418.28344208081700     
  -351.01342158357534        191.28777709853779       -412.59932232013489     
  -342.51876830725928        194.97914948206332       -411.73840365059345     
  -333.41001138328789        198.69947950179287       -407.76427808313974     
  -324.95895528313861        203.76650173439205       -406.88563790160947     
  -319.67819416302137        211.70465945448436       -405.50990053956036     
  -315.87509092765799        219.22012572820802       -404.94339264730058     
  -312.35476437844466        227.43901970581089       -402.93737801972622     
  -308.58248467195892        233.40650042453620       -408.77621871714234     
  -301.71281726090865        236.50952303189422       -415.68900752752751     
  -297.92063668847948        231.57201686279927       -421.57877443026717     
  -294.46879296966131        225.14921873054490       -430.47625963722714     
  -287.52549770983387        220.96400229803271       -437.49357907926571     
  -275.38532653483378        217.19369123999232       -438.85768118962869     
  -266.67882356069606        219.03843952527231       -434.21484828971904     
  -257.95302719192796        220.45157148263277       -429.13606312052320     
  -252.68171661957243        215.83994850764461       -424.21112101490723     
  -247.72884381670514        210.72128626981015       -424.07785965294806     
  -239.62123700146748        203.48954788841030       -425.78234698213078     
  -240.56501994230746        195.14170448410812       -426.36885112542433     
  -236.53060523718460        184.26910111698101       -421.67288926151878     
  -232.98690356727764        175.97448335497231       -419.25777564214417     
  -228.04659732335037        170.96256612989447       -408.11159184250528     
  -224.49085278193721        166.61646561171960       -400.57918446772408     
  -225.32018519350822        160.46025737611799       -394.48011668433764     
  -227.44500148466309        154.08687265189002       -387.26768108619416     
  -236.18518501057460        149.46573014661442       -386.32628954489508     
  -242.50127495594319        143.12051367023761       -390.16676404279798     
  -243.69597226712702        134.19578119961582       -391.95687908991931     
  -242.00960916659443        125.81331990898977       -389.20529562566333     
  -238.03527830098290        117.50808259412270       -386.78711494220374     
  -236.21754812525751        107.43939587227646       -392.76063457353803     
  -230.52145541783000        103.33845257994295       -396.30451322047873     
  -223.34338517460822        101.81312377647328       -400.99935189234418     
  -212.55443555508884        102.21218575146909       -405.14485064770491     
  -204.06838673360568        102.55221380348263       -404.98375810443565     
  -194.37609750093230        101.09753941689644       -400.37258027038314     
  -187.58978732806372        102.24876141442647       -395.47264965962074     
  -178.90173897000452        102.39843039209225       -389.29689112817221     
  -170.68568087022371        103.36678357766607       -383.33604670109037     
  -171.08656444456471        106.97519469618305       -374.89468510469294     
  -168.08858018512336        109.10096785568695       -366.53215068704213     
  -166.07288899149174        112.32419077995021       -357.14873187748543     
  -160.04663808040181        113.04480421402488       -349.49838295420284     
  -152.73803398166893        113.56371276169349       -342.07840598775101     
  -149.94159031788951        116.70792675094989       -332.28998764666903     
  -150.26080782580846        123.32533690593425       -325.10501890361365     
  -153.48518837995286        130.69733181487163       -317.88300024971045     
  -153.26274569470746        134.64733097210285       -309.88855739109420     
  -155.73917894824191        141.36597143868937       -308.09518581325381     
  -164.62526830367554        140.91870765155130       -302.94155474889499     
  -167.11658074079153        142.35050556571304       -293.89428241197436     
  -164.25111696814480        148.76671545112623       -286.29822739937106     
  -160.98076290864023        158.62774179362361       -285.58105554638212     
  -160.10117958802979        168.95780855948993       -285.64457571561303     
  -159.94957877964254        177.57898921030545       -284.06456952996575     
  -157.55417728109836        188.19890046436859       -284.37553294271680     
  -156.85923943068849        199.62587910084477       -286.15326218462855     
  -151.32504434216722        205.79317585267901       -283.98614313504595     
  -141.17342659102712        205.61243423302315       -286.34112037768614     
