   2.0571471846235880        4.6059602443916106        8.0112468003712820     
   7.4568718265397251       -2.3748636848842466        8.5472273258250198     
   9.0172936542404045       -12.761589270170475        7.9722927657868468     
   11.422088072711460       -22.880296854357880        9.6960376435566786     
   16.020574815346038       -32.045976111665254        10.637866653607375     
   24.849200576012006       -37.695810230328163        12.003775443269433     
   32.270869661828073       -36.653958546739489        18.512017455138675     
   36.449122323912377       -32.904414086660552        25.356436221336367     
   37.760457686320620       -29.922243564057055        32.787399664765985     
   41.888859175367656       -26.742296977063802        41.739181166546814     
   47.311479930564701       -21.982620562011391        48.446125977740394     
   52.590706713510514       -12.127914119512468        47.294155959176010     
   59.797720041899026       -4.0484394923068407        47.762514701151531     
   59.392910453798635       0.82500535175705636        53.449503714219873     
   55.504764550867151        2.8773410548478751        60.216702923049866     
   49.937961274005943      -0.95314947757725577        66.154304882580732     
   48.061519236965921       -8.8459368716871154        70.062520017902784     
   48.699703010859594       -13.974790834975522        81.172895460911832     
   55.675027197189429       -13.145267908292283        88.938820938863842     
   57.452919668843521       -11.163128546644430        97.447139335321708     
   60.498732646722601       -12.236958934217569        106.76839225619676     
   61.110933174687787       -22.519801978885653        112.37186213347343     
   61.002057220285721       -30.691806737039030        117.76716531953736     
   59.718732036398507       -38.853983974985965        120.13974870836626     
   56.005247011587485       -46.241047900732269        127.62484351468993     
   53.923548077199960       -52.315276658506605        130.03144141519226     
   49.793222234047342       -60.573862792956731        126.78762710974553     
   47.323007923774156       -69.626244488969235        126.73161539070753     
   44.557580551139182       -78.268944043743772        122.50753839226633     
   44.239648539998434       -85.582233969834078        114.69981198254226     
   46.035145730796934       -85.983936994553289        105.38310559711533     
   44.754174484751701       -90.498914848771904        96.653350127288718     
   40.170602229177291       -98.340920485797767        93.107968177793168     
   45.512119769465947       -106.84680352902740        89.250075502230402     
   54.507665286395728       -111.54202446357471        90.399520618052975     
   61.770639770300420       -118.17479003881414        87.603538728474177     
   66.347911745201628       -122.26366793453730        80.494563864794827     
   71.234291281212364       -130.11048374484187        71.873285947887894     
   70.573667039489678       -136.93347229726504        67.061620712734339     
   65.307333974210152       -144.49108688429919        66.602942881660624     
   58.015595742046969       -148.44366548751793        66.458739071604100     
   52.358386981751003       -156.82556603286378        66.740830069175331     
   45.935610657421542       -163.42473328917472        68.001574105273335     
   39.528204633972706       -169.84571844855188        63.793233259819431     
   30.223522316515002       -169.80474048784208        62.753562796474398     
   23.401715475784716       -164.91208629383081        58.022036987857973     
   15.667533050414253       -164.78599220005285        51.011631505466880     
   7.9381188971614804       -164.05391313981616        46.455165218840534     
  0.70607001176468032       -167.78007222280706        42.388415370029520     
  -6.5463227010400118       -172.32742631676217        38.524560039164044     
  -17.172244099541729       -173.55583731961653        35.527699652675892     
  -25.833819585171270       -173.55080022912117        30.718364073255202     
  -33.383493111505103       -177.36755566769506        26.302881858491673     
  -37.785345480586528       -184.22083221338133        23.861260910735609     
  -37.914870838274368       -191.63609506849181        19.378922174216086     
  -39.605592384333619       -199.89145564963351        14.587163525653750     
  -38.896090280745270       -207.88593683235652        7.6580775287668530     
  -40.616291814432671       -213.52944711956141        4.8380059284129402     
  -45.665067295467921       -219.17315445467028        4.4884823491513544     
  -55.236022569258239       -224.43958781540152        3.8822128567092022     
  -61.321183005481018       -231.48773050846282        4.5596006611982602     
  -66.256870407398793       -239.50408057630386        10.149909556998978     
  -71.778564133159506       -245.64131396788036        15.051577834549221     
  -75.705053701864500       -255.71694054048487        20.492099114174835     
  -82.797347812298881       -261.31537875666174        20.457693319644250     
  -89.764648399166106       -264.92240220948582        23.638174344054846     
  -94.775304031771071       -268.23320811132987        28.209464049320559     
  -96.103993912315019       -266.23871624959821        37.231217172368474     
  -95.607821615616047       -261.56876037586437        45.235890083353070     
  -99.895108268440580       -261.81259628462169        51.621172018252025     
  -107.86876474419087       -258.98620684875834        56.109905112827789     
  -115.82015531937979       -252.79653814105592        61.014927518723255     
  -123.62976679353916       -250.81907809498085        67.010511740263439     
  -128.69884865364764       -251.17825830527551        75.905930371013653     
  -128.99281197335651       -251.20460142009603        84.794144903059021     
  -125.96220586355621       -255.67158498171335        92.295509098681407     
  -132.02198572517463       -256.80162009157948        99.082278182959499     
  -138.33753846005223       -257.14315160694099        108.61922399986963     
  -140.30752374333372       -263.59265567570117        114.42581813059184     
  -138.43357292758978       -271.12340056106478        120.91330362739416     
  -134.60002518590187       -277.61728779260045        126.16318054225883     
  -129.05194517028013       -282.08500930489316        132.12699336005085     
  -130.42703008736018       -285.31701077905927        141.79380178948713     
  -137.84581491480913       -285.44904974976896        146.85779914257415     
  -143.99992390358426       -279.57060802130513        150.99978960236837     
  -153.81134643385164       -274.32921266446590        156.25589237026844     
  -158.80820966624651       -272.68004205715260        164.10028160349060     
  -161.38561785136329       -268.25526779044100        172.68339129746789     
  -156.46546320514602       -270.75103955783760        179.63277746782387     
  -148.55459232753199       -273.77760246177888        184.72295781485610     
  -142.57570576117388       -271.72234316123587        191.59110059374831     
  -135.19283001529752       -270.54807390064747        194.63023709214440     
  -134.47066309343703       -277.76945395206155        193.83535904722839     
  -131.73971838533154       -285.47952455931056        194.75092986307317     
  -136.58358344001104       -294.75769120507613        195.93154055590810     
  -141.73546132283275       -301.56950600809557        197.15455077073341     
  -147.46034801009426       -309.57326065646299        192.08705219055457     
  -148.58408458257119       -311.95997294811963        183.87368555902543     
  -149.45049610056395       -312.45971728976622        175.68547385546236     
  -148.53871515895011       -305.70734072637936        172.38191361397139     
  -145.41292662307839       -297.35765276639944        168.87385890782110     
  -143.11052626656041       -290.28905404639113        171.96109477796580     
  -141.17266561158064       -282.81547617518981        175.11553490480856     
  -138.62856314248361       -276.94428972044295        179.98055378462027     
  -138.00933410362993       -272.38109024239344        187.68855346492859     
  -141.04199169504253       -267.66904964542960        194.95373038056528     
  -145.09119548700590       -264.49912727850369        203.74586488630496     
  -148.74266521779106       -263.85448410829525        210.15536068326941     
  -154.01527692305910       -261.39843495473104        216.49240133723612     
  -154.95856912659204       -259.42754481539521        223.60432749488771     
  -160.82597158540153       -253.04249698418869        231.47360090392669     
  -163.02483490990844       -245.72995874711756        235.70677127821628     
  -168.02493272445105       -240.91189424953325        236.38902413477703     
  -175.38210819789128       -232.55880357893625        232.21909525400437     
  -179.12842149408391       -224.29214089852599        233.13823774387436     
  -183.37825098001656       -218.15946144689488        231.87134589303423     
  -189.59471999951558       -215.12554924304379        226.12231058511799     
  -196.27329144450130       -209.09621625710682        222.21255494794187     
  -204.77385712766372       -205.85172280414963        219.61454485476708     
  -210.29129798237258       -200.83523765527320        214.26692134939805     
  -215.47927886052037       -200.91865915974807        205.38271884787963     
  -216.56610891974483       -205.20347672835567        197.09253503340389     
  -217.30573726927855       -212.65617130416132        191.06043012329917     
  -217.93337266321757       -219.58872132213770        182.71706384223273     
  -225.26326967223613       -219.33387221562327        176.18227985597400     
  -235.52805043889228       -218.21737823964702        174.09873617203209     
  -242.02832912253032       -214.67684308909872        169.18042968806475     
  -249.04847581763400       -208.97463987206385        162.71981381363580     
  -253.67610970343659       -203.21717432209380        155.93568071154039     
  -247.77102939024638       -196.22582983321644        149.87410428866076     
  -243.10241154795068       -190.35166568492707        147.02665603102912     
  -240.94477695044540       -183.16648814089928        143.48331507988664     
  -243.07195367001657       -173.57742769391058        144.41299357371781     
  -250.75310692084102       -167.83830676110551        144.51465752468962     
  -259.11376228993515       -159.60327162001371        145.15903149582473     
  -267.78791393680041       -158.09186735050349        142.94786528369835     
  -275.53367755830328       -156.24353734393034        147.26304069457393     
  -284.92894722287224       -151.26838470880597        149.98689086846062     
  -295.27941948686066       -149.87593198318666        152.29666862984968     
  -304.00208448303425       -155.42349232822934        153.50956840634456     
  -310.89190537440419       -161.19940275900285        147.22148937867860     
  -315.93757756803927       -168.29305153095879        146.11602585393334     
  -323.61339645354155       -172.98173890790676        144.00106705845616     
  -330.03735185621082       -181.17669793331169        143.60421411898926     
  -335.22691367381879       -189.59252592969716        144.83689181477524     
  -340.00983467263501       -196.89672858007941        142.60965190077235     
  -346.01752023226442       -204.04313902128868        139.59748030246794     
  -353.45794663414358       -209.15601395268624        136.78636718360821     
  -357.57628565989000       -212.11588900462510        129.27082285149669     
  -361.42077268971178       -213.37744755884421        119.07840961068311     
  -366.93543476799050       -211.62864289328513        110.77185751100018     
  -375.76411420245125       -211.36660994725634        103.97047417542920     
  -385.06741014598583       -211.80425200598802        98.048056162500387     
  -391.45754565262399       -207.66932825497437        91.356744526176882     
  -400.60480810003850       -201.59980531475057        87.844569151348097     
  -406.13383859747040       -196.86056884006945        81.646255111600581     
  -410.54722985706462       -195.83251731418855        74.111726156624329     
  -411.42894461111416       -196.84689619232756        66.325837162254487     
  -412.81245063008936       -198.88002991681884        58.601146524476732     
  -407.35347037915517       -200.97433260025304        52.421490238275837     
  -403.63843840012481       -199.26757103871407        40.748838028710921     
  -400.77408701553549       -198.17761174019711        31.212778161054338     
  -395.01947305824041       -194.39783601703851        24.456176038120702     
  -394.00265073599491       -193.74031625641098        15.101694896786803     
  -393.27439637829372       -191.52124257973566        5.9468158707400036     
  -389.01387976451230       -188.32363628737784       -3.8746786697178948     
  -381.70196107043330       -180.46704201695243       -3.9038864245194809     
  -373.54203215870217       -177.11873818924010       0.33737128443608455     
  -365.85822447871328       -176.09622239193311        3.9854394238549311     
  -359.34236737849392       -173.68267696760768        5.7454676626035273     
  -354.74389736345432       -166.11554815303174        3.4289380639846527     
  -350.92571298555094       -158.18065316455821       -1.7793075349404930     
  -344.56407948706703       -159.58339070195390       -7.5291073442498337     
  -335.39037792409135       -158.78886582190233       -12.039324941821416     
  -326.56448160286072       -162.70606946555458       -16.415534705714059     
  -322.67286182590334       -165.09019321816174       -22.775219810632017     
  -323.61810231523117       -170.75893068433123       -30.522137717822858     
  -325.79533346594496       -175.49478107254046       -36.553489198058372     
  -329.57619678484144       -176.42907826305100       -45.673837906243392     
  -329.30588055117539       -180.96686745963808       -55.460608526401842     
  -325.24931925500266       -182.84032281035593       -62.247345559862580     
  -317.62299666440458       -184.24133383030366       -66.662061890886292     
  -308.09223028984104       -184.30758573814444       -70.965631415093355     
  -302.77961143494417       -185.32391097384050       -78.895710214988156     
  -294.62955576886827       -185.35149004588951       -87.224064156717958     
  -285.30678920033381       -190.99518642100028       -87.625571310717291     
  -274.63772079676244       -193.54338127004723       -90.466075182279525     
  -265.22958832986490       -197.81066690947134       -95.071044318486543     
  -257.89055272468750       -201.94809554255286       -101.09619733238233     
  -256.40981990108543       -207.13316971881528       -107.12667084086982     
  -259.06457674898388       -213.06682740531565       -116.42097491419199     
  -253.10692542764281       -221.84393771879940       -120.95421771855573     
  -245.95245814498011       -226.57817460674127       -122.81477497631272     
  -238.65347962639001       -232.79875141593399       -118.96382904210040     
  -231.08812035436961       -237.36033236063719       -118.13479554471796     
  -224.80740160657518       -242.79744673861691       -115.05800033535283     
  -221.28321215149393       -249.81015716277582       -109.01247237332053     
  -215.65113040882804       -259.02795940529739       -105.89998588556357     
  -207.02820640855037       -260.65970636386970       -109.02197797927093     
  -205.69282084218068       -254.58222192338980       -115.90069376087425     
