  0.61851950996616800        7.9736483996067147        2.7989439152106499     
  -9.8016549390460526        9.4796012061010941        3.9810868828947115     
  -17.567655863027110        13.043021970826185        6.7885159054568653     
  -25.932943500217391        18.849391898749126        10.511532802774227     
  -35.832726629035690        22.260710838313724        12.946997123359957     
  -46.400882975069251        23.725496547069991        8.4796025910799600     
  -53.275988713611270        22.217736508165792        1.8313224056787760     
  -57.960471108180428        17.936606364157143       -3.6474733959472623     
  -60.868180714394605        11.264117149775737       -7.1302866720127795     
  -67.208696078991082        5.8020743166312858       -9.1047187471608950     
  -74.615037417396678        4.1828037089494856       -16.611321853942858     
  -82.887991688324504        10.051446107476904       -18.047950191351440     
  -89.762377853065516        16.486126922644210       -19.054318360499533     
  -97.179591227073260        17.258139755778991       -25.371707265311159     
  -104.34588308263041        17.713096516558029       -27.008180280190345     
  -113.50563967019326        12.896890123129019       -27.942804752472629     
  -123.75149640656532        10.319332440786050       -28.516889458099509     
  -136.20213714137284        12.927753626747320       -31.854338790126477     
  -145.87008194250461        18.336959104376653       -36.086922493736260     
  -149.28457775261896        24.402442678023011       -42.208800451585006     
  -148.81853912280656        33.766293632962736       -42.735517253536131     
  -150.62621097061523        43.605148849877878       -39.521364265753149     
  -156.43256363788723        50.182712099962828       -37.667740886301516     
  -165.71283760676127        53.401370359915553       -34.837624760932130     
  -176.55300726270286        53.697062277773512       -38.970048224993775     
  -184.31629383291971        52.218278016164312       -40.796066695610321     
  -193.57143210755024        48.071474313501341       -39.237768469278031     
  -203.24648424584646        45.882644229343349       -37.301165448494466     
  -209.90317424460511        40.809077476909550       -32.591584608335282     
  -215.86924189218965        33.499612235391758       -27.880346774078532     
  -215.13196795524740        25.340436877659620       -26.313656429782906     
  -214.65264519454132        21.555475422185470       -17.426627365365242     
  -221.43430959656664        20.134175731169503       -9.6584560553595260     
  -229.67595958681736        23.945118712740278       -5.3523280679982292     
  -238.31882790916836        27.421037124191255       -5.3759718365374916     
  -247.48234082805146        29.216304382212776       -3.7619405676870556     
  -256.20549955279273        29.336425962836103        8.5415464072724490E-002
  -266.02440181772948        28.195217719845161        6.0094405851132748     
  -272.29915247424503        22.180535023925177        9.8027888542400561     
  -278.27198843553896        14.811500671885351        12.633311769645253     
  -281.05679874492449        5.9140435331803509        15.157301095873009     
  -284.62079543377536        1.6669253063258935        23.843861198719146     
  -288.42151905687939       -3.4535458978457818        29.371532449340563     
  -289.44579973712064       -4.9716314196132032        39.082336900054663     
  -289.32501230110114       -10.553665393810626        47.106941990599509     
  -284.80653731717206       -11.677974490676160        54.561545229451170     
  -282.39401451407184       -14.121222379520731        63.825738743770472     
  -282.98105669845609       -15.619205564653910        71.888214086841145     
  -287.06242852765422       -20.354020023605003        79.469444537494027     
  -293.08530771458805       -25.517400200273279        85.950585265136240     
  -297.47224112113076       -32.779478559715535        94.217317589659075     
  -299.44971006044102       -36.769068847418630        103.53162006779515     
  -300.13749068009520       -45.069755924984008        107.58916735160092     
  -302.68713857134702       -54.896755005281008        105.18519383863374     
  -306.20109156147026       -61.167785677485185        100.78417623641417     
  -311.15939687664206       -68.610488071385433        96.745298893888389     
  -316.76850664090028       -73.928177504809454        90.890974371545482     
  -318.12106958621996       -81.710190824912104        87.933453021167168     
  -319.48986745286942       -89.133546547382778        82.214528682168961     
  -325.18894758331669       -96.817104782479078        78.665876380416222     
  -327.60718118550562       -102.62299578872339        71.634668719651387     
  -327.47163945533691       -109.89524828030434        63.027227513221661     
  -325.56909723321428       -115.47344613483003        58.306982421648470     
  -321.84778571510276       -117.47790926685065        51.172880379508825     
  -322.52715309344467       -118.14563585947050        39.809705412808079     
  -322.94627716193344       -124.30493684338325        32.998383446116193     
  -320.26037686558601       -130.80714294308643        26.661459447353884     
  -310.80227590421396       -129.44540628992993        24.092418516462089     
  -300.41364120563276       -130.18276870851841        25.366490287168283     
  -295.97668799281888       -129.22539179515337        21.478781690482307     
  -286.45516753952103       -129.41248419424488        16.743191465111430     
  -278.62514919904703       -133.63448952476651        9.5780636280327265     
  -270.70064075017706       -139.58765098348911        4.1680565914906786     
  -265.50858255658920       -143.41837486366435       -3.0213523352440532     
  -258.89087443624260       -150.71133387321922       -5.4162520356942103     
  -248.87381933356585       -153.46078163588231       -4.5636490847254301     
  -243.09446002254731       -158.94486238552864       -8.2482877459363237     
  -235.00948166018952       -165.02532582638608       -12.715435207934609     
  -225.65805990864027       -164.26913133583383       -17.836423719315349     
  -213.12107261477883       -162.94874900693142       -15.353957055159810     
  -204.28089408646071       -161.52277463138006       -16.276553753980465     
  -195.92614766525566       -165.53833196456830       -16.894859696083017     
  -193.30250226642738       -173.79999984545856       -19.439926615232935     
  -195.75544820616545       -182.59460108275212       -19.528366685723711     
  -201.68196371592347       -188.14678320615400       -16.240604630005635     
  -207.86895546551801       -198.02022784643083       -13.247538286667975     
  -212.32473567711816       -208.38034462012291       -9.5087926294644376     
  -217.65361218072928       -217.18460183367668       -8.1839682884281615     
  -218.70582019896983       -221.64146772557899        1.6440431580458039     
  -219.25948865367647       -219.31286387252050        11.111703069334112     
  -225.17565886615790       -217.31234312404848        19.185312611246161     
  -229.42313811245558       -211.50651923760827        24.362495211559917     
  -224.50805154837607       -212.73732558893872        30.998453996028672     
  -221.99279947139638       -216.32907247524543        38.058375827732959     
  -222.31230039538141       -225.49676428199990        43.104910428363951     
  -226.45028989667935       -235.89401840379935        43.690255525938596     
  -219.40711899250442       -242.67429100983099        44.640383836940771     
  -210.16903198132880       -244.98367654584553        44.681266685567152     
  -202.75290604621159       -246.62746660018075        40.832715265172112     
  -203.35646462193435       -246.00421623833864        34.833502742746987     
  -206.21057112278660       -245.96652090355929        25.728573448165264     
  -212.30787976669339       -251.89652670220431        22.169662116776067     
  -218.08746302555514       -259.08894254672879        22.579058144117994     
  -224.69538562625186       -260.96448918209478        28.034250880616526     
  -227.64067079930663       -262.70787216138683        35.807968594679380     
  -231.54007356646633       -265.40962570822626        45.009362884896575     
  -239.21213673559839       -268.18243966030087        48.209308122530615     
  -246.86560333897276       -268.43473392651470        51.562985098864715     
  -252.65737369636321       -272.22509960944637        54.109201874100904     
  -258.33700662735066       -276.49584011817365        58.837563718239267     
  -267.28869742505964       -280.96918920336975        60.819396840771276     
  -275.41128579231560       -286.08765578376278        56.134213745995623     
  -280.57659352750159       -291.20021235723374        56.641632357322862     
  -282.96478002080892       -298.57592602131422        60.090173131122413     
  -282.66174770762041       -307.81133155260568        61.176199670517633     
  -279.40524571001504       -314.82981235181092        63.045453482898722     
  -271.90031210699601       -319.04794901010411        67.483363908229421     
  -269.92462736624822       -325.09584601664460        75.702499026628914     
  -267.74020809026683       -327.37626205506695        83.829204471397816     
  -262.77078970652417       -328.86778043385607        90.525054334355502     
  -251.51013838822632       -329.67647394083338        89.887130755216731     
  -240.76322931974849       -329.11701219298641        89.965224130576587     
  -233.88117812077280       -322.33053884403273        94.805105462729614     
  -223.73161256002220       -321.59506891763579        98.102394035885482     
  -219.00481274829011       -328.07587908104676        96.402112660982311     
  -215.36222754603614       -334.61325325562461        94.157200519238302     
  -208.30604829156431       -338.98796957884593        91.489213717363214     
  -198.51222530232974       -342.13084071579260        88.881542148600261     
  -189.49277943170927       -346.61402383659345        87.317565938386565     
  -180.79552175366464       -345.62504295216041        88.318314892914032     
  -171.91341036263657       -346.47520059600214        90.128150100116159     
  -165.01596425326909       -350.33568425653698        94.579816664079203     
  -159.06915936929008       -351.59920496306614        101.61916601524609     
  -154.07785579340404       -354.59921420953515        111.15319756971371     
  -153.96286498191211       -351.66230640944258        121.94279842591698     
  -157.00963233299851       -351.41321751860545        130.95894985820826     
  -159.13613373033991       -355.27024564225087        138.37300553743967     
  -165.91896898118847       -359.55881025582539        144.85064046071523     
  -171.89832217158295       -362.33481821967604        150.90273157839113     
  -173.23816986619585       -362.86769661728829        160.90259718795846     
  -175.33230405746971       -365.60280845835655        171.05645994242059     
  -176.97433415663482       -366.45790080655894        178.86306038560724     
  -178.67882144612230       -372.71447902350997        185.68249519875735     
  -173.82975080000099       -379.28158487592538        188.53488333428982     
  -165.90112102796274       -384.04435230824970        190.57377530973508     
  -157.27896326407631       -387.91216700685902        189.72290606922536     
  -149.91510984981920       -390.80549710064446        188.96286790266481     
  -140.57704467529840       -394.81436293291381        185.06893225231352     
  -132.47523667627073       -390.58283332683288        187.16286032156404     
  -132.80918651292649       -387.14549582494777        196.01216111110864     
  -131.91787753967139       -383.20106539942685        203.06122141460025     
  -121.34068355662136       -382.16785494843668        208.40985355641226     
  -115.00107183821406       -374.72000906636038        211.90605625381306     
  -113.72011793803362       -365.21577942113561        214.53006395418072     
  -114.19717165943416       -356.60981655987422        218.58225696100487     
  -114.03439621247810       -347.74351577897357        219.74782496288901     
  -115.90379668192621       -338.65258329940986        217.69922110206483     
  -117.05916122479259       -331.64328006747053        218.58031282086529     
  -118.02980667846829       -323.68483876257403        224.62167733734600     
  -123.81463321749899       -320.28357300836768        228.21032667447889     
  -130.41668156395281       -314.60063383179886        237.07738362731175     
  -135.13411375912796       -310.83148445901588        243.17225827507536     
  -136.43161782231462       -300.39741477315334        248.77820626735434     
  -137.15364988686858       -296.52999378553972        257.92127805686130     
  -135.45922967137841       -293.83934417476075        267.23299106464151     
  -131.55814453516766       -288.95845602578112        275.74790438806428     
  -122.69542630943131       -281.40409172491678        276.13461133967110     
  -114.54018964054515       -284.53659947883159        274.17292260901138     
  -110.00074954865507       -290.74147805540230        270.78241107572080     
  -103.95232978371797       -293.71934810683422        264.14058781745712     
  -95.134680155458682       -300.69399030072088        259.34364913888805     
  -88.029637920882848       -305.90776549493273        257.84253284833187     
  -79.142889877103329       -306.13157553479704        256.29179549394837     
  -69.841061003231900       -304.12699299319070        250.61784817253420     
  -66.242099639495564       -299.46988364611440        242.51790937610690     
  -57.804367588842922       -295.89771730741904        241.26488848825170     
  -50.401050227856842       -290.66939914218068        242.91791775189245     
  -42.880922044847196       -287.30128634402593        246.76764069179205     
  -34.417710473528984       -283.52695389599199        247.50364138126258     
  -26.188054320485335       -278.71261515992467        240.96507121714865     
  -20.232706282926273       -275.20486733903641        236.48939646561189     
  -13.850201657689880       -272.84024658010446        232.23956431561987     
  -5.9387648098919641       -272.37768023260264        227.69278929181348     
   3.5579877795394736       -275.34505208685732        224.02424304602016     
   12.108565121257882       -282.14991418123202        222.22179008258104     
   22.919409678128247       -283.35592443972570        221.58285265453526     
   32.016879757669173       -284.78966426540285        215.39523618638475     
   42.484462876830491       -284.87132511466172        209.39907328117113     
   50.895906455805601       -281.89231211798176        210.47585999768489     
   58.878296770453460       -283.37854342418024        212.04725366915886     
   68.273012290628799       -288.82089607360371        212.06532837788018     
   76.578704148531955       -291.59616790680241        218.41546901541403     
   81.136550492786284       -294.51329556645823        226.17494219295020     
   79.416989073113058       -299.78781801714172        233.27798025640027     
   84.311514445882437       -298.57064900800736        241.30442201449432     
   86.018934914922568       -299.54542886056208        250.34569141888903     
   90.412193151860549       -302.00026368558497        257.78396504283694     
   96.863172997397783       -300.02692339065140        264.77731043772098     
   98.121514588083215       -295.67391127307297        271.95541208705288     
   96.878732645788773       -293.81086312209118        279.54029089868925     
