   4.0782988264689948        7.9821236046651620        2.9478778619506727     
   12.157186397908873        1.0493581329814106        6.6942499353149145     
   18.512409397548197       -5.9329616953309596        4.0411568902269721     
   28.772914829463218       -10.716779423760215        3.5702158112138420     
   37.874872693599485       -15.069565756077679        3.9086043180869012     
   44.226576667630013       -20.838832358747766        8.8699819350651410     
   45.416744096074638       -24.956598047748173        16.925971236302814     
   44.573768019334608       -31.886861515550208        25.978103648918079     
   41.273280016928965       -37.240380720515873        31.032915039652750     
   41.702674180027657       -42.940875445690267        36.634042776243035     
   43.705472485749368       -48.449391571501337        45.245476414284212     
   48.872946489535281       -54.437651023715944        52.804630474992152     
   52.060889465178889       -61.878747011154019        58.592179955679661     
   49.986219224132412       -69.476392587960447        65.498046349530455     
   48.365297090068879       -75.327924376700537        70.511160176505300     
   44.893594934809670       -85.814367502096047        73.326587084563130     
   38.452643166499229       -92.200559872933241        76.253634207931611     
   28.792273693481661       -97.488589932555783        79.617141457622225     
   20.314992125401886       -100.19635064386233        83.247182712351190     
   11.963831065050869       -102.40986607317791        82.723431692795955     
   6.0453311826117613       -95.757402932227421        83.634306621294257     
   2.0171008334235410       -87.515332117547757        86.815372009938912     
  -1.8993125870828749       -83.741140090032104        95.037057475132087     
   1.6051171678357150       -78.713518485680481        103.30438485951156     
   6.0279108094441938       -79.622119625967684        114.79155733677227     
   7.6965633037181362       -81.325698034806464        124.64255362471636     
   6.6380846597564584       -82.624580823648728        135.31186627257080     
   4.6121984223515540       -83.004201665642995        144.66680199310073     
   4.1391906890939367       -80.383121296645072        154.15979823138383     
   8.7324334996253867       -78.312585439117868        160.69809048327681     
   15.564741855231830       -72.047935662593545        167.54314579101100     
   19.338370322699575       -63.074929350478044        166.54624606828054     
   20.361560883007172       -52.088505472669794        170.65080483471081     
   16.724394635284568       -44.833819208375303        172.62175354378996     
   14.552186869810129       -41.377325687856114        177.08275989604203     
   13.384728911653184       -35.432475401722058        184.92011003366775     
   10.105123052210416       -30.486676742839677        190.71084456845571     
   4.9663273440238811       -23.730681327245691        196.12510144261836     
   2.3525808091291083       -16.337597042869163        199.72608145501508     
   1.8596511406059903       -6.9880035134320337        203.38339156692157     
   1.4832123969925135       0.86769643570835342        207.52137820222535     
 -0.73377569886076799        11.513033057160953        207.09739895574972     
 -0.26180896613416849        20.125499363970334        211.96378236097596     
  -1.5581042965355607        30.043144638387616        207.92152308681443     
  -1.0472456354497979        36.846604135091297        205.17530273485306     
   4.7049924721818570        41.140881027452622        200.75730265723536     
   11.349886734157963        49.446788662877964        196.06676511577581     
   10.483059653457588        58.391946737965327        192.56125828277101     
   7.4010788722778784        67.358596543233887        189.48182094866141     
   2.9832039493414584        74.530792138458594        191.63706982224977     
   1.8659089375870508        85.369038010207788        194.42995170872044     
   3.5960285537052528        94.170373048024146        192.88663077467373     
   3.9442584850025071        101.89130481614930        196.29377244565910     
   4.9649360102758919        104.53433858578532        205.28305856987484     
   4.3103707334346568        104.35682408354462        213.72387625929474     
   1.7949518961316262        102.81139817446437        223.87256744332220     
  -1.7527917547914835        100.78632265127813        233.60788580354836     
  0.53949547625696437        99.511139232047569        241.70310982775729     
   2.0931628936316904        93.975886200780977        249.78896856060402     
   5.1268054816521174        94.453021609969042        259.95520523739060     
   3.0541049303922043        89.273818530398287        267.65073839939316     
   2.7667177245259231        83.358661635263772        276.61631131306365     
   4.7498686367523719        78.264428036419403        283.53196012323599     
   2.4302803364876033        72.091658044330174        288.42390511257679     
  -1.0110410219100554        66.405270909714758        295.34148551740441     
  0.50849619235198884        62.078238023573917        303.75615315418395     
   2.2175516605329526        58.327425218570781        312.72363929432254     
   6.2406063853572009        50.645992473040948        314.63271349951509     
   15.086437665818087        46.304982895611190        314.63651068220167     
   15.974670488158031        37.908221957081750        317.91558072605443     
   15.572624369082510        28.121294542059829        318.51581823253332     
   11.280716656352885        19.204387891630901        320.24208233081993     
   6.0458400691876095        11.521025771727736        324.59823367232138     
 -0.46494348195009633        5.8539296201328037        329.14077520944090     
  -5.0993948411813035        4.2789168661493457        337.24559740695275     
  -10.803625599603757        3.5037710538760938        343.32364627990205     
  -15.658252019348319        7.5425105037149232        351.65350172375929     
  -19.257749237133492        10.998066953013719        361.99522315484501     
  -27.560574648073338        13.003866134742609        368.24638015206540     
  -39.283173167501452        5.5329878012334897        371.21582006451206     
  -46.433598974336100        1.4976092044766891        372.08309339858374     
  -54.118017630529785       -3.4255202613744724        375.01807039577801     
  -59.596547362823834       -6.0728017762829856        383.41868450860647     
  -62.241026969900680       -4.6518337864502106        393.01963831206422     
  -57.052217076124386       -4.9255697985372100        399.17612970692727     
  -49.948877155706420       -6.9283106934901317        409.09326669071999     
  -45.779026928399794       -8.4872621796171330        416.83578299777281     
  -43.482783079327824       -12.087364017444727        427.08665377414349     
  -37.918746119869731       -21.657600471791298        430.46661914239883     
  -32.558698496517827       -30.967462820589176        428.87960818986869     
  -26.021521651869147       -35.454741847955532        420.90430104970858     
  -24.992616470391368       -40.978601737238591        413.25533680317989     
  -32.498716654227650       -45.718072075911323        413.71401338760171     
  -36.666508449285601       -53.725108094230279        419.36263077328505     
  -35.826377148439349       -56.445494806323381        429.80920675363888     
  -32.320847530350562       -57.249464395016162        438.78128224637339     
  -35.755756407437900       -59.803578848209895        449.09470151349444     
  -40.571772231674487       -67.459371746251122        452.88694887594551     
  -47.749113830883630       -71.428001366376350        456.61517587697057     
  -51.518831417867972       -65.297463584442767        453.22842657210538     
  -60.227474843080927       -61.088196542930234        452.37073421299897     
  -67.728882913026780       -55.112585041243165        454.88015457986342     
  -75.416478845719155       -49.230873656345466        455.78369162335980     
  -80.885390791276507       -48.103039109943950        459.96905095731273     
  -86.392393583509602       -45.966024831320738        463.91889340038995     
  -95.127293102221756       -50.618738536851936        469.31459940679832     
  -101.66001236887530       -55.170063011445222        470.39372514124778     
  -110.32922797350074       -57.948507527085212        468.37429359334823     
  -113.11228970389004       -60.335335694380717        471.83945598991073     
  -117.18765710168901       -67.025522626649774        473.84674700122815     
  -124.08293214737546       -74.192603508615775        478.72419693053405     
  -133.07713474562928       -73.026753282048844        474.38994393488230     
  -139.12297104641999       -76.506686401279012        473.10309224575167     
  -143.25618980692445       -81.916282649188133        475.01393607468265     
  -149.16352169755174       -85.468577578674683        478.99176159317784     
  -153.91149382805281       -92.012277972193772        480.31406949328965     
  -158.87122070668471       -93.753618128969492        486.75413370395620     
  -163.77002527330211       -95.649831920255849        494.99984979920879     
  -168.90175818600937       -95.318145387168727        503.76447131992524     
  -172.20539616487622       -96.872740540394716        511.19504105917730     
  -173.62796294581108       -90.041728744637737        519.58305492527802     
  -172.56168343479567       -82.619141698089948        525.88820639542928     
  -173.09198936085988       -73.454559118372174        530.27343129515566     
  -179.65297225387070       -66.545433644321804        534.20300587575139     
  -186.77691668703119       -61.976211005768562        533.24019441637824     
  -193.98172215550841       -57.271192316265342        535.49793826667474     
  -196.00734289589303       -46.906361155237278        539.48862057011047     
  -193.79335031789060       -36.907408475476700        538.67569124362649     
  -189.74717320508506       -26.572814757923197        544.82236548346077     
  -182.90656376114708       -23.725442119962167        550.98928033018115     
  -175.45627831469147       -18.133122165827047        553.42807493128407     
  -165.82594389451327       -18.595672977205709        556.20697774654116     
  -158.38035352948214       -22.098464764501955        561.66337466194318     
  -149.80990495030863       -27.033774148953114        563.05448793766459     
  -148.33610521767696       -35.502260895213851        561.70794982502980     
  -149.37687959263855       -44.149524509338960        560.61371384638539     
  -147.70114443947955       -54.068100072530626        557.07167599768479     
  -149.21454657911534       -58.682244169012733        548.12631421936430     
  -145.84947704983409       -64.051854459366780        542.65803565881788     
  -138.13012745006938       -65.381393028438765        537.53846617269051     
  -128.84602739013218       -68.090801748883052        536.78024495302316     
  -123.59456941043669       -66.740530955838210        532.84085897969635     
  -112.57683587282042       -65.306335683295003        534.26495572562692     
  -109.25982290172027       -57.613107331147319        533.23741391809608     
  -108.81052650704873       -49.779031671258508        532.07059879345343     
  -109.90717528340014       -41.259794835539878        536.43658107332055     
  -112.03319162001418       -33.507583509191136        541.34423551186410     
  -116.62099648963527       -26.541682754488988        545.15153949297746     
  -126.92518227453149       -23.656539138296125        544.93383642281719     
  -133.86954679605736       -25.404672973819345        546.04306680259083     
  -142.73730372723759       -26.355968743240169        549.78224858900967     
  -148.74642421317111       -28.530217804950155        558.28009424972004     
  -155.21577590246233       -25.903928429345001        565.65929947395080     
  -154.21364536950341       -21.659138589532631        572.75003438055228     
  -153.21985816281483       -16.439434219570444        580.06460134755253     
  -149.15223059225519       -11.427530270533566        586.25584992141580     
  -144.31742742739777       -9.1456667376750147        591.32330411781936     
  -136.55650032905629       -5.3983303203484070        594.30888382073852     
  -133.47126600678280        3.0126841091931738        598.83803288694423     
  -126.88147266746529        6.6186676476787625        602.26834407280649     
  -117.06218192533504        10.700889443932795        609.60069198060364     
  -110.93609602010457        14.074932051106657        610.93896697276898     
  -110.86283663009971        24.166751862943443        615.57012252192715     
  -106.42302898981603        32.167328607463276        618.59278918796895     
  -106.33647729284530        42.331312116125901        619.59876338785682     
  -105.58968684625910        52.468072822673889        621.05147201060731     
  -111.39664317068042        61.878926957960743        619.94650685281624     
  -119.76541281686235        63.742879556535001        617.60755786749542     
  -126.63462010019435        62.479207896379648        612.73212075730271     
  -133.22728038648421        61.392307589436598        605.93249198148442     
  -138.94024314570936        60.876016080024613        597.47968148827454     
  -142.12676724179300        60.229385956618614        586.34945695141005     
  -143.89422041638011        60.370351877848293        576.66191434488235     
  -150.76582321442919        62.828240178804606        567.47446903601303     
  -156.85812907843462        69.262226823626861        564.39889552275906     
  -162.36276581163582        70.647486196060129        556.70138831281588     
  -171.46925383692638        71.292097370859949        553.07329560215999     
  -180.18293946253726        71.943751277281990        547.81728445252065     
  -189.95535131477658        73.385386116901657        544.92270906630938     
  -200.55156070973618        73.736530899862032        547.29497113837760     
  -208.29040081289315        70.294387972244863        550.41985111005749     
  -215.13448995228816        64.870873080010824        555.16606790029869     
  -222.95400936636793        58.087714192756835        557.75897563030946     
  -227.37024144085558        50.100767220376781        559.61807407187962     
  -231.36085828216477        41.704326807020834        563.10335383362758     
  -231.26640741952571        31.394709143510624        560.65172679370971     
  -233.06560561334754        21.816332403046601        562.21045721299356     
  -237.15975894065519        12.110997755386052        569.08940573816858     
  -241.63052866290747        4.8813672534085981        572.87487796886887     
  -243.65242764899153       -4.5421067931143853        572.43943621567632     
  -251.56974142705411       -8.2550552332321558        574.81146307520817     
  -260.34179617498120       -11.050666159177524        576.24393206211039     
  -266.07623878566454       -14.618640446207564        583.85224355435093     
  -267.36519883315088       -16.163422306865129        592.75515470712173     
  -267.67786351375082       -17.755619981960763        599.72643672385004     
  -269.37161179616004       -21.492904657275460        612.02828244142495     
  -274.38711421205289       -26.566054959976213        617.26042546348776     
  -279.90875573954094       -28.943666837078865        617.68553817295356     
  -284.66286452242844       -35.402397156122902        615.40995729457200     
  -289.77656069514671       -38.213745556938420        608.00678768825537     
