   2.5436353825764684        6.7810272257831059        2.5369719776335842E-002
   5.6757169005776689        13.981713032186718       -3.2828624130110029     
   4.0742840692261666        20.669071547912893       -11.136125239049079     
   1.1108105308895517        30.210399871089251       -17.274312467883192     
   2.8693381259469106        38.731932888659088       -21.558413641053335     
   9.7913734826661596        44.031564850671600       -21.338410720374554     
   17.410391030335404        47.310647446295036       -16.788491504575859     
   27.257595943948729        48.503905866713637       -11.709684633220149     
   35.286772392531731        48.215596328776797       -11.856182933760124     
   43.017300784713939        47.182024659518078       -16.225166998075792     
   51.967720182548078        43.715876980471023       -20.566901312630648     
   61.907089447500198        42.778009435543424       -22.827526700938847     
   71.003903427843284        39.940362023946420       -22.629020065765076     
   76.947633974192172        35.564999590259688       -18.527169002684559     
   80.899450000795497        29.644037271621741       -15.324245272627422     
   83.642242462255439        20.171208316989066       -13.546024794580376     
   85.744874173817749        12.514494483054150       -10.334996730938997     
   86.953645122033436        3.6033353846980845       -2.5075265065459007     
   89.312144035321325       -2.9378991613500887        3.2452849262018617     
   90.697923755374120       -3.9263659667450526        11.120821038763438     
   98.501063955702705       -1.8576387467497000        16.644597129400040     
   108.29429174462007       -2.7510076701747010        18.740519012427740     
   113.60912026092797       -9.0958992462193606        19.574940115590266     
   119.76830967081185       -12.986910791994760        9.1566410962242344     
   121.97904081676504       -16.694994643220141       -1.6037523144746046E-002
   124.61142891434361       -21.372638637733175       -8.3819394220489585     
   125.86854290072330       -23.287765088827371       -17.326334091079048     
   123.56647690250918       -28.249462527702335       -25.873904244860796     
   120.70385781820491       -29.579237302152904       -34.163769283652755     
   115.47006574842965       -32.800408463837478       -39.060081754664679     
   106.29243199994727       -33.098366817467834       -42.381404070406234     
   96.942630377303885       -32.750402260556342       -39.178624639479040     
   87.330131627775387       -36.468391869075099       -42.840797718188696     
   79.389042852680063       -39.876412826196933       -48.986150036899630     
   76.518977517906421       -45.577846437229752       -52.291369636395530     
   76.220342178773194       -54.181748394037385       -57.519074576475987     
   76.346753709629468       -62.430590988874521       -63.650888838301398     
   74.045712947101663       -67.503693813025990       -72.082660191629543     
   78.181396893764656       -68.018653926617674       -80.775857548297267     
   80.628916485300664       -68.793903851915900       -89.630775812848356     
   84.223181993919980       -71.538180768056762       -95.875816247124817     
   86.665141048490625       -69.523111549346922       -105.24418277714085     
   90.297959086498679       -74.094449172085206       -113.04681673874495     
   89.542226458503876       -70.304972395420677       -122.59149126534476     
   87.361647694097513       -69.381111619056142       -129.70408474819624     
   81.092091935982097       -71.648374603406722       -134.81160482544908     
   77.531420081289809       -79.584968553188105       -140.42696712518568     
   77.686654541659465       -80.066561093726307       -150.03025727831141     
   79.153392665593486       -82.451246582917562       -159.93759955680639     
   84.170512507053076       -84.639879861203681       -166.93831802305544     
   86.234301394819965       -90.156180102046946       -175.41375274080860     
   89.419408952471201       -93.764096518601463       -182.18753120416272     
   89.810069926280420       -100.49879933814296       -188.90918823769795     
   89.757843446433270       -109.82238060200332       -187.52977533647788     
   90.057083733568192       -116.44927359483944       -183.55912677056801     
   88.535689629091252       -127.69464821003331       -179.40062327524322     
   86.358981985689269       -136.62965172445928       -177.58735590668596     
   79.360032225830736       -143.68659230228343       -179.34020368882352     
   72.377817706028139       -152.47453267358006       -182.10631596686125     
   71.396788735551837       -158.66510676738574       -188.97099869247637     
   68.935656306566329       -166.89740134641781       -193.25027459376128     
   67.090928995801477       -174.20183777888988       -199.24130551136449     
   61.693503428732470       -179.15197701066552       -205.74970811709960     
   59.923315471284667       -186.96214490798275       -207.56145231751168     
   57.959971787501104       -195.06248322158189       -211.33743234668839     
   52.442918386327989       -197.93438309600663       -218.19900425907861     
   45.452534971756393       -200.77430157373436       -224.88651268398962     
   37.209124346514528       -202.90282274481729       -225.13870666733555     
   26.818571874563034       -204.21272137005695       -222.36362607705604     
   24.583749770589634       -214.09598162435003       -222.71546778502858     
   25.355962223799509       -223.22646470946506       -219.33442356969999     
   31.899627012926004       -229.42767758662151       -219.23557313115151     
   39.533316737845610       -235.76933222902315       -220.44094645516685     
   46.795629729546192       -239.60026517089022       -223.48201768535080     
   53.123751769487257       -240.19422343513429       -231.58018461082133     
   59.104990903624667       -239.26352554429397       -237.02864798890448     
   66.436743794947745       -237.76634155668378       -241.61693793085470     
   74.367261976317479       -237.24464627435205       -249.60956521901988     
   83.939508594552677       -239.89245729246539       -252.81906711283813     
   93.505862735886808       -249.86621531321737       -253.44234944633541     
   101.98392778835247       -251.90032935213424       -251.19642863384115     
   110.71733723479781       -254.19436847918928       -249.84899621490922     
   119.39618998017750       -256.57656624954978       -255.38372125989940     
   123.95848814857447       -258.24978757019659       -262.67342639628419     
   117.07158669599372       -265.16905763362564       -266.41800011423902     
   111.22866738274615       -273.33457376822071       -273.19158317662368     
   107.11407808287333       -281.23137513214914       -281.22555338310400     
   103.44114720161571       -286.35923806949347       -289.34726719772078     
   96.154099728290561       -292.75560762171983       -295.91668760124816     
   87.171810358761320       -293.67359849081373       -302.28924809007520     
   86.121121316094872       -289.43346216428347       -310.53690826052946     
   80.302386975784771       -285.49139906424614       -313.37293263956758     
   76.099263721382357       -284.63276055716437       -305.04946775666002     
   74.389930806402418       -289.60933924982817       -295.33793168462631     
   77.024637834601805       -297.66743073666811       -292.19839604669187     
   76.671945262154594       -307.52450198175740       -291.00360301981351     
   73.325409646950447       -316.44757109001807       -287.93469269672221     
   69.974857574572752       -324.68740246616949       -285.94999771581269     
   64.061017058750281       -331.23344245695660       -280.90618150245177     
   63.667818857138116       -324.15581753739878       -275.56005866793856     
   63.341165668029106       -318.97951932489741       -267.69783993354764     
   66.856436411803230       -317.39707767741396       -258.62772526466313     
   65.810426698633734       -315.31114891428570       -248.16575144018998     
   66.453632778484007       -319.03278742015038       -240.20223398503975     
   63.315465962923270       -316.63672363231967       -233.71539073377187     
   63.278148071801326       -314.80397952741822       -223.67219743406747     
   64.720568904263956       -315.99027497212683       -216.41904871240479     
   65.723380403111435       -319.53376492201357       -208.64050706408199     
   68.332592162405490       -316.87332571244377       -199.92391505007083     
   66.339850099455361       -315.77866173414475       -192.25818333180655     
   72.333063692191672       -311.33354160330936       -184.21597279407410     
   74.799889572037614       -319.73423225960477       -177.46414185319861     
   77.174651467767575       -320.99347314684633       -169.27776987122138     
   77.480015704626993       -317.26433770896199       -163.84684045079507     
   75.819973313241491       -310.48753357539471       -158.86213658932695     
   72.339709719244183       -308.12708135181924       -152.57186875257116     
   69.536380961091737       -298.23441178024297       -149.77254911456498     
   67.138527646887297       -288.29385224342457       -148.47416514802728     
   68.929582776232650       -277.84419437347555       -148.84999619543260     
   71.434976122889907       -270.04472258032632       -151.63615997360716     
   73.694911304063140       -260.76674786640183       -157.01526857701356     
   80.759739230104486       -254.10645018557702       -158.93395467103880     
   84.447255318923311       -244.88620392161096       -157.87597055093988     
   88.418063890256917       -233.75881529891046       -158.57404309514470     
   86.455041565552420       -225.54866281854322       -160.75401893799233     
   84.043375707251073       -216.51546540529930       -163.72687855897948     
   86.009355127714201       -208.21519870836380       -164.51124193213366     
   91.841379671089769       -209.34243970379140       -173.86724170279365     
   98.745436106321549       -210.42348889920362       -181.75232671250558     
   100.07079309411641       -211.31849657925713       -191.28998397379786     
   100.91956831446304       -217.65188026436363       -201.55754720028401     
   101.54840293385732       -216.61099228721218       -211.58939012240907     
   105.87455478102268       -211.69098296924102       -221.12001058202051     
   113.10490996305164       -209.86447357973208       -227.31161086414039     
   122.42016375965339       -206.79231347360124       -226.92285101069569     
   129.06163665529144       -202.59342285831153       -222.24834549125845     
   136.73363280394705       -201.30624437075701       -215.88889049793787     
   138.90855035193152       -206.86614407846122       -210.24848886724112     
   141.02185137493592       -215.27643738294529       -204.88671667829169     
   147.24646502155719       -222.75764906731851       -205.07601767162251     
   154.57144205321345       -227.26702367021664       -210.17801817226461     
   158.82681999449414       -231.10774039331650       -213.85009413569782     
   160.67320756589157       -235.12175208631126       -224.90431151025871     
   157.98129784618149       -234.10438299310135       -233.16054656529849     
   153.14083130481310       -234.12396551014621       -238.21644127928312     
   146.42951419608511       -229.88544362607624       -243.30749883668017     
   141.22910254243010       -222.25094194162295       -245.53632069184277     
   136.23276360402815       -214.01655620388669       -248.34969594733033     
   132.99688255262748       -207.16665660734600       -242.85126241978986     
   127.22469617254470       -202.36792881051610       -238.87523040585904     
   122.39675030850090       -193.76234156208821       -241.45801766992491     
   119.80658611375398       -186.45919429953943       -248.19867625041971     
   117.06662370544181       -181.98847028069679       -254.31238675354527     
   117.83788048409481       -180.63328970718712       -261.84482901008647     
   118.82334610474078       -179.56919296598645       -270.96802481462493     
   122.74288788856319       -176.09282769190884       -277.74587339012271     
   126.00153124022250       -174.85962449085818       -286.10650412985638     
   131.82034411631969       -179.57207455988342       -293.66644792594803     
   134.63768340063274       -184.61778376465585       -300.83201996367183     
   140.78838758775933       -182.73691722974402       -307.75696109411183     
   150.32976086381947       -178.04445642762212       -312.59278877776421     
   157.91609318033781       -179.04853241524083       -312.48106756722365     
   162.08983262007436       -179.37915618008918       -323.82289010259439     
   165.86747652774511       -173.45081509519923       -328.46876740367452     
   161.88078062001946       -169.37586479144079       -335.28508023712544     
   158.04352623579467       -164.72427214643872       -344.32103164155643     
   149.28569531099086       -165.48339192718686       -347.48217072795694     
   145.97557042359131       -171.04503111204019       -354.11494856947490     
   144.74490572443634       -176.89163335531717       -360.19300770328192     
   143.08197757191544       -178.53227118558004       -369.58652872408572     
   146.21157951554787       -186.49984426835800       -377.89707857842154     
   152.43874973792916       -195.35951447547879       -386.10217586896079     
   153.55448748057697       -204.68673012906046       -391.65003290485458     
   147.50286275906240       -213.59391085691763       -392.41171766627747     
   142.23399338718062       -218.74495872100420       -390.13779353668758     
   141.49661584378617       -225.94600541056514       -396.81925173481062     
   142.20153511909706       -235.42004407978800       -400.65015553472381     
   142.27710088623789       -243.99109827256817       -406.35831809039109     
   141.22812824154133       -254.56771209709532       -408.73613046325778     
   142.25346132050350       -264.94709461161642       -408.65743285524462     
   145.92010629006629       -272.19650531503976       -406.36577942385185     
   148.21732396362580       -279.79403602396525       -400.54046747618338     
   149.68511222374457       -280.52855452083685       -390.06584874279440     
   148.61009876329422       -281.56642281145548       -382.69763293833546     
   149.25491999183382       -288.10173196395363       -374.39421097228694     
   154.06059897040868       -291.50753232004325       -366.35791402001712     
   158.31236402376032       -299.68418373551799       -365.45338614200739     
   156.77883237266508       -312.01360244416719       -364.90591868878425     
   157.67743726220093       -320.98567305055360       -367.16284814650146     
   158.97436882033878       -331.28497369410263       -371.27685730169003     
   157.82455100109686       -337.94881036199058       -378.69810524148318     
   156.42766651207191       -340.91009346587811       -387.60980211198995     
   152.99678633653747       -348.92357960864348       -394.93462762734816     
   154.22642926541380       -358.58432431754886       -395.89359985837905     
   155.89409610147786       -365.90329173568978       -392.09644024413541     
   162.65200189744053       -378.43858678394298       -390.44989353637055     
   168.95595283892774       -383.35418142136211       -393.20493894642215     
   173.50094216551960       -386.09888935637451       -399.20408861692010     
   180.17813466572503       -385.23479910117879       -403.56289725761712     
   185.77822879079915       -381.32637918441310       -409.05716284130546     
