   4.2750213185600794       0.56050570042105363       0.44137338643717783     
   5.2933087850617477        9.1354213567406148       -4.7473642708671910     
   12.126290059015847        15.918997219493438       -11.466123850573016     
   12.415916018041123        21.143498347084137       -21.312366802225718     
   4.8438863079688073        27.174231733193750       -24.772697815232810     
  -2.2674878876398576        24.619810230689161       -18.607941882959903     
  -4.0614430827591406        17.254896078164695       -12.669020990749429     
  -4.0093527855406492        10.414430374982647       -2.3523048006508809     
  -2.9469224683776645        8.7111843891968022        4.8489096279338852     
  -3.0853818341359265        8.7797022820132185        14.665776168038427     
  -1.5597440217268854        9.5726353538402691        25.040675537492220     
  -1.6965410503356662        3.9858413307472489        35.086243981730476     
 -0.27526201786715632       -3.0396438801112424        42.132335806513765     
  0.16069088303587975       -8.2486459730463295        46.741208124158874     
   5.5071804542764458       -11.743113507962697        53.655905234482148     
   14.750511843625166       -14.340111789705858        58.810915258594420     
   20.808136752512802       -18.829241459163953        57.832084879768132     
   21.043647435528051       -29.550770407729388        55.917509174222005     
   18.581721321676710       -36.765565363961684        59.471328514491518     
   11.968884555765431       -42.980889549834131        60.560537620210766     
   4.4734295127803625       -49.239872873793018        64.532848443298889     
  -7.0021728301400223       -53.231443264574040        62.018915996903218     
  -13.535661614311724       -58.136004956843877        65.001861190954486     
  -20.986697558783945       -53.849575445993906        73.036595842403301     
  -21.834198074857873       -48.816678551219496        81.424593998155942     
  -21.271637993888753       -43.723744736547857        89.426477995769659     
  -15.855541990925055       -41.848105165971333        97.333760291669691     
  -14.153058281974722       -45.501604268110128        105.07357893927087     
  -9.5055627622226915       -48.847475161800674        113.01624872114883     
  -1.6751663327186712       -50.860673103995708        117.31357914123220     
   8.4298015165107927       -47.738157794248806        117.07205675450655     
   13.494348663991207       -39.399877597662595        114.42829020566191     
   19.703674736794884       -30.970395924483142        114.14176115979029     
   25.165417756316259       -23.830334412123278        117.45408272620145     
   31.580741922308455       -20.524937596807874        119.76655468369893     
   38.975180748194390       -18.836710632675945        127.33646507719246     
   46.120262219433734       -21.458207954517505        132.22916611233421     
   54.385333334043260       -19.780127476372627        138.56717804102945     
   59.230532302482310       -17.368058011806696        146.44588976691102     
   62.994903716647876       -10.037894881135720        152.09327311557593     
   65.017742194007752       -4.9935400638725866        156.94528857522380     
   63.654509310646120        3.1114498034538869        161.92894873301378     
   67.990197115113489        7.2307029262139650        168.96655399068422     
   70.456357719693017        16.424885145835248        172.73661226190808     
   73.686996230399714        22.963604148042052        174.65500507709314     
   81.723046039089056        28.640910563678673        172.58853348222837     
   91.203670661275865        28.931699282165582        174.59914982904206     
   97.655828947727343        33.795644390621142        178.06972977814232     
   108.21596754281595        33.593341373226004        180.71782744632145     
   117.22446352331258        31.640424246933421        182.95476914133178     
   125.41622021706702        26.954668743342438        181.72674675519994     
   134.77535322986489        21.707192408530773        179.45400995779045     
   142.52933799291694        20.750470473943302        173.09628610756064     
   145.36700371627620        25.802163157738704        166.18751882674798     
   143.14106086233372        28.269412923979992        157.91554620307193     
   138.15177881589841        30.699794636637861        146.99661198218206     
   135.76321136649784        33.814385514914505        139.94214980247992     
   136.93302586186851        37.682535064958920        132.16345665883500     
   135.92639657811571        41.956307237802548        121.48731173033946     
   133.15821788551682        38.983894401844452        112.78619758370661     
   130.30121662021105        39.546949131793326        104.92786016586479     
   129.25123783219732        39.045871228108069        95.971573982533059     
   126.48417426916319        44.036434698602932        86.603670115535877     
   118.33676519276645        48.902041026717512        83.678331946120153     
   113.40642233883568        50.070241314249671        77.339619722278258     
   111.87253653833892        51.987965767206873        69.436514421125196     
   115.94449480001151        54.262003120495962        60.812789419721739     
   115.55808422017964        58.036841280204470        52.512167220311071     
   114.39999862301892        64.577931674725647        44.425421058227172     
   107.23611352753153        63.456995579396590        39.340304410756005     
   98.805889201532580        60.626532262826970        34.546019944013949     
   91.334169695366313        54.992747932929689        36.660309000887310     
   82.968935486888370        50.371949711070158        39.606800112811811     
   76.929233614040754        45.216607704780984        42.744811265843410     
   75.101359306749515        38.622050730928606        47.553641004813940     
   73.063890221039003        30.719820329990398        54.442021294502183     
   72.078862295320448        25.533616269692914        60.562840000228420     
   67.840469490489937        19.158638433524857        69.310860224613194     
   58.843395428847742        13.350471152589819        72.258245490331802     
   49.580195353125987        3.9393805452621109        70.073619455978587     
   44.602528255999744       -3.1959231607449965        73.260780658414149     
   38.077192119433732       -9.8901314593449570        76.221137219622506     
   34.474435373989706       -21.328485475945854        78.980739837900643     
   30.184944940207771       -28.597360302143443        80.175153312870009     
   32.822045892828299       -32.422054429807190        70.364448007645024     
   33.631905834526094       -36.552705464402379        60.036496520669544     
   32.103866649463185       -40.505236409139968        50.303079360390058     
   29.240086770630199       -47.787546359442047        43.829297022822459     
   26.498220556014871       -50.421079511056178        31.445386241295324     
   29.673842934125020       -46.926272674211077        21.046651017952570     
   38.962666165436701       -45.095820585300373        17.770160182294603     
   42.831107945683954       -38.961801969612054        14.762877572306536     
   40.018364882941313       -34.007767837626375        21.894977739923917     
   29.363876190489577       -32.847157351654175        27.606106823295121     
   22.861124041942674       -28.343078407406551        22.117582647321953     
   20.678306435711249       -20.468075429696512        13.787596709168156     
   19.682344210028106       -11.625396010864506        8.8461155472469670     
   19.747648642928056       -3.5701801554102985        5.6573315388029926     
   21.516499888318378        6.1020521392929936      -0.32362894609886439     
   22.918630093587495        9.0193702372060898        7.6521407205069636     
   20.916254561286337        12.642848758374498        17.018573897509270     
   18.168651243367748        13.705283253445316        26.809532126309307     
   18.011529581236033        14.574444636269391        37.875852914172583     
   13.087802927013342        17.829525802674368        44.545993376865738     
   6.9529639161678745        16.229489884693578        49.585224941833530     
  -2.9821524267246957        14.878886486463045        53.820986273060967     
  -10.936351460972077        15.443648929363292        53.674676129886535     
  -17.406785042555072        13.415412313605259        53.005019807774346     
  -23.080049502238040        6.5630119183008446        49.730332292251234     
  -29.352572972700187        2.2657509299832554        48.649136339992964     
  -34.218399743148368       -4.0669777657901136        40.501765064013654     
  -34.667384606178402       -7.3006920157749278        29.688788751551726     
  -27.627986276288254       -8.3182955818779192        23.701185397683957     
  -22.412753669846410       -4.8359690017039156        16.897359136938491     
  -19.774319708021324       -4.2667223972831039        8.1871641187558168     
  -17.753786249973132       -8.8717864997049105       -1.7893989005080186     
  -21.355034001252591       -12.982254856407224       -7.8040008369722784     
  -26.536824782707981       -21.520891346551878       -13.181543152920426     
  -30.579332792594926       -29.081757271373817       -19.601049644449915     
  -33.939123619505963       -33.388804251604768       -25.843451456044306     
  -35.565500303201574       -38.127570578803955       -31.146560098770948     
  -36.966088928252503       -46.164897871643177       -37.832492690731897     
  -40.244754205626805       -55.650947642017798       -39.819185681965962     
  -44.282336923799321       -61.520420839916994       -45.544448562571176     
  -48.042079632052008       -57.729774586374788       -53.813756613395242     
  -48.048475142701747       -50.610918222985958       -59.962153904441664     
  -53.140770460787763       -44.929029619198616       -66.778512582346082     
  -61.542033022822295       -39.786410069604699       -69.715880466011271     
  -69.490324120248715       -37.983249239849897       -75.063792959397460     
  -75.635492086448437       -36.671890704944531       -81.034288401535946     
  -82.908683399456521       -34.808660800406642       -88.178632807510468     
  -85.175713543062699       -34.901011188281132       -98.483147166674684     
  -88.542201671644136       -38.149299720084457       -109.82597403907135     
  -93.526834983290414       -46.192314787118676       -113.00536514460157     
  -98.872833825688502       -53.508825936130222       -110.63626202413798     
  -101.24297930637718       -62.872632038277459       -107.15305224521029     
  -100.77170076573769       -69.125203077193873       -99.224323608573570     
  -99.817377666292998       -71.161711332688014       -91.231995017592851     
  -102.97468953270618       -76.684019716359046       -83.387432781260969     
  -112.22403196527218       -78.499689180600967       -76.476777076476452     
  -120.81244622452576       -76.833419639916940       -77.259436648391841     
  -126.24257444051392       -76.801461398447884       -81.827716803576692     
  -129.64203371634636       -74.899343718006151       -90.208909792968484     
  -135.12408413011175       -75.611303810327797       -98.331166349032600     
  -137.50918907587723       -72.731693979315082       -104.25543455763767     
  -140.05589913346907       -73.089903687363233       -114.28893368175625     
  -144.92672853672588       -73.458484948238379       -122.15929086527478     
  -149.80513561106025       -77.701893985748541       -131.01749855721084     
  -154.89811423221906       -77.347010646640797       -139.97275318364103     
  -156.49444777324896       -81.703167141896756       -149.83822427562575     
  -154.93095449153566       -79.325867770376931       -159.45089437030754     
  -149.08333664729889       -76.189135672104783       -166.52334285490281     
  -147.25222293568714       -72.071000819321341       -175.28826543347526     
  -144.30150945107954       -67.350786905590439       -182.80654963810173     
  -143.05830135162401       -64.356508248059015       -190.11892307338752     
  -139.91809649034013       -61.726490106386905       -196.42505335716663     
  -134.87411914759352       -58.075382030861533       -201.54677390238089     
  -129.93808062509129       -52.688876219896940       -208.02714172365097     
  -123.96034680991363       -46.885282998750881       -211.37834047394119     
  -114.59702199376592       -48.060660274799147       -209.42985992621982     
  -111.31054159662149       -56.869844814335920       -207.68660392429149     
  -113.65453306493410       -63.765491718170892       -203.28290248833156     
  -106.83897045999802       -71.936667805613865       -199.62788225186927     
  -95.295393057525601       -71.551088969823127       -194.57341061610038     
  -86.411753080689351       -70.953580649667288       -198.89448398129014     
  -77.635617685397165       -72.368878979281703       -201.87844971235359     
  -74.425339275731616       -66.646337492424493       -210.71025666200603     
  -68.971833631747913       -72.477673632531491       -216.78071943853462     
  -66.511945413343213       -80.382113249239183       -220.27038361392005     
  -65.730125512408819       -89.410884240004805       -225.97495861535970     
  -67.456295515980230       -97.835017634486405       -233.66248149545817     
  -72.518869445131159       -105.70842890809166       -242.66723614032406     
  -82.055384895480344       -99.139640058015289       -247.47753882220309     
  -85.783689649114748       -92.495608615141123       -249.37293102502457     
  -90.772443729283466       -84.754592184541480       -249.64589164399570     
  -98.153639154773415       -82.890939081489364       -245.45750858929551     
  -99.569499742138504       -78.391849963775826       -238.12666616341772     
  -104.67427847779466       -71.034675923389386       -233.39774008831449     
  -111.17956188626766       -64.973198225180170       -230.22893108281176     
  -116.10772337334586       -54.871031546456493       -232.22931595393425     
  -119.09496830202477       -48.949107056355103       -236.67861689911393     
  -126.33719806217732       -43.466288280973458       -242.08149558202030     
  -135.79291558685156       -40.423241012119036       -245.40708858725964     
  -142.53137781783542       -37.459468942239027       -250.05376293737385     
  -147.94823936126295       -36.115014717080442       -254.09822339734615     
  -155.52977037424753       -31.751779144461409       -257.17871320392300     
  -159.07806329198687       -23.605499646827980       -257.71728126684553     
  -166.82819733310862       -15.240847187981728       -256.00760851278716     
  -173.19324113968995       -11.177180586972497       -259.14936645525398     
  -173.26741357109725       -2.6412596671783604       -260.35747487167373     
  -168.90946716884869        5.6652349517253242       -253.78886392933026     
  -166.85712701542349        9.7310236764348019       -245.23680492853669     
  -167.77821889913639        16.343358696001360       -237.49446103162495     
  -175.11973627868980        23.268821658846207       -240.07597315471037     
  -176.29286195498008        29.317120253708083       -245.57449446231828     
  -171.08753057690848        36.804391295701123       -253.65555998453999     
  -170.43948103934781        43.825948947432153       -259.73704448337571     
  -175.72533075422365        48.182597400069341       -267.24515340674486     
  -174.28414726784808        56.187549366366056       -269.90166930418661     
  -171.65866148494931        65.057751214019333       -269.32436600082531     
