  0.72530299204013460        1.7366616004958360        7.1305916054178597     
  -2.4932604773680183        6.5137053500534279        14.440669716649158     
  -9.5438880288219465        13.135536678169771        21.527190088697800     
  -18.408704943981590        15.027081902087502        29.646197040221701     
  -22.680303902351213        9.2864380675676017        34.508020190510756     
  -16.428402246199653        3.3151198068642174        36.055229828385961     
  -6.6022429646876759        4.3375908647910251        37.948981930142402     
   2.8249636523742438        3.0102547656647545        37.863808666533458     
   6.9125948321990762        5.1448302271349036        44.419197235665237     
   8.1357305428432483        8.4307627573042510        52.668034888589773     
   3.3547303224223199        9.1558446467171848        62.143648988402383     
  0.52901080980593918        11.778000740383547        71.737414587047212     
   2.8076748740993196E-002   16.128729657457178        81.284541946712324     
   4.3430434494411259        19.650228348824363        86.901427842996085     
   5.9020356792418625        28.042651275286993        94.318480574254679     
   3.0568253304055872        36.801876561159482        97.830003150973383     
   2.8566068316119910        45.906744334972466        97.250729975495005     
   8.4138432540436625        52.887349364871739        103.47513057718928     
   11.030147560448292        52.803942230879372        111.32835060323818     
   15.961732318481765        51.934764823886837        116.27450459203124     
   20.177657331419567        44.958526159863275        123.91513265474406     
   27.911616547518669        35.839697678526292        128.83599818720978     
   26.063301373883270        27.961956298213686        134.03372396588060     
   22.543568005253906        18.496214175185642        132.14434835910777     
   14.312157705154284        15.991607149040902        129.56349453050944     
   7.3088954751359410        16.371830371620092        125.71605584617980     
  -1.4117106832976134        20.083185282937841        122.84353772317507     
  -9.2228776061590594        21.636571414558716        127.12275431896906     
  -15.366285338188504        26.987076256901020        132.19047241830168     
  -20.610934317427947        34.411867265576063        134.98170608736399     
  -24.167332988140345        43.061957496982757        132.09166970145338     
  -24.642547361464125        49.647150802294959        124.40281355110916     
  -22.951726370783646        59.316577294006947        122.30011895373225     
  -20.906611608892788        69.027376321339403        124.80958482096322     
  -16.546904295271105        77.661428024778928        124.18967250043660     
  -9.8066898536492175        87.189959132413350        125.52388150656209     
  -1.0373659050609234        88.209889740986029        122.78733541556579     
   6.2626835874429290        93.671637070947909        120.43830481491004     
   13.640474196265465        100.60159679787981        121.54968751989301     
   17.727103847447758        107.36721422359649        119.84334179752867     
   21.690342969728714        113.89599377035329        119.12751222184882     
   25.663197083975117        123.24631889039647        122.05437181632371     
   35.179272849449845        124.96255802639934        126.01240016461912     
   44.855262674256906        122.85190343892043        124.41052780829658     
   50.869217443490918        119.45085912828421        125.83610795888006     
   56.748436562142537        111.93738826064046        121.40542537120750     
   58.766414815283447        102.75494876257602        122.53211115549479     
   67.553429674180109        97.727028746231952        122.46739851492688     
   71.409602253933343        86.257073706356138        123.06555534313848     
   73.576501905580784        78.240772104317287        125.59766358131316     
   76.512448506083274        70.413100888211048        126.51071870125854     
   78.082792088171942        60.938567272360203        128.16265092062727     
   75.599714154051313        50.588884163767574        127.05349013805063     
   69.087872617645587        43.835897861309981        119.24137434513509     
   62.516159806939072        41.850096143467091        114.35273805555062     
   55.012954601414215        42.679459353422750        105.51984571727110     
   50.116562576896172        41.243591757968744        95.613212639468671     
   46.172209953944005        36.818032552560616        88.158721950804022     
   38.999618581324228        33.069870219578725        79.235222338509288     
   30.297134602642860        31.698848117068188        78.632809664846448     
   22.036315979853413        32.312792233200526        76.810392609444250     
   11.841616179369808        32.485656674190814        74.078636632798052     
   4.0989172783335164        30.380998742398447        68.727474290228258     
  0.81630730111108107        31.458107972908827        59.953639700724224     
  -2.2233370106820090        34.673532701795914        55.001902887490907     
  -10.013085957036147        33.201107864474452        52.626756033343646     
  -19.059621755310459        28.417570580218730        55.782026848603607     
  -30.558163772323056        27.682958615648879        55.032902148261840     
  -40.028222109695221        23.104543955037933        51.265070757129756     
  -47.177177613577214        25.048297953114286        44.002920198901002     
  -55.668239370816337        29.756359613022823        39.851012854194806     
  -59.940045273994855        35.211180007192745        34.973900665773613     
  -59.428426613145930        41.200329777325386        27.159439141657764     
  -58.504180624386578        50.933168535352316        22.845445913842372     
  -55.080337849717623        57.328734113421810        18.795963168889571     
  -48.853876067072761        63.828789024334547        14.092130889196916     
  -45.156650476652231        65.245045443581489        6.7933066823433679     
  -40.413953787411771        69.013810942064381       -4.0669182483925130     
  -39.364177530079928        72.809134982412090       -12.783300393383328     
  -39.486595836060602        77.581804825145525       -22.151634169513457     
  -36.859961518671525        82.889478648753752       -29.682364764195235     
  -28.541186170777607        87.022927697610157       -34.586883278392577     
  -19.228451463544445        94.616502868004616       -36.130154209845031     
  -12.739563180705872        98.171255446237637       -39.637596610375773     
  -18.097298405558689        101.85549966859854       -47.859271744095459     
  -21.366060794753679        106.79150394983120       -56.341394915008806     
  -29.694830184710312        112.88888450671776       -59.503093710135971     
  -35.484196224130244        119.98408655677325       -62.760524100068125     
  -43.321338698421329        122.47317150607421       -67.322301957702194     
  -55.313822201159525        125.88560926285304       -66.142926119973552     
  -58.577792479331521        122.22403518648929       -58.976973109968981     
  -60.617647161842086        115.10251355599615       -53.297555140955097     
  -60.139768737480196        108.19780554090730       -59.610988770882628     
  -66.921520320494665        104.98068011273315       -70.308759068974922     
  -73.491672721590419        99.336444227442527       -73.514676968547676     
  -76.087100923241280        88.402574976083173       -75.420887690716214     
  -73.510367585942419        79.064845770307073       -76.126212056228240     
  -66.858414487387861        71.500953476769752       -74.930445279922651     
  -60.269822767750554        62.555631536518831       -72.315333784388002     
  -56.250249244898768        68.344155919729104       -66.298054793812170     
  -52.236717279107197        75.622093040525257       -62.927113295639714     
  -45.165672823382550        82.109575944902303       -60.503341200281511     
  -37.910181931642313        87.448516943375779       -56.645960102463064     
  -34.557466881497248        96.547944329779853       -54.978013297744056     
  -32.339261634343217        105.24091374232945       -51.343955426662582     
  -28.316788145187729        115.80909714253322       -47.424797584356014     
  -31.365770282400248        124.64260750327315       -42.560534635125371     
  -26.535507299955384        130.82990274788708       -39.539181646845776     
  -24.048329637189127        138.77274715469875       -34.079535655264024     
  -28.752643915332669        145.04701831222900       -29.824225723607981     
  -31.871127099091481        156.02742745936467       -28.473758355148412     
  -34.520293036160226        166.73637645795296       -27.652343978846851     
  -38.616144247398012        174.02005641493770       -26.610180526644790     
  -46.084833878709759        176.43361565284317       -27.754173313938047     
  -53.238750972667134        180.16040979820150       -28.031621958290025     
  -57.560808281640959        188.03831563764760       -26.909135120354179     
  -59.841770713085538        196.50172166168323       -24.665382927562298     
  -63.980637481881729        206.14948943789295       -23.081280648894392     
  -68.116846372238442        213.77831767669585       -19.174144311055905     
  -69.522914083473225        222.25510485960572       -21.223234632256652     
  -72.936353105991088        226.58788243511003       -24.125391202820204     
  -76.507363465545538        237.08993779257932       -25.066730636637516     
  -78.097460755143544        246.57186672893033       -26.428600525514007     
  -78.769506731465924        256.33830753830421       -24.359748156549074     
  -76.811881040910606        264.55662877577362       -25.502397149014790     
  -72.741148717946956        271.95289255262412       -28.748643372807415     
  -66.204115319117676        279.83063125357495       -29.590934474446776     
  -56.729996660543662        284.05057296209975       -28.112067727952308     
  -50.292929784526464        289.49090523683594       -23.421035408631475     
  -45.290557715648731        298.09225994974577       -21.823380176933743     
  -38.370689935187272        306.27386136013763       -21.098051410939071     
  -34.191125628944491        313.89327760504887       -18.017537056660395     
  -24.917157388325279        322.57731760666263       -16.320810547975867     
  -23.689443053287178        332.22843023823077       -14.211445465313407     
  -24.028204915953353        340.49894422102551       -10.804911199018729     
  -23.071428099614153        350.37553084064700       -10.742859884524361     
  -19.047225424196327        358.60808398004957       -14.366147339211384     
  -12.848067363296252        364.11120851524498       -19.019008837747755     
  -4.2312192380332547        369.85660087886367       -17.953524330501452     
  0.90106367964365575        380.55861796094820       -14.984917913268891     
  -2.8002253594855162        385.08760073805200       -9.9455855673172664     
  -9.8592751012096613        382.60169514744558       -5.2726895781597740     
  -19.608704319547755        377.61427541814129       -5.6984454903753345     
  -26.593268464123057        373.64891079607452       -9.2061463045808516     
  -30.689250005541624        373.54738889428467       -15.993530162328184     
  -27.926162771045043        366.60901961492277       -24.783008574959709     
  -31.354972413227571        366.02103243068410       -33.826822302986969     
  -31.481103260476175        361.25070622186530       -42.927074530763647     
  -28.467637611050932        359.91590982621631       -52.724107495820121     
  -23.729901680650286        360.69355376659126       -62.786025434154766     
  -17.773911883870127        365.56869499631159       -68.884103874016532     
  -13.613288910901922        372.30594426638822       -72.352602786085868     
  -7.0155908514525009        379.53160195093733       -78.143497028783187     
  -3.9874040352597078        381.39244055292818       -85.404755232090324     
  -2.1889663159354669        387.74302103105606       -92.229370805866836     
 -0.89995081610742034        394.02042641083699       -97.243490633629634     
   1.1390107883423823        402.21391320562498       -100.30637338887676     
  -2.6758528785473814        406.23991841279661       -108.34454392208940     
  -7.4793614120780703        405.66786545212409       -117.56663981634367     
  -11.854176855417890        400.63399505746452       -123.96756420356519     
  -17.052724633728005        392.72188623843675       -128.63531401883799     
  -22.751871805438370        388.14787633416358       -124.45811655028589     
  -23.238619870414013        376.83829781245174       -129.00737845166756     
  -29.852490221744517        367.98282252744883       -124.09989162949788     
  -32.916002367700600        360.92490225748764       -118.63532772815606     
  -36.910383616949844        351.44469636995569       -113.79142449333578     
  -41.613191950808670        346.53334968570601       -105.99734811096081     
  -40.904388234237643        337.08255916241387       -104.68586041107962     
  -42.430721722931580        327.75900362555558       -109.98870316163443     
  -43.572834593334704        318.38476722670930       -115.43886769912224     
  -47.857944993115311        310.57674127489628       -121.18817005045139     
  -49.907284140375154        307.40591530056008       -131.96527143225609     
  -51.082051574069126        306.08905862830591       -142.72744739578724     
  -54.935257440866707        304.52783190853609       -149.42550940906594     
  -60.112839873362802        306.28287788274616       -153.20538084519188     
  -68.913777317197969        306.67125856336520       -150.05709605554813     
  -73.114623493949566        311.40720918375325       -142.85754402384316     
  -79.844517843453616        316.64250343150314       -136.10075426985364     
  -86.046306199546564        320.83790405805189       -129.07632133298171     
  -91.475150178520863        326.03503196073405       -125.05907954732655     
  -98.932891157775629        329.56010199113047       -122.74481002362251     
  -106.67331696572882        332.75738448825598       -128.98533929886014     
  -117.43439206009754        335.08656743283154       -133.81886252173067     
  -125.96750023340164        333.92776334316153       -136.43239181460973     
  -134.04490916044531        332.07300404889133       -139.34347327691381     
  -143.46806452964680        331.27841462465744       -139.47420417193729     
  -152.82757245465010        336.82909084708388       -135.64898491877872     
  -159.52581474016878        343.01429290073753       -136.06842149908863     
  -163.31028396261661        347.24143951248146       -141.87770347851693     
  -167.63817254677468        353.29275880150198       -146.16711993134390     
  -178.07480660554626        353.15527279353824       -148.82362291934538     
  -185.66438454638336        347.13380105252094       -148.07662621246175     
  -195.27984942449896        345.83310360679098       -149.62214237312213     
  -199.58699146626475        352.90478281622239       -155.88724975113692     
  -197.27410834898384        359.70221553410363       -159.57959792908622     
  -187.40867231505345        367.17895379128862       -159.65519527615945     
  -180.10628173120023        370.95698219799613       -162.09507591339386     
  -172.35484174924233        370.10202086103294       -162.12279116588593     
  -165.51844519573569        367.14872199494931       -163.62272118945236     
  -158.55974598536741        366.49579735053601       -168.45966138320500     
