   4.9195735772964326        5.9730923118451074        8.8228196045872664     
   11.870560616757587      -0.28048848087428269        6.1322046688404726     
   19.564164026867232       -7.4584028856064606        5.4331228753673884     
   23.711871504412301       -19.696456525445797        10.357716314202889     
   22.123992227871824       -24.044951372455444        18.357187121026300     
   20.542402989934544       -30.513613542814824        24.565383960895247     
   16.641072649924567       -35.234762734526271        31.494008004015427     
   15.557924596416825       -43.240674195710767        39.829611323299559     
   13.691253171654864       -51.689785341406377        43.051551443549954     
   11.838587859997290       -61.994182158467538        43.066453518858225     
   12.182631366681647       -68.861949295065415        38.112270426933435     
   12.316285073594344       -77.750809104782888        34.146524797684975     
   12.954134650599514       -85.186515564678984        28.924814891763731     
   6.1724579846840584       -91.495618537533574        25.456946459989240     
  -2.7919925740844462       -91.467046144105211        23.200286649073007     
  -12.867749606339459       -95.311024999438132        22.908892889783203     
  -20.927319709101113       -95.033470107878770        21.735287747396484     
  -31.191169258888351       -94.087318855194098        19.832313531092382     
  -38.119896754163165       -90.184231539237658        20.105948774569697     
  -46.523522063720122       -89.195614781181575        21.226717381296680     
  -52.360463776962490       -88.113134183409215        22.780964411214143     
  -61.731703842606265       -84.658999729856646        20.278901270771371     
  -67.247302889340176       -80.170250382378640        13.044631671895331     
  -65.401817621994439       -78.558054607292775        5.2898459627346597     
  -59.260295697463960       -74.517603959630378       0.95298120601671599     
  -53.162630789814415       -69.829560986196839      -0.14012527820509035     
  -49.442037294061777       -60.160815709928670       0.45387506870116567     
  -46.870625676209727       -51.017066759848490       0.94262261436230688     
  -46.839745624305124       -40.448273577770351        2.6816778278252116     
  -46.769175146517000       -29.388430565671797        6.4278962811499127     
  -53.115270540623015       -22.525156737127986        4.7323045110707653     
  -61.571052988839824       -17.241522867563049      -0.71541219696254643     
  -71.750506609015076       -14.582158777967834      -0.28143751155886321     
  -77.736621855244067       -10.130307222661713        4.4827306565337324     
  -82.997740211410246       -4.4550928431874581        11.301285627593359     
  -86.281895299101194       -2.0620111373672216        19.278177819710152     
  -91.530926322247069       -2.7490240196398190        26.181251493763796     
  -94.820427224158749       -1.9831224629012922        36.541567791490479     
  -96.520957385175393       -2.6715672234266776        45.961743335941037     
  -103.69209993690160        3.0604417013983038        49.573627826842710     
  -108.74197052909767        12.706317230494278        52.413883454936808     
  -110.30634057181726        19.059676689034745        59.387166768758902     
  -107.12184353251908        28.468896391471958        58.836346744901618     
  -103.99455043211881        35.328723473927198        54.096613221791387     
  -101.79780430258654        44.207982489405140        51.134670828552999     
  -100.34726029325725        50.662218265147317        45.920124101872318     
  -105.59163226158233        58.527579510974022        39.756840990280409     
  -112.96816206299243        62.265636930463586        36.702492808837007     
  -121.33002269187131        62.503992111660068        29.729413116899025     
  -128.66904841950230        66.981782889370834        21.099567067901773     
  -136.40962488273476        72.193659724290001        17.147148145720507     
  -143.67021712144441        72.339139401414911        10.606562871909659     
  -151.32964578337970        72.363528772646021        4.3546738299585002     
  -160.67806594230285        73.724330584497807        1.4208499416060931     
  -171.88656564062671        79.167674663228070       -1.0859784011138061     
  -181.95706461010383        77.280510029786115       -6.1320845196310927     
  -192.19977381527764        78.782430828339557       -8.1548185914730311     
  -197.05345829201445        86.995149039089085       -5.8568616667702713     
  -202.51526837196565        92.184160346113288       -2.4314850064819211     
  -209.87622225247924        98.602018862140028       -2.9434150206795975     
  -214.96752516511953        103.54287371009565       -8.2730541836309079     
  -219.12374525191740        107.68023110504799       -13.505108809490086     
  -222.36353161358124        109.83853974931014       -21.859471522886341     
  -223.81581218468642        112.98867577760166       -29.151979843556123     
  -224.78603137816430        118.55309941892472       -35.630136732263736     
  -226.37596921913308        121.06873392179864       -45.719473343066511     
  -225.95451252840707        126.72698025701175       -54.468213010563204     
  -225.97513653731187        132.32860818950309       -61.195787230102781     
  -221.27229921633943        140.06915840671542       -67.514199570241146     
  -216.08977537443513        150.03950035534507       -72.597547942766965     
  -211.11875874504301        156.20981267752961       -78.229905020612378     
  -204.83655604931965        161.93446528575794       -83.039339658348794     
  -195.51605178287207        165.77698005534734       -81.288263859943712     
  -186.87378100350315        168.21825563850899       -79.455811620717327     
  -177.11507873976842        167.84845753115150       -76.080304480333325     
  -169.52120105353021        167.14002861306130       -74.163151732985554     
  -159.34492043501768        164.67257916073544       -70.391423360224280     
  -149.52577714197525        163.59532429625199       -71.600117268877909     
  -145.05969719646117        170.10663267218797       -62.589110540756280     
  -141.58269422736760        176.48556165543624       -61.074213349063967     
  -132.03344959831838        180.93523202061817       -59.886168638117795     
  -123.07122785473878        185.47703760279711       -57.814170125916519     
  -119.15840457553215        192.15537484752929       -56.073659768869049     
  -114.13674618002621        200.97487583339108       -54.863647242029259     
  -107.68873436625439        210.80580891371045       -48.028144020862840     
  -99.785914151190710        208.42919167990158       -44.581403549167760     
  -91.275013021814445        212.32863390018025       -46.139954870967927     
  -86.312173215091278        220.79640774956010       -43.158708086846900     
  -82.353854108910028        227.66082992113974       -45.003322506966697     
  -82.043445111204861        234.14063156462805       -55.778490076053089     
  -82.031917149050926        242.70655690456243       -63.236372503524791     
  -82.740400789032876        246.39534797690618       -70.120533582928090     
  -81.459018625276755        248.15528848430796       -78.381060562978575     
  -84.564134013420940        253.20478114331905       -81.439042660196463     
  -89.684194328393673        257.63221154394392       -86.102336095928180     
  -95.101960692728696        259.61233892076410       -96.293604578882793     
  -93.345390109194412        254.38045921638377       -104.97587406804912     
  -93.419203805276382        253.52059174654636       -114.08934660797570     
  -92.003309272259472        250.09316613942667       -121.18894724722145     
  -93.282254903414966        247.16509998305241       -129.69665582720779     
  -97.295912233481218        248.31992799681365       -137.26815795058357     
  -103.82331251803073        251.85050413164078       -144.12378081050542     
  -102.46644101302626        247.24943497797784       -151.77250938560204     
  -105.82780650038326        243.03887730277398       -157.69990410061783     
  -112.37027782941853        237.24865215137476       -160.98426790362441     
  -114.99725708925548        231.07857128114358       -162.39633971893068     
  -121.41895623550847        223.27089673362008       -165.41813112241289     
  -129.94782813061897        216.31247348542735       -168.87890204303113     
  -133.55566319263323        211.00133785013116       -174.92746277517088     
  -138.32771099121157        205.32144072152209       -182.76555492318940     
  -135.91377335382361        206.16189816072347       -194.18272535132644     
  -126.75521084801694        206.68271612826948       -196.93194188521977     
  -118.73667501976787        208.10963715533484       -197.78659279177157     
  -110.08929528837542        211.45788373190135       -201.55866835398876     
  -107.85838593260532        219.73484787811441       -206.26756082522951     
  -111.53471354545700        228.81089042245287       -204.89341664634571     
  -112.04397076518113        239.79166911914496       -205.34033035031109     
  -114.74734797779927        245.65831937054986       -205.71797446012286     
  -117.59173422507776        254.71661159686636       -204.57980424761564     
  -118.94243146806060        261.79970200050468       -205.03684190466299     
  -124.17315960117868        270.43746327429659       -205.27778903128942     
  -131.44596028587614        275.02883498235849       -204.62816145831960     
  -141.42308310131000        278.79831846362345       -203.86882789625227     
  -149.88817846479242        282.57667496666579       -205.16718429985957     
  -154.99951528271305        289.18768898702865       -203.35567086470635     
  -165.03547019781058        290.73523999514447       -204.29045891197615     
  -172.90182328194135        284.73628382276269       -203.35810249066685     
  -175.72563731700103        277.14826563169146       -198.54147811136411     
  -179.17286511348129        273.64778754782668       -190.15396492542439     
  -177.27268631405190        264.63844277904809       -189.14323488368302     
  -177.15753319318094        258.15371054994137       -182.40415812923641     
  -181.37795190512850        251.53313067199690       -175.52553534747352     
  -180.60062831624163        246.56945904307145       -170.75942614848282     
  -176.89119428984856        239.44825321150523       -164.30848169506163     
  -172.17662772922546        234.11545736024749       -160.21788912671033     
  -165.69171923144199        230.79145555638934       -157.96356643271560     
  -156.72870062047036        228.06157672591746       -152.56573611001681     
  -149.62878972079369        228.69319233987045       -152.41636062847383     
  -145.69547318572523        231.60526937665816       -149.23732433213786     
  -144.29761394043135        237.91874014244860       -141.59869394409910     
  -143.45678852006444        247.79752767165610       -138.04877125016969     
  -144.04090330994069        257.73347003689645       -140.38796679657653     
  -147.22515195263725        266.55893213654463       -140.61932587404903     
  -151.14699467768241        271.65751115105820       -134.93587086100479     
  -157.29302847867120        278.21793213366919       -132.31533447598372     
  -162.78070037992148        282.75730346642200       -125.49118149085578     
  -170.37213168373052        288.21805882183634       -125.93488824950980     
  -180.45579999589108        290.50879683826031       -126.43438722782577     
  -188.76726337399174        290.94661385464178       -126.83448235226577     
  -198.06443913751508        295.58594347756059       -124.51622998385281     
  -206.68673706073031        295.27794243687049       -125.89915151054879     
  -215.17083207027997        292.13581902260790       -131.86841623486828     
  -221.32548273044989        286.76816497670637       -133.59424343053246     
  -229.49950287527884        282.37978024866317       -135.48540876184870     
  -234.42858962684392        276.16058901141167       -132.63451121795092     
  -241.10332106692010        274.57651402933675       -129.28352986455116     
  -249.37352032829301        274.30107413700802       -126.67252975289534     
  -256.11343238256211        276.22257035745275       -129.32891405586224     
  -263.89795053001882        276.99585405099822       -132.52832735989261     
  -274.24926422453791        275.97339431347228       -138.09480629543975     
  -280.12103753607073        270.33299778765689       -142.17820860901014     
  -286.24372591152763        267.30422382191307       -149.42084155756703     
  -295.63478833460437        269.15662841693398       -155.06028064193890     
  -296.37436026984574        264.23501238024130       -164.15822142898944     
  -294.44141265833252        264.37153013693046       -172.91874567612621     
  -294.71863359803808        267.60667136671822       -180.63508269801994     
  -295.27672065558215        268.28531311301242       -189.42230518929637     
  -297.66940492804702        269.54538733060451       -198.44141802721958     
  -296.57007141339898        269.91624377927059       -208.55608885651569     
  -297.27495489685191        266.18075933391231       -219.22701788611948     
  -293.99186192011678        264.52669639850717       -228.23265900783093     
  -292.06261333350579        264.99735317571964       -235.00861484776857     
  -296.79319136872994        265.78079067577096       -243.64744184566857     
  -304.61041586515347        271.27989499783860       -247.06094486279829     
  -311.69188548806017        277.81193087029283       -249.83002744878019     
  -310.86093796806171        286.77741757381364       -251.46490691487352     
  -310.12371321037756        295.64745857263472       -253.52199183871249     
  -315.34853821281592        304.94238048964434       -254.05356394202778     
  -321.03701892973288        312.84214138976148       -258.08400282378403     
  -323.17780656575587        319.68100884248088       -261.40349869196285     
  -325.75140385652986        328.48476203489753       -266.14857644648066     
  -326.08192386871588        337.76862782699516       -272.20885790464030     
  -327.03016855789741        344.12464964432331       -281.72110556243837     
  -328.11719704559977        348.81755857844337       -289.46082529634310     
  -328.02158518742908        356.78867306087926       -295.64858788800802     
  -329.22081777709974        362.78400480569456       -302.16190987099390     
  -327.19200010572706        371.78968322524378       -307.68322191526238     
  -319.66369676051181        378.09126683375246       -314.10128256494068     
  -313.70489727294387        386.55341693418256       -314.25353135079251     
  -310.47786627742340        393.70561780824920       -310.24360432739252     
  -306.71835363765518        400.00543439897876       -306.28761620316351     
  -305.18719065001858        406.25739620950941       -299.77392151834249     
  -296.81569745960246        405.45672105244626       -296.44518176553476     
  -287.63532755593644        402.58997870920751       -295.63065866347284     
  -278.68872321315087        400.75860486372233       -298.62355347701634     
  -268.70222878713400        398.17822476200740       -297.45852633521690     
  -261.39750683694109        397.95859052889421       -291.11324887258598     
  -257.38085920193600        403.58834004527978       -285.95425572628710     
  -253.71377706019973        410.97525595750437       -280.58075453263388     
  -252.66563579371007        420.80076492388218       -276.30273281527832     
