  0.31304490481579705        8.3511556557792517        3.3002385029291190     
   5.8264524253002605        16.414167991559452        4.7724355670366236     
   8.6264399895111836        26.445685346672263        4.3061096131983874     
   8.9075261976572904        33.621820634588005        12.370314904729412     
   6.8458503495254064        34.407119794434010        21.880940660603670     
  0.95624607415602725        27.668410567664338        26.711399290566035     
  0.84055820717557594        16.951077426318818        30.274047024372639     
   2.1436989722067494        8.7489585543270323        32.133059410187620     
   7.7622095162463154        4.1969695218007672        38.055472917508311     
   14.476390428556925        4.2515939970885483        45.923464337141723     
   17.076810045353223        7.3531725753257939        53.716946502522632     
   21.791968349966748        9.6332092199160488        61.289410817113428     
   23.785866226459316        10.193369784267668        70.243377155077098     
   27.665912369509979        8.6642967544436633        76.373361982529346     
   33.860615139421768        6.8170562593906476        82.768092020392757     
   42.412151529038638        9.4271331672085328        86.029714930964218     
   52.990699264342325        8.6173139287935872        85.061036515430644     
   58.160129772338863        5.6859488479893736        93.856917737119772     
   58.318899028873815        9.3209906175842381        100.61639293946840     
   57.958180999050327        5.9966396768441479        107.08082988345789     
   56.008526956102983       -1.1578171419869165        115.49327487050498     
   59.497334977111237       -8.0459459720709017        124.61575798556680     
   64.573028284487421       -15.517362069886039        128.50688119510968     
   73.945356718877079       -18.287203714576471        129.56297745479802     
   81.052130530447968       -16.926315106448989        124.93870352060343     
   88.312820227288327       -13.087367753437993        121.41248793073952     
   93.589225837218336       -9.5670407114047347        114.76230150357354     
   95.812661139633278       -14.564112471354653        105.28196705023659     
   93.940356883512365       -18.707786842329718        96.179750144176765     
   91.724425971412600       -20.715616954911077        87.823568573888934     
   90.411134807113100       -15.655998928333025        80.363586858874143     
   91.873426907783326       -9.0343937307997262        71.096774290931720     
   86.055006185282394       -10.351994386468064        65.092356306472439     
   84.249381890069486       -10.649093726132932        53.445453171769692     
   78.563152720867635       -10.329957784766179        46.998638762480311     
   74.656959377859522       -5.6937479702098415        37.806046051688014     
   79.648258120467432        1.6841534181741338        35.344000778820657     
   81.636268843860876        7.7498435045369405        29.042716813533612     
   78.973569490401815        16.037260311836292        24.933325843103269     
   80.452762294698061        22.984695450504006        19.539464498427499     
   78.078127650999448        28.781886586997757        13.256844092134088     
   73.720409288538491        38.197804138528085        8.3815216676024349     
   67.321696198019481        44.128504722437157        12.298123094189108     
   68.240608119957727        51.649012193674025        21.387520324311964     
   64.300133864388755        53.984556354085839        26.964299074836482     
   66.207197219582554        56.682275266078250        35.975686231110657     
   70.206327511595561        52.042610115445370        42.226591166310712     
   72.388369690004680        46.479541501589523        49.348878425474680     
   77.123755013834455        37.112247960789773        53.807583546914358     
   80.782329091948043        29.002751734411135        55.700854981514873     
   83.932214944133221        24.336971112737075        60.783618823643330     
   87.961585256204302        17.302331580617249        67.067354884928704     
   87.318491605163672        10.656839649152559        75.532411369316705     
   81.430577227906610        9.8736969022470618        83.950428444291560     
   75.605476587025720        10.593300874588607        91.580167671537424     
   68.215712622277096        16.715617660767890        97.665789183328627     
   59.426850391331357        19.922711588432080        103.94914813690755     
   52.169513663251223        20.062146964383942        107.32582323196065     
   42.405988469939700        17.070103496385656        110.38143937304446     
   36.201657742696483        18.235562748234386        116.53146330198439     
   26.900362237189910        20.047250248409640        116.54105250055322     
   18.044470734372865        24.402172131206541        120.30990120153189     
   8.8800067311143778        22.689339096864032        123.82426481267225     
  0.31532263716752595        16.828829120915614        123.20732388182928     
  -6.9905665673303332        13.256070517358921        123.21168910083671     
  -13.851743125739475        11.077998018035913        128.63205654225294     
  -17.568439716850648        13.548397353072957        137.22067792518271     
  -27.955222539985300        16.089974909346338        141.74706070736735     
  -35.943209248563250        14.238059939569837        148.13862704116295     
  -43.064581474981154        8.7543751889139827        144.16028381573415     
  -52.078602032596152        7.1005601304009076        139.36402520394256     
  -58.809430080531058        7.4621274708189134        133.72181569609251     
  -62.312669501610543        6.5137279316562768        124.37289741164683     
  -65.857353859046597        8.6792561649793072        115.89093808805382     
  -64.029238671764091        10.016599242682489        107.86824463484342     
  -58.979802505549323        8.5107761347718736        100.45577538919468     
  -52.886717335481812        2.0503231710977587        98.523672330710312     
  -48.171491365799213       -7.6913960307042117        91.843742920317553     
  -45.889241519232584       -13.317610627097352        89.332372017337434     
  -43.061543569106874       -22.858434557154311        84.859169964960131     
  -38.301289589261835       -27.553048179112679        77.401919589194250     
  -29.889806742958456       -31.892839642990637        71.169898677394173     
  -18.674836151529043       -32.923351949697093        65.858293617690705     
  -13.003866666173465       -35.822534765981246        60.948587894023277     
  -17.919789660471345       -36.012100163517275        51.562878802241784     
  -23.283614292168330       -34.998139635911997        42.739876222780886     
  -25.011969435396232       -30.205090019124512        32.542957660745373     
  -25.094013121877289       -27.909115867216315        23.219523364428213     
  -31.042360212289211       -24.477124376591945        16.155147593797544     
  -39.490501481172387       -19.636628006230495        14.343847412036375     
  -45.387572613926572       -19.805549114352075        19.558167191863888     
  -52.574449242183277       -21.083446581247600        23.187112761383005     
  -57.025128399985363       -23.161486666201043        14.663006736862094     
  -58.785887582089195       -23.987826588160416        3.6955488947600088     
  -65.709877426858924       -21.770883199712685       -3.2946716380183290     
  -75.206861341064041       -28.106462309893246       -5.5055304849445434     
  -78.031550753071230       -36.002398016467588       -7.6475784157779145     
  -80.299375429749858       -44.681454309995381       -7.9969910603755920     
  -84.639984125244084       -52.725596288795117       -4.1009330501891270     
  -85.227027209209893       -49.476299045720424        5.3326438049775291     
  -83.165510067701788       -45.804975401492428        11.410907955017784     
  -75.301334928415073       -48.599215352654113        15.705430478100837     
  -65.380644299290594       -51.044554343722773        19.215248211588545     
  -58.400733795553158       -56.368746812550455        22.958839409161683     
  -53.491622257917598       -58.958259931527010        28.608524530811415     
  -47.942362089225057       -62.083652860930677        39.353409338547628     
  -45.115997068747731       -56.209719810994685        49.046667634362962     
  -38.591894641999090       -53.693884875560244        52.162789624911163     
  -29.448217689571308       -50.779027925954338        52.666443894883201     
  -23.391412720968546       -47.225503498745702        49.269991808831257     
  -13.751275853092078       -45.483724483013191        43.091104729345986     
  -7.2379494036196501       -46.534291311192703        37.338092066979556     
  -3.6051464497981325       -48.833309623505819        27.981412636740025     
   2.7167619213688798       -49.212096126307564        23.480930107772593     
   8.0682204087287221       -49.865058206838654        17.847722280594603     
   12.218733294117637       -53.506894189098276        12.380242449170975     
   16.852933850746414       -61.270572393785116        8.0234097831561222     
   19.595391458395188       -66.345724676176275        1.6541571101342925     
   20.330566267386310       -72.665991211287150       -7.4966109732016601     
   22.963043314046146       -77.773565293209529       -14.606266835666718     
   23.504303214408115       -84.438007116200254       -19.467300150521073     
   27.507437383239264       -90.978193707209513       -26.858206498324655     
   30.525075760037257       -93.112830897976181       -36.308401607750397     
   32.470434084914295       -100.35495206634133       -42.485462993333080     
   36.207142975183828       -109.55602805367177       -43.650028682972177     
   38.937767753369165       -115.55046599204651       -51.851142656224148     
   36.822124392480163       -122.00905883497252       -61.117063862856263     
   32.548851071710530       -130.81520444642786       -64.883051580499824     
   30.089044109079069       -142.05255733579327       -68.378898772138029     
   27.580019700386597       -152.12439589181758       -72.214088078366359     
   24.192742520018342       -159.09851140376341       -79.256154559547838     
   24.949380536253695       -166.99036588546710       -82.638990265376222     
   29.106141249212257       -174.27328657759080       -89.709935613200287     
   30.771381843864571       -182.33798463322552       -92.221871549238998     
   26.770899367256021       -187.74383971922339       -93.615965037613833     
   27.315284943980835       -197.73141484757187       -93.582592771024338     
   30.024395181784346       -205.50562692915832       -87.840186493088567     
   30.148731296310203       -215.03088632033055       -84.085620547297665     
   24.212031484143512       -222.03534894041331       -82.533572639454036     
   18.253465061745739       -226.36894898524719       -75.099009022815210     
   16.681125305329090       -232.53869506380497       -76.338678041226871     
   21.917046507188896       -239.58324645504632       -81.054197282565895     
   23.645483959152759       -247.03828857499869       -89.638866992867278     
   22.143815826400790       -253.67359717297037       -95.684316216579248     
   21.215233234761005       -256.18433037767340       -104.02139458938622     
   23.032492618390652       -250.20492635316094       -112.11044922255851     
   22.782543670182605       -243.35475945918131       -119.79776310053447     
   22.229675947189843       -233.66589279005487       -122.39200778505055     
   15.669799012604212       -223.98646489015613       -122.90176312911566     
   14.136214616490399       -213.85931226747829       -120.01011598649956     
   15.288084867337531       -205.66710412760432       -118.11352329928573     
   17.004662577984114       -198.27301779199323       -118.89511215890451     
   16.087785165989192       -188.35712086834053       -116.99002509538263     
   13.422904279698237       -181.47069663143927       -114.15309072312898     
   10.779272193357713       -173.20991344641291       -111.34551259650618     
   11.500964119110858       -165.41505821653070       -109.04137196279530     
   13.308897625745594       -161.41952960764993       -99.653624757169510     
   13.180525626509112       -158.94755280936280       -89.785781611482960     
   14.395525704190941       -162.43285378776406       -78.458582854160070     
   16.362302724993217       -166.47424785910638       -69.825938058323402     
   17.139236767078422       -168.46295168677034       -59.484992003859368     
   16.974453366369158       -177.61788627001448       -54.114586124193735     
   16.179811215238693       -187.06570511495113       -47.074993085964920     
   18.307684485642767       -198.21140685889480       -46.338475613473278     
   13.566360222747528       -206.31160081497492       -45.354856812630842     
   11.902160288236132       -210.68594258970217       -35.031762369297077     
   7.2726353108365682       -216.45318491225311       -28.838383351303406     
  0.61705695253466608       -221.32680331978298       -23.877657615435545     
  -2.2292408396008048       -227.88866651718206       -17.042325278062467     
  -3.8657783387914408       -237.93491189991821       -15.099116854027820     
  -8.4626849682524146       -248.23033615409233       -13.186277699324982     
  -11.441525445579531       -258.71810203747492       -8.0054376287233282     
  -8.6500989972133802       -267.19735528064939       -4.4723809046421152     
  -4.4813124875847441       -274.55576245884458       -3.5276067091649423     
 -0.79628435122861241       -280.30709671898256       -7.5801961306312222     
  -3.2814852851912644       -285.99378005263372       -17.849379965280264     
  -5.1228514401509866       -289.06852741239646       -27.290216539998944     
  -4.3552936058980780       -291.97514759989878       -37.162413817699530     
  -6.5977502947438840       -297.85184274137640       -45.408312936212333     
  -4.9942264648245569       -302.94641213504985       -52.013053308868358     
  -6.0491876149392709       -306.82402552090934       -61.270432814720294     
  -14.736722481786838       -306.22217478944532       -63.255930625835894     
  -25.300989324995466       -305.14941991049187       -63.835603521666812     
  -32.039632472818056       -302.49823475506821       -68.786144464071981     
  -36.863109161399265       -301.27003366300539       -75.635335200172079     
  -43.408251365933424       -302.27338781895349       -81.450032498066207     
  -52.877084011443728       -304.78870691415949       -84.231426478308009     
  -59.506679552542082       -307.37081699004045       -83.453256200776195     
  -67.961784845931305       -308.16063972394448       -86.524417617145559     
  -72.071128168339200       -306.31280236009246       -91.031461671350627     
  -81.128982905825438       -304.39485495888022       -96.232800654678684     
  -92.597203927657731       -306.97286451429983       -96.825467343639858     
  -101.53141760262835       -307.65373910265339       -100.92809733432821     
  -110.29902106079484       -307.43225882091082       -99.354609858645560     
  -118.08171562112392       -306.12534020056387       -96.815555761040784     
  -124.07783935550501       -299.40619150065294       -88.156472626555058     
  -128.68403726717608       -297.68518265884035       -78.662523371430765     
  -131.94419471062321       -298.15450522661104       -70.129978651780206     
  -131.92379623580180       -300.92027394078735       -62.834695994207493     
  -131.72837689274184       -307.52217628837462       -57.274184961175649     
