   6.4422256212966005        7.9127939361718944        3.0239606997961488     
   5.2917175966116474        9.2208952475675545       -4.1418080723509689     
 -0.27649944518694269        9.5411756443455573       -13.289578519792471     
  0.30342201671665947        18.567058928315106       -18.801105970205128     
   1.2787065901595369        28.348992257904200       -19.557157864243294     
   2.1429773476025389        36.399062599848719       -13.271597824624052     
   7.8116617127297232        41.019858301733848       -6.2142734767393222     
   14.014450306180109        45.122059113449126      -0.74025996490344426     
   22.204075834674192        45.602498234711391        1.3530434926030921     
   32.829214561183470        43.697211186196654        3.4184056579514248     
   40.748235255952721        40.235675279767833      -0.81472979942923018     
   49.041752509840947        38.454633052245129       -1.9748792300591305     
   59.573504851502463        38.396742831883984       -6.0334665863943258     
   67.208327343478089        39.067448309881286       -5.5960242163748575     
   76.951112496752700        33.581601592490244       -7.3918312706228875     
   81.612496942494971        25.885719002422235       -5.7035242658702856     
   84.600566473046399        18.379302114825563       0.83983462376090756     
   91.830031927132978        9.6164804090751801       -1.7249397013145682     
   94.265411036240991        5.7080658730624805       -6.9982428314267366     
   100.01304365615107       0.99449139980701773       -11.421800873446657     
   105.70232645269277       -4.3844736069831356       -6.9000974753555937     
   113.62954155790865       -9.0182065295175846       -4.0752706354826813     
   112.92557137277149       -16.295943741687836        2.7076675847016105     
   109.39680563611850       -25.758479438140881        4.7242723378931686     
   101.97513222783488       -32.858936236589273       -1.4142402149047939     
   96.165919700289280       -36.813421629336339       -5.3515610849092639     
   89.009173381768420       -39.261235303991981       -10.152936536603846     
   79.575141741656580       -42.352941488179106       -16.230140150179679     
   70.505111409998136       -48.095382389450378       -14.491839858077526     
   64.424652280425434       -50.814243310659833       -13.787513502005297     
   54.817878060625631       -49.193245890121695       -7.8028545463684225     
   50.211874033745957       -47.690130981037100        2.7175676911017206     
   49.470315626983876       -51.525144296690627        10.511948449835614     
   42.368209753123324       -53.111449766440359        19.958797003022141     
   38.160802893975955       -56.055724773138614        28.125225335370899     
   32.573891485728993       -56.093780687588648        32.917141616202898     
   31.845160863596668       -48.957292187202292        39.596768814827897     
   31.145324449118348       -40.880849993817847        45.536720613986510     
   31.671286760946295       -39.856785497772279        57.615866206601801     
   35.787684538447479       -37.423368899757030        65.931238611528386     
   39.337106779472336       -37.343203583582209        75.428053659487105     
   44.253279490991346       -39.750597944391437        83.031592947040807     
   47.261757152388995       -47.811398508212733        85.622777367992413     
   52.584066699128030       -56.368452645429556        79.303278710458585     
   54.038849783191836       -63.682038863310268        73.609142861897922     
   53.853819606688063       -69.498186084597023        66.543092189590624     
   51.787540295699159       -66.527759915565582        60.408648053671719     
   48.412572743215918       -58.839285837288024        56.247545247582153     
   50.133614315304428       -51.236697963474150        51.393164264863920     
   51.237798032536276       -42.304657730842287        50.478461035574185     
   55.613144611009730       -35.624668922300842        49.736580632134029     
   59.857511835796728       -26.652234953042694        45.916731339533086     
   57.883475671406941       -15.677118957372812        43.088105429799739     
   51.051877220113482       -6.9207338388878696        43.962020521219443     
   41.952391938728312      -0.89832018936796487        42.173456096007008     
   32.260547618554490        1.1237458237355469        41.887999751123061     
   24.419499248339406        5.3675668038886499        44.803561809166290     
   17.367465005990454        8.3241424356903337        46.047286871258763     
   8.6515279330157711        9.5013000875987643        46.434368745421409     
  -1.3811351591429855        11.379840713391459        43.251611885465067     
  -9.7971561094337716        6.6429593635420900        43.402349703594908     
  -16.970489731391229        1.7497760584466846        40.242894726007073     
  -25.893983213224352        1.8264925619468215        41.940223780812111     
  -33.957534588879149        5.8754372027703141        44.454895545079282     
  -41.740966262492677        13.787950107474046        44.735852091540565     
  -49.761148553607129        16.780137842543013        43.099662565208646     
  -58.232348497631754        19.151879391222892        42.902160400162671     
  -68.432327861597841        21.317501330983447        44.512044049104418     
  -78.679011767191213        21.551796323628523        43.631082359520967     
  -87.978472918437120        26.584294723186645        47.287873542932971     
  -96.808466574441752        31.437499508667798        48.353772477002707     
  -102.57524160871688        36.951638994388816        46.750118559220269     
  -106.69350666744293        45.629348272322318        48.200316947474661     
  -109.68715658924788        53.011487378492546        51.285217052942848     
  -112.08947871236924        56.322115205624442        58.819340601959162     
  -114.62856324495247        56.269822277868485        68.558738409558757     
  -114.87386593914133        60.096076269848993        77.721048047878483     
  -117.19204889374018        61.189164786431007        88.399833779313923     
  -118.45044823022444        61.040235764097929        95.647443601230336     
  -122.63585784858658        58.899149661560443        106.57452125662228     
  -122.33053438660731        52.995479661437003        113.85034950206335     
  -115.50934223128681        45.906681316076799        116.45056273927578     
  -108.75021758733185        37.066622639019215        113.77906703114340     
  -105.88801123820221        32.639589495334576        110.77443923643018     
  -107.19667539344513        23.520338036059641        113.76028429391005     
  -108.05858480199345        13.661113493854430        117.31720734579721     
  -111.89284531555830        4.8597866736947850        125.05109953827443     
  -111.88136574908235       -3.1148956544362534        131.84074036838240     
  -111.36724649213332       -6.4671013221736757        141.92004088689379     
  -113.72317058488873       -3.1131096140548067        151.06099424378911     
  -118.35556085982398        1.7463841467592545        152.50816200495254     
  -122.98305488516384        7.5016750050613581        157.72972539159400     
  -116.34002092571409        12.091734593084723        162.38434727451340     
  -107.02110527404518        16.889618387535251        166.31350620830455     
  -104.18932873600767        21.544619596954135        174.39166490623481     
  -102.38268065993940        21.899794372541763        185.80166290455185     
  -95.015365666917134        23.980384049744757        191.49592524629372     
  -88.547830364072894        26.105864989424944        198.73801976043120     
  -83.937069359715935        31.668053585245730        203.74300478981840     
  -89.038569494616596        39.680162748410623        202.92133697691185     
  -95.178448326766798        44.974289852831873        197.42093307295085     
  -94.174310259511742        51.327517641517375        189.26482272807007     
  -98.374868308007350        52.597245124311200        179.01271712870522     
  -102.99164034971423        48.431830088105528        171.95228293854680     
  -108.09728059144831        44.361446336500507        166.55463490525102     
  -114.20963353268731        42.660878163252647        158.77232718838064     
  -124.10337052337485        41.244006892777435        153.46018417380108     
  -129.09746225727247        36.907386608147306        152.34901588457967     
  -133.02814073063053        27.174382940759941        153.48368787839252     
  -134.66863992577626        22.489799063778321        158.39902668834389     
  -135.65148632521078        14.905759346250065        164.22854388468119     
  -133.15697883847443        12.207872355303493        171.74128702621843     
  -128.76379356613188        6.3208304747960256        177.73493688698483     
  -124.67891678084791       -1.0820102332589556        180.52794273360735     
  -121.49053895141364       -7.8134665993870129        182.90110183622431     
  -115.78405048556714       -14.226002460413042        184.57553432412732     
  -113.21979095088143       -24.506688638070955        179.57354440481612     
  -109.18290867312270       -30.773631722703328        171.86094229025730     
  -104.72194521092516       -31.668803224581538        163.28159779318315     
  -100.56381477946601       -36.258641591671164        156.38702084537167     
  -95.009430783867643       -40.834958366153650        149.35796438080442     
  -94.171222023706633       -46.857508646383636        140.22452330483193     
  -97.239379604207315       -54.430362569289684        134.36246048692547     
  -99.214939768338397       -57.018107059503031        127.26094406126556     
  -98.283406399093849       -59.965327101454058        120.38836561950681     
  -90.923193539068180       -67.397316520134169        117.67387329622953     
  -79.403773034344312       -68.551320406799462        115.76686861402754     
  -73.179029575192203       -64.302666086189902        107.85451770319234     
  -73.588713539757109       -65.061134091332633        98.584698739019430     
  -72.752468118863831       -68.386707444538132        89.679752614944604     
  -71.361094450713992       -70.123628264572261        81.594513521567308     
  -69.814068172679441       -72.323559661417789        73.308980600512754     
  -66.145821500995538       -76.493226169304748        66.945485937535182     
  -60.317104671599687       -79.949457978434083        60.656316217391655     
  -55.777932411509973       -78.065814268170868        56.855186554790556     
  -43.739933100699339       -78.827241057721196        55.154868100202144     
  -35.688480650690273       -77.737388041888806        49.938626199194580     
  -28.317155500163981       -80.906817287426108        45.717535082359483     
  -19.285456316902899       -84.542429833165500        44.587941213836466     
  -11.273884504154863       -92.489241651761787        40.193020254292861     
  -8.9604407799281631       -97.263749584998209        44.502475266488872     
  -6.9408908197404999       -106.26957625153878        49.627232251684596     
  -2.8637847394099163       -107.18778715359350        59.214996481306585     
   3.7904936342063245       -107.19666682622120        66.038737566187692     
   10.655624412291488       -106.64407341814450        69.509707451835013     
   18.579660206586297       -103.90482278643033        75.514708437179479     
   20.873963306383679       -96.522209875274768        77.109221235261060     
   23.150171092833943       -92.317762981565309        85.127510196616143     
   26.495824435064563       -81.389639026033478        89.745931025852215     
   30.754468189568968       -70.669043977966183        92.735456084095702     
   35.089254983449656       -63.943238183552850        95.950302559427683     
   37.558431353797801       -58.833736618599502        100.66219621912884     
   37.961433268257231       -49.852998627871493        105.07524481323532     
   44.354289910238656       -46.298330169743124        106.63453457588493     
   53.234299749596062       -47.776746981446905        105.22112226762732     
   60.432429449208485       -49.519804046116064        101.24448131602429     
   61.185043350341083       -58.293905765436094        91.887488996308903     
   63.517481045226162       -66.372258972754054        91.551459865978728     
   60.766655064576469       -74.431350313769030        93.534773931166598     
   60.108851352500871       -85.457188531803908        90.476533392037865     
   54.220322225337931       -91.351369042522236        85.133641254477467     
   51.266008198511329       -94.527788930333728        77.032856853208600     
   47.826425844614647       -103.36997652901006        70.316417001325064     
   42.763210675891479       -112.93064528836460        66.118826237119592     
   33.976374490649256       -117.78143872586355        66.013812098916077     
   23.876443022442736       -114.55999553450170        69.782938798719698     
   14.473624017367467       -113.79555318410118        68.229847722392250     
   6.1849208259454098       -116.34541079038264        68.644791447443936     
  -3.4224204222959442       -118.23709864992109        69.076281087430104     
  -13.230527661549640       -115.79525095225166        71.725121630628351     
  -23.377251904624231       -112.06004445787228        73.671946368986553     
  -34.012215058846216       -108.54950976463195        79.119836223006288     
  -42.387024531624249       -109.66488959903685        81.888820952393431     
  -49.158975145359975       -110.39262520888970        81.970947318154373     
  -57.773511612101117       -115.20263294251768        81.432881319159165     
  -66.550191259626317       -117.19396665813471        73.807447587537936     
  -69.146456334157122       -119.23853261208107        65.305599281271355     
  -75.070006763298963       -125.38329724826927        59.582017965259006     
  -83.577680775530339       -126.83824689030921        54.277256386148288     
  -90.994036624469402       -127.42350614288272        50.533205204992981     
  -101.06579513305395       -128.85442652222085        48.919234979623191     
  -107.86098933197376       -121.20174842945613        48.355180743306434     
  -113.46295562852386       -112.08604049868427        52.926818787163285     
  -116.38252431651736       -101.62389663604324        57.952547307254932     
  -122.33409450567035       -94.115427111542857        57.789855564420890     
  -125.39782391787323       -88.204123636920897        61.440090675427989     
  -124.70971099818614       -78.355833090307669        63.046801315941828     
  -127.56881096669802       -71.499699476575671        65.214472258618187     
  -134.27495652469452       -66.532791360467513        64.549480778620961     
  -139.12993643358880       -64.688180508802418        59.423286219854546     
  -143.22881064703793       -63.330290606979013        50.540312722954283     
  -145.04024442735161       -61.868629109622184        39.887889924818509     
  -148.75153224622852       -61.139002351172408        30.337952704003346     
  -155.56225095051067       -63.707751260571676        20.725418203059711     
  -159.30840742233249       -66.615685840802598        12.958405664597738     
  -167.81807276099693       -70.618477824500516        7.6716707724250375     
  -175.74502923154236       -76.477440210852350        2.8870332084464589     
  -181.67501813225664       -83.806075733768139       -9.4879348233346761E-002
  -186.30403367833730       -91.588562871397045       0.43430042475151875     
  -186.52379478016420       -99.091356334528186       -3.3046477687550655     
