   8.5310073893919522        1.2404172642549440        5.9035523409335724     
   3.5298611588186048       -3.8821677742207896        11.848982857437079     
   4.3384720673360704       -12.185600786323903        17.584104677180505     
   6.4907794532553993       -9.0492136646324184        26.549818742147181     
   10.765939590968543       -2.8608179855482945        33.460426712822027     
   14.327553096832830        7.1086371063638865        33.565909443215617     
   12.388828117479399        17.407043156071552        33.414998157647915     
   9.5763026188208826        24.999566865908378        30.779063158023916     
   1.9350191031504949        30.810637921247974        32.380366329274807     
  -5.3624319193901542        38.406406141930987        34.272272561372404     
  -5.5627126439378429        47.442021737462952        37.028802929794495     
  -6.4944026361234961        54.040917724199900        36.311809507697831     
  -6.7469179363131317        64.038650315903439        33.212940512023351     
  -7.7885599704581310        65.819987886432557        24.691039206973073     
  -12.484841431908031        66.881811524848629        16.226531533365687     
  -23.650494544792370        68.110835964234610        12.604210285200338     
  -32.462515331971638        64.561652901004734        13.086799335977787     
  -41.791059876253613        67.651124884572440        10.251581970069992     
  -47.835607458562045        72.011072439225586        9.6235835685213260     
  -54.772156239003770        76.516183651698512        6.8802683815530941     
  -61.535612130242910        76.855208561196989      -0.57844706547518854     
  -67.152769177306766        76.667012048759588       -9.5428705341848286     
  -66.963079843935034        71.654580203207203       -16.838246431560776     
  -68.721355972750487        65.325619686710823       -24.103711495434595     
  -75.579173933209304        58.176141747757995       -28.327625854369330     
  -82.059223691614761        53.676765186286971       -31.919695720104414     
  -87.521541319100038        46.328608340158070       -33.855007810481140     
  -92.005050719887009        36.783625471468156       -32.265449424002441     
  -87.372664621116400        29.359648728198920       -29.635310772247578     
  -82.330117190430855        25.699305094349796       -30.487606825698663     
  -80.082956600998344        18.049458451061128       -24.820024395009568     
  -75.346086649237222        14.037534186379276       -18.272533924375182     
  -66.440980028558030        9.7271426729920165       -15.852916088875872     
  -56.516488685257841        6.5714143241803242       -14.194543860112560     
  -46.374561428560348        2.8997141073597277       -13.564144604808746     
  -41.051778741199996        1.2940256842638576       -10.710364322510486     
  -37.173364939472137       0.10332118638478960       -2.7482449885317806     
  -34.067088027585982       0.45743085156772167        5.7745097234789000     
  -23.891525822502022        3.6780244301961318        8.7289131607085437     
  -16.010385810394958        11.209424588598324        11.670779450507666     
  -6.7584502502808874        8.3783866391083848        14.546106367223729     
   3.9049528627305250        5.3828975710691793        14.662230673566228     
   11.172723496123780       0.89211673722400064        9.9970979032254945     
   11.520064602929509      -0.75875839684394464       0.74290548536953338     
   10.898648091721377       -1.0788098608699954       -7.7202663190841463     
   9.2924899413732689      -0.24506897580184273       -18.228554916680423     
   13.855782417456396        3.9345517511902983       -23.775154174593638     
   20.819598458752225        10.144298160057048       -23.729576920622264     
   29.639609613207668        11.623270980815732       -26.621255445102577     
   37.833663796565716        14.041441102943281       -26.905172406332497     
   46.595353994145171        15.221346320541045       -29.114298379910394     
   55.388188909254424        19.526531186462165       -33.269043921530624     
   57.664815463544699        27.691479637400306       -38.967955920511486     
   54.531716810146293        38.998345632712699       -38.648032016832701     
   48.849165666522097        49.375876760918530       -37.838811004265210     
   43.591838997947391        57.632100116970392       -37.398708557732562     
   40.906667733617567        65.927890561098437       -34.947726233543335     
   37.040827716359800        73.732954024438200       -31.485093120313252     
   32.294581778746434        82.718569760553208       -28.700330190760042     
   25.543835543631630        85.805377559328278       -22.551632159857604     
   27.042548649259146        88.539732065917420       -14.476192099141656     
   24.275784304827724        90.191180439312646       -6.1134870402563593     
   21.009644029492577        96.757119286257790       -6.3341226602203733     
   15.766764115096308        105.28731410240010       -5.0095623586481679     
   10.654833804857176        111.97232858785144       -6.3758363734522732     
   4.4284495068123206        116.54046433796171       -5.8881332080803190     
  -2.4456965435107278        123.00729146255642       -3.2650260808023290     
  -7.5137179592890533        130.89693726488369       -2.9423379224364794     
  -3.7804201948312937        140.04214293338799      -0.62722706015756557     
  -6.2721261153418908        151.14931500599633        1.2475039098497973     
  -10.279886039409632        158.14442882146344        6.5905250743923034     
  -10.647500519738273        161.03951511207913        12.231540681921274     
  -10.232712253807122        167.07661517742838        21.527527451531796     
  -9.9253383895547245        174.45314620909187        25.923382604400274     
  -11.128928374304003        181.50710606602206        29.688921183930063     
  -13.564472181182808        186.36402552939958        37.442974445703783     
  -16.440071051378879        194.48861442730623        43.478525264313134     
  -23.857531026323823        201.75996554603071        48.142089001624470     
  -30.501853993738461        207.86493158373284        49.995870804380161     
  -37.841251803635267        212.70685417052334        54.432344301910177     
  -45.292083746419614        212.64820454603148        59.017792945263466     
  -52.324248222061300        207.12667253662295        64.450931630922355     
  -54.628458432124340        197.34263215668389        65.434745067502263     
  -51.230394453717473        188.52672239595211        64.171377126074901     
  -57.027277919152688        181.51903999975517        65.329720376163266     
  -65.564671864883991        176.99149012926685        63.115437266380297     
  -77.182160062380589        174.92884253971755        60.133846553029457     
  -86.875943370603693        173.73386128092085        60.193797565293323     
  -96.413130273702450        175.73082982390866        56.501513910398444     
  -103.22638761804554        183.19479028520647        49.011711551926510     
  -102.32707743749499        186.91164621020098        43.104094234213960     
  -99.948769215904676        193.88631411463859        36.295628868732592     
  -105.56432993960827        201.92493859951048        38.797552193276772     
  -114.75795943350293        206.69491195342593        43.888013200794092     
  -122.48046550569967        211.48170777052638        42.222047932470502     
  -131.71950082681957        215.59811002742015        33.316193160568332     
  -139.53974623047122        212.89878479979288        33.696844267641438     
  -148.07519471685077        207.80418435185678        33.591908114203648     
  -151.84468545658729        203.25202921260501        39.218577934087136     
  -146.66106993262969        202.89682803735479        47.363165852872498     
  -138.45497718322815        199.24481159354866        50.530404621536434     
  -130.81028159371198        193.31389022151421        49.032642096265249     
  -120.65886711789686        188.79699374824179        46.173526904430389     
  -115.78968092867436        188.59791581048415        35.410310940193312     
  -113.35597527267417        186.00610311013210        26.606860016653116     
  -111.08642962787064        180.41755293521891        20.233677285518411     
  -103.91179343944438        180.03276108108105        14.028196072381206     
  -96.984213096327593        180.61354219824381        7.5719478026845195     
  -86.650484741819739        184.31684632641804        4.5184178138684956     
  -81.199686949039673        185.78547891760479        10.984024905386320     
  -74.929062191826759        184.94433454587136        15.220029315733768     
  -66.560896904939682        185.00120655765204        19.456227026479439     
  -57.568361662885081        189.83246008301930        19.884807570555324     
  -46.318283205892641        189.20317479723263        20.163788344530928     
  -39.686374988568133        191.08222833791257        17.529604058159407     
  -30.958688196410463        191.13661230133391        19.150343879967068     
  -23.650836132895961        187.15089507041984        24.378209250404154     
  -15.998012905948656        181.63886898359291        23.109987856723592     
  -12.911564907266722        171.65054421307144        21.397898983380060     
  -7.7489640180101702        164.16704401341201        18.108033136666393     
  -3.3098279585138073        154.35101887086611        20.083722079023858     
  -1.5191216880194531        144.73194398947152        25.489745856291222     
  -5.9711256934540273        141.78338157252443        32.493423147883902     
  -11.439427754338226        139.50642735717554        36.826420999186496     
  -15.877039734790699        137.63018498571984        39.344231459821287     
  -24.380472770393222        136.35507917858126        42.952374257188808     
  -34.580673611893516        132.70268731962884        42.142764677909554     
  -43.067965584886217        123.92897995139194        43.611864022724887     
  -47.032025266090983        121.33638245086135        36.954815893669206     
  -52.443881069958501        120.69502236252454        28.914991661584793     
  -54.495725401371445        114.71679471124969        22.813421711136243     
  -58.988841841384513        109.27510287213821        21.002427366722486     
  -67.334860234127660        105.35612108800069        16.025800272127412     
  -70.887007056496557        98.412468068013226        13.115817002854442     
  -74.431571762693409        94.115170825363094        14.282136794448604     
  -81.893601738852865        86.945876827185828        8.8067403733807055     
  -89.001430742375675        83.609408205062849        3.0269999433559747     
  -95.419839207057692        84.991083631224171       -3.0884027924520865     
  -98.420488730219233        92.504540000823127       -6.2523169734706130     
  -107.37448857483942        100.03088655310786       -11.387364987001320     
  -110.80342812900065        101.91862074906717       -20.814193245346075     
  -109.58039543803129        107.30487227004600       -30.471532486179285     
  -109.58665385978280        114.92565105607039       -33.433396751222745     
  -112.73327813407261        125.34709322834793       -33.662239991837168     
  -118.12282662678095        134.35623072430596       -33.563421441756304     
  -118.73319979496186        142.86953387143674       -28.723861378083939     
  -118.26012329046915        150.99769924869943       -24.896242062014494     
  -118.16341178269190        160.40879967000728       -21.079953351174822     
  -116.04976727634065        169.22678847681709       -15.223827830921323     
  -108.65474428320455        177.09628955699839       -11.650863430274455     
  -101.08393032376384        182.39674868525131       -8.7069849649645903     
  -96.626146221437779        185.29461154245399       -10.511442523270603     
  -87.254866438307005        188.34262351826811       -7.5496203663494157     
  -85.075294692486352        196.13292773164972       -4.2929254982533962     
  -91.761269856186601        202.49994149190019       0.48309000091961707     
  -99.657920380773248        207.84319162323911        1.3660207831662774E-003
  -109.29778231408093        211.41252497010140       -5.9501006772654250     
  -113.57450777723220        215.02041811236813       -12.931438993653785     
  -116.92790854460017        217.37269600251662       -20.007364248078204     
  -119.23972394190349        226.17140441437255       -27.588459306335949     
  -119.11208974305607        228.92112622356746       -35.734454151807995     
  -116.87858771758383        230.55051012927970       -44.804853027340471     
  -110.47433272302388        237.03687213551223       -49.840518702899260     
  -101.45749394894409        243.64165263683569       -50.606268899224517     
  -93.197839780370344        246.20085222691128       -53.845784704487812     
  -85.423371157252262        252.02246019686137       -55.637102696285694     
  -75.726637429724931        256.01947075037674       -59.046696651350146     
  -69.343680495210094        258.22313253652055       -62.508898460817932     
  -63.712401948832863        262.46822414918392       -66.534080832388327     
  -58.805973299393436        270.14791875870486       -66.095138118010198     
  -54.419026240782948        280.68192840159014       -68.890904725238897     
  -48.550778903917859        289.03831982433724       -74.619091714942215     
  -41.416150316004448        293.22398178648427       -80.696825111062992     
  -36.019629907207694        295.05664128316619       -87.014854495468740     
  -28.664906408533696        299.64603845300559       -96.274942449680566     
  -21.795126692853415        305.14039274475851       -105.46208421563261     
  -19.132095918497484        304.29823073701766       -113.77224604019528     
  -21.888272444688788        307.59522935914231       -123.47640749926529     
  -23.634317073978572        312.66522287544893       -129.54639903983286     
  -22.900593379117893        318.33312201299793       -135.80325675878214     
  -24.376016706896202        325.29406769933757       -144.24453411272964     
  -21.745824689926508        330.87717135936862       -151.27628594281452     
  -21.564933815971223        340.64418237257689       -155.72798765993593     
  -23.345747513489933        351.56322524967027       -153.36401909503877     
  -30.472003577996489        358.90674059734800       -155.40931005978143     
  -37.496085874373712        362.29816187700249       -155.25491409050130     
  -43.702478516562657        366.79631874757013       -160.70191421930735     
  -48.116330449054956        369.58287665470260       -167.96787752102455     
  -53.624623827946088        373.26244228975577       -175.79385208986287     
  -58.927275278383540        370.32916481263953       -182.33640584144530     
  -65.550471378902586        365.87011750009225       -187.01256894709229     
  -71.715182144452172        368.45626714372952       -195.31528682862540     
  -77.591135872101674        367.08685183190664       -204.09532929643012     
  -78.914932367035405        360.02000603190311       -212.02201953754229     
  -77.081829924311478        353.84769224008346       -217.34355152120179     
  -77.015101005834268        345.25200063280704       -223.13455484751387     
  -77.309164594175002        335.83549718217506       -227.42197366099015     
  -84.170099427272930        328.74174980379928       -228.05676417757638     
  -88.282292239901594        321.61413410641478       -229.16887259685916     
  -96.956090785989375        316.51955539640034       -228.90650858483264     
