   8.1704151747807714        1.4897127402805950        8.1236797395818741     
   10.144813724582605        6.9639615109726947        13.591283181581389     
   12.807917232648776        15.413159123967347        14.507186548590553     
   11.397168758939188        24.051310984850687        10.235711261575801     
   9.3812774917650756        29.333703456760105        4.8200906707082254     
   5.3892864111514598        32.077757564648550       -3.5210488407677545     
  -1.3508325322956409        28.870526089653055       -10.532392824147557     
  -4.8769932688425683        25.389531177345589       -17.837947408729811     
  -9.7492304601538251        21.569178206378496       -21.923956541098711     
  -17.137915444128879        17.075181704136867       -27.677562091325512     
  -23.130411473509156        15.888661929357198       -32.693873184710860     
  -26.993646926742471        15.028691212897826       -37.830682086264979     
  -33.190516558956006        10.980389169826765       -44.408052122941541     
  -34.772749296581324        2.8828241263836958       -45.568606541944987     
  -38.844539823119163       -5.1313110727184608       -41.164769447683284     
  -48.183328805153394       -8.5058797378085558       -34.778254307626838     
  -55.171623246958163       -9.7068193689871691       -31.470327200889201     
  -65.261024520694178       -13.735487496901328       -32.814608749146153     
  -71.758519365677856       -19.301829615977852       -31.185362800207180     
  -79.245936751646227       -18.111023413204691       -26.039181228884438     
  -87.602880811689658       -18.567952763057207       -18.679512229997144     
  -90.096576741070834       -22.386276287383509       -10.707017011132152     
  -85.985820268039248       -24.205950566329506       -4.3684769664776582     
  -82.949416469420470       -26.336039528374954        4.5694172128487480     
  -85.928266366442259       -26.322495993595226        14.723178772519205     
  -93.177820016804446       -29.129210040189804        20.892257980543931     
  -99.362396997824973       -24.789535087282246        23.659274225731622     
  -102.23282671703484       -15.996925801267366        28.049521322391982     
  -98.390765413766900       -8.2344548128235431        27.036130039206697     
  -93.259891252953139       -3.4589648259173202        25.274722658190541     
  -92.776335702595773        5.5339954987445310        20.055789031951647     
  -93.970491613679158        10.412280480914404        13.286957074624240     
  -91.019764403938282        16.818110989378994        5.4501323570688811     
  -88.220013345291107        20.639670192032384       -3.9711959757134707     
  -87.231995693337282        23.869303382459293       -11.510605712795638     
  -86.535124341003424        28.310786868797493       -17.949731040979955     
  -89.255005601571099        37.867721446787300       -22.947137962462456     
  -94.581532839941545        45.174780480010554       -24.514026052554136     
  -103.65689566416015        46.007697767096346       -24.945103780472692     
  -112.18242256701097        41.922712890490772       -23.628958420506514     
  -121.45394074245888        42.131401183340756       -26.746384701995822     
  -131.11597658353972        41.749363503029969       -29.481658330196240     
  -138.39183546497384        45.672873328703417       -33.763093279561467     
  -145.20092817795370        44.036479358468739       -40.838931247231685     
  -152.32090112087067        42.241949616088363       -44.781198552630734     
  -162.90368378806659        42.623172835295691       -51.112072289915545     
  -173.04083285642690        41.245193348196608       -48.759228747842783     
  -180.34965725535625        39.522080700187217       -43.330007777346822     
  -189.02950812262318        40.862361755662789       -41.394619786653010     
  -196.82543890898742        42.225273433822260       -38.596793008516350     
  -205.74017826618686        45.023076303977611       -35.885180448165329     
  -217.62639193116937        46.259645476497788       -35.522858457563387     
  -224.09191955576679        36.848464813957186       -35.864008738530231     
  -225.21233037476853        26.332739122097998       -30.630068426364403     
  -225.02488290588067        14.926789430003543       -28.027244426886909     
  -221.96145087404014        5.4117223364748437       -26.681715454949597     
  -221.43596467678091       -3.2722773661950502       -23.732920385518234     
  -219.58549724314275       -12.382855009274317       -20.819427983613558     
  -216.18858540454539       -23.323075937101031       -19.724854562665946     
  -215.62825776510036       -33.589460551165452       -17.421601998157733     
  -212.05590247337770       -32.840031977421027       -8.0915724001760143     
  -205.87274624676061       -31.457378899739957       -1.2278611171163487     
  -208.95125750417819       -34.205742653157948        3.5930271605663568     
  -214.94759823320524       -38.078637010729103        12.463647394640288     
  -218.84858354640031       -41.604053016045746        19.695354655327648     
  -217.33618032521750       -45.412725832377397        25.856760966294885     
  -212.46560249916584       -49.558111921274097        34.531568000094779     
  -210.17859515468155       -52.585949135497494        42.567719709232975     
  -203.40671760296240       -47.768645126383340        47.737150348365176     
  -196.69301972508248       -49.013202123596123        56.961813959759141     
  -187.88470525148071       -54.489975415105881        62.439039654521395     
  -182.15843407786079       -57.246800853879712        64.727152077908542     
  -173.08400200241664       -61.012556576423115        66.714923742704869     
  -167.80818473022327       -62.878995823470767        69.791775512969494     
  -161.78834099541612       -65.478297056182967        72.558286211328451     
  -156.52452312203900       -71.977318515248257        70.242391649593728     
  -150.49369531224411       -78.025424882765506        68.994635178588410     
  -146.99980980343409       -88.036847776980565        66.269421394194069     
  -146.45474997834000       -97.406307528161761        65.277093227226288     
  -143.06045802217545       -105.96541147486408        61.782269427871583     
  -144.52649258138956       -111.61615024727926        54.319904793993814     
  -144.03184377689465       -113.00766335221823        43.981059832966579     
  -149.12067249408989       -108.85959711806294        34.827928821627538     
  -156.45027471606957       -104.20933728623274        31.259579620143569     
  -157.84933563933720       -101.80887930404575        23.659789164133429     
  -160.99302121772905       -106.97076976593181        17.363917511236465     
  -164.30583219825687       -116.65812754933071        10.656555216200713     
  -165.64431170151687       -127.81610160548217        6.6872330089115612     
  -170.88744763499335       -136.60866185087087        8.7908928451701609     
  -174.84155076195611       -144.09749871719612        18.625650738488929     
  -176.61197615988760       -144.99164096994866        26.619551188499031     
  -173.62649698415345       -148.35385917223775        34.598836939661382     
  -166.04575525365919       -154.16796556503070        33.164496382981227     
  -158.01122324142176       -159.15345212372154        27.745258323725167     
  -155.31837411215332       -168.42172368751508        25.902550082781516     
  -158.55563055566793       -179.86044481420080        29.265188356770537     
  -158.02904532685903       -186.32511627139937        25.447991538636714     
  -161.49517338952504       -193.23330915130927        16.468918935986579     
  -164.54062811748278       -192.36236094969749        9.1612775396661998     
  -166.63634120913818       -183.36139020179712        1.8342804377871136     
  -173.09802244967432       -174.59043572533369       0.51617000719039552     
  -175.50540756110243       -165.53416087294582        3.5097650592267291     
  -183.38853185207188       -159.13542500255645        8.2756188508879500     
  -194.06654593720336       -155.14102793416728        9.6601441292077350     
  -203.45800261118796       -151.43541150590806        9.0750541310650998     
  -210.21872664380260       -144.52169052492746        7.5191971700279074     
  -215.15748157275104       -139.55657945863103        9.9869511263464101     
  -221.67164377273093       -134.85288867466755        9.3428697699573018     
  -230.99571171935730       -132.80916431001185        6.2280183627753294     
  -237.38862182625994       -139.92457790694073        9.3265736897032223     
  -246.24761896055153       -144.88825811113529        10.975924861595002     
  -252.32482966480833       -150.52284451042641        8.0031012410988449     
  -251.73012141253108       -159.42241152241570        1.7158794491951983     
  -255.73022473993041       -167.71966869565537       -6.8394270530019705     
  -260.26044429257325       -173.58763238408130       -11.876609335254097     
  -266.47704454471221       -179.17794520819774       -16.961414560545307     
  -268.40043918539362       -185.35332675897149       -23.806762464158268     
  -271.40549471547496       -189.69211967321252       -31.430647146169978     
  -278.74061216175272       -191.29102791808677       -37.832034494761039     
  -282.70178610863644       -192.08936250265094       -45.299676464597567     
  -291.08985190712968       -197.81168372532693       -49.907523016520763     
  -299.13349104461480       -196.04462445678899       -57.181754851982653     
  -308.56362298635059       -194.90894075052012       -58.315489389260492     
  -315.91281013612178       -192.84422127150759       -62.351441102065856     
  -322.41274915289972       -191.33065704806495       -64.909494319347715     
  -332.15558365061219       -193.99001655428464       -67.996205974363590     
  -342.94331429128982       -192.91914609311590       -66.777824388313960     
  -352.72587348420683       -190.08908339636429       -67.838066178596563     
  -355.88499597488163       -181.84300546229863       -66.999764567292544     
  -360.21299449139070       -172.48460667929305       -70.263620725449584     
  -358.98713894054339       -165.25611445671797       -72.636166183827868     
  -354.24681595871135       -159.08320292348517       -77.370399949399683     
  -347.58737876029971       -152.87310485322493       -80.374492946877794     
  -339.30877566924704       -149.63299335601573       -85.582284696745702     
  -337.18689353610904       -147.72999789994893       -90.956045884767107     
  -332.93928422133769       -138.60759895981195       -96.911640540220972     
  -329.44881405555140       -129.85850724449358       -102.04437636168491     
  -322.12210175221031       -123.09294812395132       -102.93243855884729     
  -318.97155543759231       -115.51452728512498       -103.57449814684757     
  -313.34081821308348       -108.02866002310660       -110.29854107713551     
  -309.64495745717267       -105.63529734251711       -117.49352558734850     
  -305.86986461219311       -99.402183955920918       -125.28702281574647     
  -303.83791499889134       -94.513780592888978       -130.74919190429230     
  -307.18740280062303       -88.326626962308225       -136.66317939110078     
  -315.04477384820825       -81.485844573802382       -136.74167632056481     
  -321.79440396324077       -77.032123009820694       -134.18814543735371     
  -327.86410687832182       -67.691447085970609       -134.15876697225093     
  -331.32504781961717       -61.000869848143964       -127.63157647068938     
  -335.58533015298514       -60.389460267081745       -117.62294987365752     
  -337.68071598977139       -56.154177404418022       -109.56639758365837     
  -335.66695036156375       -55.318106129001805       -99.338523289025119     
  -338.08738797986433       -53.323462574984738       -90.965867265514234     
  -340.62546908410110       -53.533515354455041       -81.262609407492519     
  -344.52027044746330       -56.074784434869841       -75.382101155976741     
  -348.84166177170874       -60.587742542521980       -66.403292037843144     
  -355.63109630967676       -62.631846970864480       -59.098812325646868     
  -362.24754519828815       -66.450381769261440       -49.936526140307144     
  -366.52560584824136       -62.674910531195316       -40.548752465634763     
  -370.32760039171626       -60.009067451356692       -33.554973537223816     
  -378.38068311841192       -57.013524597967240       -26.874349244022259     
  -388.09204782592440       -57.000643487326975       -26.476623446630921     
  -397.58560903270404       -53.393780241876300       -33.172554223315487     
  -405.64270587493121       -46.897307128225563       -36.589865753933239     
  -412.26271502525725       -41.716091858401469       -43.037680521159828     
  -420.67753393256413       -40.450760587018053       -49.709142659006240     
  -425.67604898450270       -46.972493119186417       -56.369018789023627     
  -430.87706737725614       -52.731736546517062       -62.557258574276794     
  -435.28928750984784       -58.878161259462317       -68.597784290391459     
  -437.96855346291312       -65.043541476852369       -73.552944534154307     
  -444.32714490755518       -71.128481941995148       -77.729321773258818     
  -450.93539747539086       -78.216281937291200       -82.857248593384639     
  -453.12254672888264       -85.372327998435765       -90.027629684180170     
  -451.60021707988528       -90.801422655515907       -100.08567824351903     
  -450.56015791056245       -96.420706964941004       -105.23887890451856     
  -444.28248087614867       -101.63768172190136       -112.06968263241914     
  -434.57822587412812       -101.70377629556175       -119.48014419190326     
  -427.31982192117908       -101.37200041487807       -121.24348442558541     
  -418.37376231976185       -93.525395409441700       -119.14348700456351     
  -414.40249405624161       -93.000652153464898       -111.54647154638187     
  -411.88609707802345       -97.181021374257469       -105.05129337803727     
  -409.03871706725715       -101.30071005165220       -97.677244777421194     
  -404.63089366037940       -104.43353122082416       -92.360098549927827     
  -401.16423061369710       -103.37265702063549       -81.454769854734039     
  -394.51915110513056       -104.96578113171820       -71.596891145535565     
  -391.14906474788461       -103.42407426924889       -61.594470819180948     
  -390.90363724372082       -99.083467402093035       -52.720539602911131     
  -385.95824191041447       -97.607180459649214       -45.017455297721582     
  -378.90226735663640       -95.245107236548719       -37.255935145841477     
  -369.92461944580640       -87.537252414300298       -33.363486147262783     
  -366.34565537681891       -80.208660487815408       -30.080667078255487     
  -368.49992015211194       -74.996787933639354       -23.328622793413345     
  -373.63390300934464       -71.426677848895068       -16.387953059581417     
  -377.49335993539847       -69.283332696540398       -7.6313096302704979     
  -377.42721617838248       -66.202884508604484        1.8092717180984974     
  -374.21617398023011       -67.504696234623481        10.835332503340908     
  -370.14238998135698       -67.750975911670935        20.729144164881564     
  -368.56808552299498       -64.958405901844202        26.429781400696395     
  -364.94591265459411       -57.082614869072763        28.848733758204951     
  -361.98255423915498       -50.198514543648891        31.208606815685247     
  -359.62268164907681       -44.748174277678253        36.177532155223481     
