   7.8704040229222301        6.6916929564847933        6.5907201236718720     
   2.8834922922534503        1.7876023601117765        3.4954741621066887     
  -3.5716390308040076       -2.2444636935510474        2.6914174530463981     
  -11.481731978748059       -4.7422371200724740        4.6288784693231833     
  -19.078460040902854       -6.7887030813703362        5.9006644305318332     
  -27.489842285270512       -4.1743727951251799        6.8486088239652361     
  -33.317497897882689        2.4457599006276851        5.2118376508666415     
  -38.839238285049362        9.8758894258540764        8.5823885301429641     
  -44.882094973837525        13.167971263927754        10.441704202847234     
  -54.483485506526080        18.441524598697306        12.096941166521532     
  -63.362783052206169        21.849699387806631        14.948185732345365     
  -72.114984078088355        23.534272769410322        14.907541932315098     
  -82.370271226961478        27.648442656621143        16.141950704424488     
  -86.367175440263054        33.891222960418702        21.563864430199430     
  -89.705591561815794        43.885841880285355        20.518690827858251     
  -97.117989199401904        53.148695888272471        16.706425177042348     
  -104.14779957360088        57.883589908643827        14.257428152904822     
  -111.45242358957751        56.121563701461710        10.458551061899925     
  -117.87840803426414        56.550020132716313        7.1377535993635206     
  -121.19337364039265        58.579382371835209      -0.57378435300734054     
  -126.34630804539640        58.023012344320975       -10.640308234480926     
  -128.06367750385203        62.487774959189423       -18.523515952669072     
  -127.59882165588976        68.406854974865809       -23.616663471718709     
  -128.04778381267337        74.517573984580324       -29.241330823457190     
  -128.74977995571669        74.147632746619138       -39.437425967049933     
  -132.46473836723285        71.994662275436227       -49.562682429384665     
  -131.26689446382241        69.487503089120906       -57.339081082861924     
  -126.28609486038613        70.123038483952982       -66.219446691696334     
  -116.57470165444309        69.590341376348050       -68.138293206637996     
  -111.41308309638003        74.539161485980514       -63.805199611720639     
  -101.39545399692639        80.949546761940354       -61.987698896852550     
  -94.655134879650348        83.156701340594552       -56.862289750289307     
  -91.910320078674687        87.957507049485244       -49.694423805215337     
  -86.091556744006283        88.575549533385200       -40.796163203790456     
  -81.243478605838931        90.586010274036440       -35.626093554140397     
  -72.569252870164803        94.357681996288747       -32.122583114403000     
  -66.186902119226687        98.936997473662601       -26.227975150070591     
  -57.033118581506010        98.292564690483900       -26.113538462301904     
  -48.808205512708405        98.290822736448135       -20.321795399013297     
  -41.594371178669512        92.864659635528128       -16.745787231616447     
  -35.121604188125026        90.087079922362150       -9.8415072019539025     
  -27.661374899389823        87.870373601192526       -3.2985528708027809     
  -20.132559572332834        88.729266127221265        3.4158006633824973     
  -16.256123005349789        86.557148864678780        13.541898150050855     
  -14.932489768784558        79.910490636656007        18.279562253801373     
  -10.165751260443836        72.621683731119390        25.161859997459658     
  -6.9816165901360518        62.758416575567978        25.162246986479744     
  -10.348727259057393        53.293663829526494        21.754020648493338     
  -6.4562914837505572        45.284017661539266        17.839027865339943     
  -4.8673606714548567        39.872169637949014        12.607835744533304     
  -1.6849680884535967        32.671723733192408        8.2044822338304186     
   3.8314224000147781        23.206961638782822        1.6538505550884957     
   1.2871120879908962        16.272347618599170       -4.1738856068491552     
  -6.6749266839449559        8.3889078699852089       -6.7929548598442020     
  -15.651293652253438        3.6681824118331421       -5.7625295321306291     
  -20.845842853207369      -0.41324168626006635        1.7529433024293717     
  -27.766678818038667       -4.6578145493596228        7.4456922029243335     
  -35.129773311252229       -10.465189174318708        11.634096894710552     
  -43.985290670551983       -15.048141891046795        16.416355975143773     
  -53.104372570428772       -16.980201818689864        22.743691013801737     
  -54.108822028823333       -9.4167898619201598        29.347573320403342     
  -56.820169476619348       -4.5885485211785966        37.542410580661283     
  -64.752500718271449      -0.20759982256932258        38.164908682446054     
  -74.296705307609898        5.3648730625523040        40.344173037965987     
  -79.227959731747944        10.171790612775565        47.182135794483600     
  -81.150132475846419        11.141576336969008        55.201928220108087     
  -81.330602501182909        12.284820063045130        64.264052902039808     
  -78.735531473995366        10.854659642558280        74.426016482866075     
  -70.305762371509502        12.782072935071062        75.951605616618281     
  -61.010064527282502        11.976513277262439        82.798175589745298     
  -49.623307049840342        5.3050193600464279        83.896840946916825     
  -44.480489264642863       0.52911367842283719        83.590809547880326     
  -37.121875656997993       -5.6393310270016475        84.447363633322567     
  -29.236738782347214       -6.1922928845566023        89.387701989098161     
  -23.202945929784345       -11.601677003585936        93.324735403259410     
  -21.770411374389990       -18.683885197792808        94.317990421009981     
  -17.662575464827139       -25.349330333040744        97.363885907148870     
  -14.168229386028367       -31.785574736759550        93.109676613548231     
  -10.790151081023831       -38.978888585162586        87.397890652355230     
  -6.7327119252686556       -45.846878663880027        80.209442838249061     
  -2.4681449957863273       -46.243386387922499        71.060499397849668     
   1.0352565145304073       -45.431499318099114        61.905437475557832     
 -0.15237425152759937       -41.258131938221425        52.608675219084034     
  -4.8580382354003815       -34.765951413588780        44.455788894178994     
  -8.0950410120930432       -32.078612068515390        37.519384696392336     
  -12.720633749720031       -34.908746337722476        29.882595907327413     
  -18.501156222045704       -38.374872359734979        21.889394100071570     
  -23.231749578596858       -43.733388219409278        11.452914596088789     
  -27.433903963055339       -50.853806973666025        6.9325224123770672     
  -26.095353813500392       -62.035082540414322        5.4977510295562970     
  -23.323555512764184       -69.268761414888118        7.7681191432315861     
  -17.032222396295278       -75.426015303586510        6.4082881070847000     
  -10.337943601148618       -77.638376105463720       0.84725635693848678     
  -4.6973022545243124       -76.941809604876156       -4.4320612591119763     
 -0.24906308018979456       -79.101895284170567       -13.228611698261062     
   1.1110458059170203       -88.238368908082307       -20.169118689377768     
 -0.49230902684153460       -92.615821025526813       -28.368321978558612     
  -4.4330687589825812       -97.241427753252353       -36.301879613704330     
  -11.192359622086821       -98.055626784450737       -41.012063746248884     
  -17.073278065297838       -90.781886546835878       -45.160287036181785     
  -21.396098426466093       -81.232659758061814       -42.351018830489721     
  -21.417005757963235       -73.019022115345578       -36.669324494233535     
  -18.241897328682736       -67.952867301344597       -27.390296805315330     
  -11.626060686525273       -59.628263051743772       -21.180662866871586     
  -10.529030521530638       -53.622357519875067       -15.955939020484408     
  -13.822421046431652       -47.646338835536966       -11.454665235797876     
  -22.487486522541484       -47.666105464204243       -7.8325025682441956     
  -27.454625963862608       -55.369988944978481       -3.3126354807511413     
  -33.102849433337958       -64.120984312395322      -0.72644378967564260     
  -43.100328273645395       -69.357138333000492        1.1232977243827797     
  -49.715121357307247       -74.017463315653501        3.6577253809444406     
  -57.522225789103963       -76.673591749826102        7.1575631510349629     
  -65.006324253530977       -74.392360868163451        13.230058520976598     
  -72.210366965157561       -73.022767943865020        23.403403262576546     
  -77.584410703583899       -73.260104725190970        32.159150968832279     
  -83.317342625702054       -72.490286980324726        40.113434072792529     
  -86.888304777200233       -68.452287603761761        45.756557901882672     
  -95.915013580073463       -73.676673417024503        45.057584380716122     
  -97.405704939376335       -81.908828990377231        41.760567347188214     
  -102.06364109516002       -88.746345150142957        40.413437721179037     
  -105.97624356875377       -99.247824000467673        39.495636902251164     
  -98.725222572200607       -107.98677110434978        37.823957109126553     
  -89.166254159370169       -111.38664714213898        34.346856846917092     
  -84.376870815971841       -116.38421586233294        33.530491524564127     
  -78.081004766145554       -123.70682949826802        32.387770740701370     
  -71.571235865654614       -122.86822499484143        23.920573608354516     
  -68.611334810606110       -126.42557310046097        16.418793347637944     
  -68.713917221592880       -134.42964100675999        8.3380224102166380     
  -62.915816522326615       -138.55543412283396        4.4630054438686377     
  -52.961829628002441       -139.69015437206244        1.8706565030534528     
  -46.169766006104105       -135.11886115431653       -4.8528063936203703     
  -42.224357600592576       -127.36353310758572       -7.6957121760074196     
  -37.539194335012660       -119.10213558828210       -11.350247498125157     
  -40.667727586089050       -109.08951731526868       -11.170863839894253     
  -41.751362203371649       -102.04182926790303       -11.244189792840217     
  -47.039812208945072       -95.596145802196659       -16.958521843993623     
  -50.078387339514073       -88.904385841565173       -24.704010980182090     
  -50.113551445736583       -81.536468663359031       -32.037523000606001     
  -46.561225532952697       -77.362199601361482       -40.117815498231437     
  -45.236974404501687       -74.156514794319065       -50.197328043379088     
  -48.655298802313091       -69.585235739481860       -59.224654563250652     
  -50.614781545481371       -58.128429892118881       -65.445726708187834     
  -52.641902985815527       -49.094458990486750       -66.750371024295532     
  -54.906925584732697       -38.870078357849486       -64.717849127190220     
  -52.066895330650418       -29.633458822354754       -61.862998371846459     
  -50.670976024874214       -22.344084486761034       -56.991296475613581     
  -49.761621002572404       -11.284261649654953       -53.225096466391733     
  -52.639755083701424       -3.7966137576334034       -46.004775779780687     
  -55.281183945934309        6.4359111994696985       -41.107273102369163     
  -55.435334004405625        15.651498784739088       -37.583680436243469     
  -48.875587826885770        25.363145048789960       -36.790872135478537     
  -40.722214525208521        29.457982868518059       -33.109216114264939     
  -31.414632314554918        28.554516642650398       -34.097764919747732     
  -19.571367881316601        29.350051487218664       -34.139438628634196     
  -10.832700638609694        23.467592029816849       -32.047758833192432     
  -3.6570339328105490        16.994295811169643       -31.963141053815889     
   1.1593908049932367        7.9858895679968427       -34.884462883186529     
   7.1349867167526213      -0.38173595982642183       -39.530948384074236     
   9.0416089453806876       -7.4802572931407667       -41.823364801109790     
   14.420617281972198       -16.092438981395397       -46.463385309640955     
   20.119259555282383       -19.093389441329258       -52.694978942505742     
   30.335536132674214       -16.959727211238928       -53.787741520004801     
   36.557269597785016       -12.894940572445066       -57.465920910297768     
   46.483578225759999       -14.530765443422624       -54.780731559396600     
   55.727745038095982       -12.873764451403638       -50.210494311613758     
   62.136293740080042       -13.292350428171083       -44.077293983559798     
   68.138162226392055       -12.887343073028838       -33.840948179994967     
   70.519986133529727       -11.964879555063305       -23.310156195549581     
   75.055812897242447       -14.165712164457837       -16.967496079062016     
   83.374848011476985       -12.045144758963310       -15.867716758676352     
   90.663260463256051       -10.605993150889894       -10.365743129155248     
   96.783672539814091       -15.198721669472320       -7.2807538963314471     
   102.11073771691071       -22.118862367072651       -1.5693715901485916     
   105.51681808016538       -27.229270263322526        4.1881577847532867     
   103.79350527558344       -36.750391250580776        8.4688262939459662     
   96.103958156801667       -42.525366106250260        7.0097892617990851     
   88.535292722402644       -45.044079230991073        8.1020534559247608     
   84.801954347498125       -51.205499977751955        2.9897413995304305     
   91.551948258042913       -51.649350194415106       -4.8117956837929796     
   100.23058345951448       -51.022610159716294       -6.1926289572161011     
   105.91403415159509       -48.883383361135557       -8.2200934867821047     
   114.33903841094784       -51.334114965010755       -9.3830826011472084     
   121.27552310559537       -53.396128857128410       -16.272919977664770     
   127.25330717357710       -50.526496268913007       -26.243437261674813     
   131.10939625466608       -50.323830860542230       -35.785592274768902     
   130.84912910567112       -54.344153062556188       -44.204475014939021     
   129.90622889236670       -50.418554373976136       -52.380128703837045     
   132.61073642390386       -49.504485541495534       -61.626637461662767     
   136.08940661672165       -55.351700477971676       -69.201187970885144     
   137.64056746079825       -58.743142103804644       -77.630644372589529     
   136.41159483448331       -61.362438562088286       -85.411892318936339     
   134.46770552715321       -64.966267990833288       -92.817575708565812     
   135.66041343040277       -71.551722151526405       -98.443128266175449     
   132.30189080274414       -77.660665722685465       -106.19327763350083     
   132.47915474903812       -79.356057547306577       -114.92438359949847     
   133.59622416532602       -79.632772831909364       -125.20491582001023     
   131.50747839464645       -79.172026871181416       -134.25251107222374     
   129.09423790505886       -81.879480855319770       -142.47301821025957     
   131.37788979667056       -88.654207562620627       -150.55983368147866     
   129.34920166921421       -94.764000185510298       -157.84404562554079     
