   8.9798335251740191        8.4911793807564067       0.27706161604700208     
   2.4015542221161077        15.054510797571643       -2.7841072230630508     
  -5.4676189349893196        15.992815148667898       -3.7872988748505798     
  -12.469995804476870        16.630551991382099       -5.2855691475226259     
  -18.708792827618279        18.950890913204937       -8.0715370025630442     
  -23.937497008639685        25.631239288981060       -10.237267997740393     
  -26.475964615195181        34.014349910762895       -10.400881524969186     
  -35.291732414663471        38.680254846519368       -9.9758361552330417     
  -42.911077512280912        37.599832843866849       -12.240324482400279     
  -53.290916854164124        38.161825115770611       -14.404637598987279     
  -63.937279307247501        37.810682799978764       -14.982838236692547     
  -74.251492652867938        33.500003517999360       -15.641170835293648     
  -78.665131258189191        21.817843796132465       -17.317010982195384     
  -79.546584024606688        13.928606359297184       -14.170243928093043     
  -86.536953037273335        9.2244543329504971       -8.4680333176642311     
  -97.404509085761021        6.5561256497094575       -4.0039204382426679     
  -104.63824081468707        2.8120864594263857       -1.1894505453752942     
  -113.58921891157088        1.1698340135990613       -2.2587108690605069     
  -121.12216609121978        1.4423936145914595       0.59220670432952716     
  -128.19932807341030        6.6316790216407746       0.84157893573107145     
  -136.45123734286659        9.3857165932561415       -3.7107820294763467     
  -144.56666144427669        13.710993604040514       -6.4095660950966264     
  -151.39307264228708        15.908461900500896       -8.8272227977543025     
  -159.55354117634008        16.126919375909473       -5.5506616631055570     
  -167.05940160424336        11.567699903375523       -4.3245444184195048     
  -176.67248277341054        7.9119762606708797       -3.6573948336857267     
  -183.94823916003639        5.7457425629978545       -5.0302384206905586     
  -189.61913291526679        3.9933465564380519       -10.207702679896016     
  -188.15297897856590        5.2867067228166249       -20.747698166645083     
  -181.02889947694581        8.1397007473513767       -23.840663041454199     
  -171.46665137589849        9.5687549335787452       -27.193402901196080     
  -163.43141977576335        10.739939166768725       -27.016245246736514     
  -158.64879186069319        15.834105526122050       -21.978686165759083     
  -154.99749070194906        21.324949043465441       -13.928016533180168     
  -150.28928063146805        25.528506770720362       -9.9772264119582328     
  -142.74390823473183        31.333611143850540       -6.8135308239293542     
  -135.67062890470788        33.081278008803871        1.3470625766318385     
  -128.38584938081925        29.674399167190309        8.1500831765707282     
  -120.64454816559841        22.306446899460134        14.513031684346398     
  -118.23197850312438        13.770535200694649        20.720416466215536     
  -115.55435405863084        6.8040199100180914        25.922573205966138     
  -111.93270753168589        1.7659274158443488        32.905436509194914     
  -112.48908305224258       -2.4625170982156916        42.771774860993595     
  -116.96462312073770       -8.7019543746933223        51.841170994146985     
  -120.09821283271833       -15.830191361311897        49.728432343062025     
  -122.17396312080473       -27.722627530583317        50.939114294635765     
  -123.35605378744725       -38.840242658498482        50.254068464718571     
  -125.45135578648284       -44.760420534984789        45.511054745427934     
  -125.25591159415154       -53.198272370978486        42.707296059249586     
  -127.52633683056074       -59.014702881284961        38.666360617805012     
  -130.56704409770782       -66.109061333190354        33.998626328957457     
  -135.45015839043808       -70.028734595298673        23.217243779705775     
  -144.27583372495627       -70.988686556589116        18.500231038394162     
  -152.12066235429623       -69.518627375853299        15.154485755278925     
  -162.23346765308389       -65.556999998238808        15.156209675476795     
  -171.09953943279194       -63.954671839129091        20.017972246550325     
  -179.89831483506748       -68.175382041288103        23.102325432487518     
  -189.66360663548593       -72.467418658943387        22.399192941457926     
  -196.54422056546514       -78.242841704089372        19.517583863670097     
  -208.11045095390782       -81.494970721837220        21.121022929814341     
  -213.35692788337070       -73.622386479545071        21.702467869831512     
  -220.90297075118170       -65.842857481063277        22.195743532662412     
  -229.73131328603301       -67.292170305955011        20.626681794935024     
  -241.73841246368303       -69.349234188043283        18.839634784921664     
  -251.77123177015312       -71.516779044135063        21.411907394404004     
  -257.75284987911090       -75.353779781101494        25.624093613202220     
  -265.41862706013546       -75.133411941615421        31.625983691251783     
  -270.79850416838786       -79.457812354069063        40.022736161007010     
  -268.97838632788603       -77.073220996888153        48.103536067908195     
  -266.60970594881979       -78.992607374391568        58.520295107743038     
  -255.65770084793073       -80.472518335387250        64.612952745145094     
  -249.71428608447874       -81.734253041162248        68.863750996385988     
  -243.09773301361551       -80.807469787617890        76.371673453229292     
  -242.08745545308707       -78.282387740484040        84.687254565594657     
  -238.38482190064707       -77.694103713664603        94.088808899395730     
  -235.85148928520192       -80.968027492317105        101.83283757230140     
  -233.55472550078088       -84.287332865319698        108.89138110409613     
  -225.25930112147540       -90.874224125932514        113.20281239828606     
  -218.18823242116824       -91.949934826350443        117.58871186401382     
  -209.19434620388131       -92.290711960354599        121.31570696271342     
  -201.44202929994327       -89.524613995435672        124.76207784144619     
  -190.92792770923037       -86.435408706851931        126.55568736377923     
  -183.20822383470269       -83.350096053110619        121.11662968955120     
  -180.51725868397912       -84.602352510969368        113.10953593329714     
  -175.21072901527486       -85.834533514398657        107.90229144441524     
  -169.32596771303017       -88.156356997349675        102.42504796778564     
  -160.25768099206226       -89.144699868498762        98.939933179790557     
  -148.91504864469744       -88.980574319368344        96.012926886232094     
  -138.90723589146472       -92.526413411357325        94.492947022936974     
  -129.04157937767931       -93.047779880589346        100.28434627043077     
  -124.64076428464887       -89.202504644989489        107.17479841880319     
  -118.11553954018348       -84.564572878045567        112.31821935386311     
  -110.26523271292893       -79.994081425328972        111.12309208515335     
  -102.30577347551053       -76.442159126322565        108.29365299741694     
  -93.312012770167613       -71.129581899080435        109.83826499137500     
  -88.484926305658945       -65.198007791081693        120.73644408768496     
  -83.644114378351304       -67.376398001185436        127.11389151277740     
  -82.025455061265362       -73.121537076606330        134.70079407902642     
  -81.426766226717888       -78.945850980917498        138.51294837093752     
  -77.094484981423321       -86.427823054668096        132.95006895271945     
  -69.680957486739800       -92.115118284301928        131.92515981158309     
  -66.731915386309822       -100.71171292153613        127.27831374355178     
  -67.360317066075112       -109.47953047257550        120.60321812156336     
  -70.229922874348631       -114.13941096018556        112.32894605748352     
  -67.579430183830141       -122.69190094866900        110.02125976891421     
  -63.361610227399879       -129.70992451683750        112.82516317719752     
  -54.527569540215481       -131.73666265989092        113.11353097460341     
  -47.070607828097039       -139.74583238488853        116.32684332054315     
  -42.069391756630928       -148.96059011598271        122.03184807316605     
  -46.234276430820152       -157.68344738846588        127.52737900845693     
  -49.204726048382568       -164.80889383323165        130.28126771208511     
  -54.664730615837861       -173.45186499876348        133.97070356367453     
  -58.092301938551458       -182.59867544546833        133.16292432118954     
  -61.048239338831266       -192.11045618091222        137.67437038442725     
  -66.111068459362770       -198.77417733209415        145.69426605249413     
  -67.225570838339664       -203.61298158550056        153.13464122612601     
  -65.313563006856015       -208.01701382328196        158.77736591219843     
  -61.166039683934798       -212.01243394566433        165.07100717998389     
  -55.854271793354059       -210.21160072737098        171.52313706382213     
  -51.153535391241107       -206.24096324275274        177.91374321118451     
  -45.475007493023909       -198.65671258923885        182.19762312684918     
  -47.634378873299084       -188.61882759935827        184.65817707331607     
  -44.807690744171275       -181.66815954706971        175.21548088191412     
  -45.693754632490553       -179.31090357599530        168.36220973002986     
  -50.657269393897437       -174.22963948326412        160.83342328740841     
  -53.676713720193675       -170.17357669118758        150.40687007578191     
  -56.508913010946230       -164.59128794208956        140.39980473201268     
  -55.698380905230053       -159.38693711999932        130.88461616828820     
  -61.927976358616988       -161.70596342948429        125.66840741136431     
  -68.571094039293015       -168.59870261699947        119.79397359159431     
  -72.240360231895238       -177.66474199445173        117.40101776208154     
  -76.180212866852372       -188.01258403967142        118.76262666749237     
  -77.757554404350998       -198.25884596226786        120.23655461119675     
  -73.148082630747439       -209.06282220008706        119.17857793212809     
  -71.045766625140985       -216.88990406155844        120.64006838053994     
  -73.713284602631759       -228.66957452544409        123.17633236938971     
  -73.268607384002451       -236.73402422438221        120.11117342388745     
  -76.718216047574415       -246.08625423779029        114.99397280565080     
  -80.967465293714582       -253.53219903249567        111.95925271903704     
  -84.545187068532144       -261.79243811184085        110.77796198419516     
  -87.376126265705679       -271.05596693163398        109.97899869300740     
  -94.613951655427186       -280.11637904766076        108.71041978714827     
  -102.62805075043542       -279.44531016673932        103.96214650578301     
  -111.23583326910747       -277.88528322357678        102.46900552856243     
  -118.86898663948546       -271.49033930026917        105.33990217524861     
  -120.85378819673035       -262.01573852104428        104.97728693341256     
  -125.32061987464866       -254.07812670442195        100.76696124665887     
  -130.06806807768245       -248.96993460894487        96.553222559244787     
  -137.43542497407662       -247.76759927495664        91.744594366444460     
  -147.05880821108605       -245.07347771160715        87.606034122095309     
  -158.83236182770821       -246.97963031729330        87.972895297869655     
  -167.22073523396594       -245.80331612877870        91.823431131172754     
  -175.72453836745939       -240.28514315860843        95.285780327175615     
  -185.24065904329711       -235.19588531439427        98.523453605133483     
  -189.69180669005740       -228.87636850191552        103.41188365030193     
  -196.14130672070530       -225.30414262567001        108.39741037698424     
  -204.19732980376622       -219.79169817037484        107.91542993694438     
  -212.45518502654033       -219.77035439139058        111.16845721637880     
  -218.94435420257977       -212.91636940422600        112.56618770366650     
  -227.62336296085752       -206.76738408906283        114.21122796590191     
  -236.35467307116650       -206.53171764423007        117.38061293483611     
  -244.06041563720086       -198.58592218046880        120.62152881488574     
  -251.20933673574038       -195.72221574057022        123.63455969958771     
  -258.86541816148315       -190.40827840459065        122.44038697399773     
  -265.96865232604239       -181.42562371521404        120.56191671982687     
  -274.17322362724684       -176.99469694881290        117.73563192324661     
  -281.05191445633449       -172.99877171329211        111.44270167147545     
  -287.38505969752850       -167.74899916881998        109.46467926563143     
  -293.67331042348991       -162.59941315645446        110.08758700116121     
  -301.86337866356610       -157.41748452501255        114.82846525174213     
  -311.21522807500298       -156.85937114903101        110.43084367301216     
  -318.29792352755840       -160.79675763737279        106.45428308453577     
  -326.74155107106026       -162.73903563884846        98.058878546508026     
  -331.00877886294160       -166.33639337259086        91.784094027952946     
  -340.01387525896212       -163.08617050307743        85.759762825144065     
  -346.79675245275030       -156.09378772912058        87.750150566437782     
  -353.60928100987326       -152.56734809346787        92.884792998717757     
  -362.04850748502076       -149.07070262046753        91.134618161699365     
  -368.72751961345097       -151.99854710295710        85.461600264729427     
  -368.45740601768443       -160.57331514362059        81.860986912453797     
  -369.21096392522389       -167.46334859873753        77.895037305601988     
  -371.37526932775017       -177.25721481706779        76.460603893157185     
  -380.86689898147370       -180.46497656973159        74.228997956303687     
  -390.08989337519932       -179.36819416092985        75.038112835519371     
  -397.42680607552813       -179.60513517570223        80.194804286730189     
  -403.79030802220808       -180.26741882966888        88.840714835700638     
  -410.15601282126352       -178.94321750345989        96.671717917418562     
  -410.46181438859270       -181.80551876016534        104.77018113561877     
  -406.82132036528304       -185.46645197309596        112.23717018555998     
  -403.25305869554848       -187.46925130785621        120.94605111729220     
  -399.20570447532504       -190.59019283555938        128.26487312158957     
  -392.85422994392172       -192.19560801433315        132.18761573039930     
  -383.91299544772198       -190.96160959036888        135.00475046024360     
  -375.60776063015260       -188.23039084045320        135.62019365956590     
  -368.30987149278559       -188.36681742878756        135.85993264218257     
  -360.38760671670309       -184.19297676682731        141.39977202910154     
  -355.20725273291362       -186.15181756029784        145.89718907710503     
  -351.50387588996739       -188.02778584746949        154.29173008566434     
  -342.72303013131045       -193.00743852314662        157.55339973694754     
  -339.65959200004096       -200.55529778014045        161.31403635225595     
