   8.7296062083053698        7.7637088338825819        4.0769674871076518     
   6.8123554588708686        15.341196309213998        8.0753925962591211     
   3.5408229092614363        21.639224702427143        3.9752397532931241     
  0.94268877193513845        27.311848796533603        2.0194896476943711     
  -2.9930240076389509        36.336809635550878        2.7948551403191857     
  -11.048069072649298        44.019836138574703        6.3461682257600955     
  -17.174754753144100        45.631938441569446        12.714883547138811     
  -27.164534820981487        50.237189971306478        11.654236808966260     
  -31.158152291232483        54.671135068162243        5.8776910214017732     
  -31.021550315338061        57.815497245295958       -1.9882511852756579     
  -31.595854982319565        58.584022706630520       -11.440973589528880     
  -27.290318388259237        58.987716915345544       -21.131503745766551     
  -18.441345571058179        61.130405262616847       -30.068403187420813     
  -9.7386105230957440        58.445173969790986       -31.742697416830595     
  -6.1808007647878327        49.349957312373704       -35.874136296954021     
  -3.8781218450491792        43.408950396280531       -43.400532045996755     
 -0.36810215891199505        37.233036607093794       -48.589275360781954     
  -2.7342672907221157        33.548589751489104       -58.994374188917192     
  -8.2624899259547959        28.969696197589414       -65.453768377814470     
  -16.498629492176292        28.546093066176645       -69.040976025396191     
  -21.489655401686747        29.276605887294572       -78.529112876298498     
  -25.950573710220027        27.091471404806683       -87.404942512884901     
  -30.902433074690435        24.805743529148579       -93.221739300753143     
  -34.342452780386765        17.773957867705334       -95.969868392718894     
  -37.053690739556487        14.558783910683651       -103.68459647214576     
  -38.098315839430086        10.455562002386834       -112.31947564599706     
  -41.754417211286324        7.5075592351816027       -119.75889833247416     
  -47.489568557474314        9.4868222800200144       -126.38084933384668     
  -56.376521105010511        13.766704656791539       -129.23116223446928     
  -57.629295939238574        22.618631117803211       -125.66419407363139     
  -56.716322420875315        29.028662735377509       -117.57716288978182     
  -55.889397143124285        30.916467840894462       -107.98628475486368     
  -63.513655683459831        33.527412541586408       -103.30757410163002     
  -72.963974272540554        31.692721055313740       -97.967117460545467     
  -77.319669408960635        28.960371688493467       -91.218958009382789     
  -78.912080205769115        27.617379052511914       -82.989137963765145     
  -75.202957440965861        22.275510111790041       -73.104481056792196     
  -65.023658594301651        21.390618127066062       -73.066870902618732     
  -54.187669286875575        18.674700659829178       -74.246573063381192     
  -46.465277188789003        13.492895311293537       -78.131418605089777     
  -40.447670090744282        10.323984445318615       -82.624496781983950     
  -32.080977817531306        4.9608102522870254       -86.593340975115268     
  -29.209034086252046       -3.0252648805461817       -89.755995991346978     
  -27.756226030706785       -9.7785334233008676       -98.171822093872436     
  -27.296527944289920       -7.3092606843981791       -107.66764617266857     
  -28.932232009343494       -6.2434770131169977       -118.55149414129340     
  -27.500429268061851       -5.8986897935777023       -128.85604540035035     
  -30.355507460482499      -0.56481329270495451       -135.53906168028766     
  -33.762214852507128        6.9195797638274854       -141.04154854269817     
  -39.137643882072268        13.069632716641813       -145.31192102207902     
  -40.327320215578993        20.153433740887422       -147.55244452531051     
  -47.420468648667679        28.103483416609606       -147.62066153548344     
  -57.467700775558797        28.189151344527858       -146.73659770094534     
  -64.263655478242526        23.860028127899547       -146.52054103909154     
  -69.928036420551251        15.008233966979937       -145.36115860774896     
  -71.301122759692674        6.6615526175321662       -150.19658074254585     
  -76.401644109924348       0.55069766180033497       -154.89682377510891     
  -82.528991235408114        1.0815323868838895       -163.58234936994234     
  -89.217401412031847        4.7388904722305298       -169.26257716447006     
  -93.971697592774859        8.3000595918403448       -178.17849038258487     
  -96.648328560474965        1.8715847725919126       -183.97003586757384     
  -100.75455371093645       -3.2202323295556923       -189.64626521851636     
  -106.82775288611967       -2.5188522310240913       -195.29104264787634     
  -115.18908324983397        2.2000138805270311       -203.34009542272884     
  -119.23383019360162        6.0981483115348283       -211.83733408636388     
  -117.75493675278454        9.4941811298077212       -220.28814150065853     
  -117.45732628240603        16.655327909700041       -229.26712290581946     
  -113.49376089262418        22.017576175376099       -238.03123516589505     
  -111.33785548503806        17.306143058093262       -245.42353091724300     
  -103.55861368591511        11.735316858533160       -249.04263725436681     
  -96.459613955015271        3.2687109241321295       -254.14802452539419     
  -91.439462789323329       -1.8572032002953875       -257.60178571135668     
  -84.843955196728757       -4.2984641445819101       -264.93223071981834     
  -80.896527605358131       -3.7610173469081332       -271.55125561111129     
  -77.758754281336394       -2.9602513608748531       -278.42584320744788     
  -70.928826088420323       -2.2519333203098455       -284.27885401227491     
  -65.629782951576317       -4.9630450088039666       -289.03108805123645     
  -61.878413136136516       -15.559012465200745       -290.00544436609914     
  -59.655370209332602       -24.022016222996101       -293.83514058015601     
  -59.810226427385317       -33.523103408407216       -298.16768214736987     
  -64.063927959161788       -37.971241097979714       -305.95939453960636     
  -69.879899643610969       -43.737913305657237       -313.17297643732729     
  -79.024812342503850       -49.321682976664192       -312.22343102798618     
  -85.522875487996316       -51.458794137496433       -303.49642482260765     
  -94.548887567633983       -57.002755172921226       -302.66916462403634     
  -97.828494821470599       -63.534436866429800       -301.69882062601152     
  -102.59239868595256       -72.336178609165628       -301.10264483544438     
  -109.98415680536297       -82.406534467487361       -301.20520090722607     
  -111.49546338312706       -92.918690336166179       -302.22073578312990     
  -110.82474014534444       -99.986835272514469       -305.36273734671278     
  -110.50670371732716       -106.54458722384857       -311.58836604302729     
  -110.30902185008608       -116.02997520903703       -311.96572834785468     
  -111.35723569607197       -123.26198046362924       -305.04803187586458     
  -107.70550670959980       -124.77622307532420       -296.86274084720208     
  -104.70854946569688       -129.28577112732194       -289.22363831617423     
  -108.99909296167169       -137.26165270841852       -283.39608409099253     
  -109.70840876773872       -145.68451670456557       -284.22677269301590     
  -110.15906761106098       -155.67190881713896       -285.55281794622204     
  -109.72802485083082       -161.11198263570205       -289.36472112502997     
  -108.88617426513332       -164.07918013715167       -297.37360170471709     
  -112.64220471792871       -169.57139071272817       -306.00919163877620     
  -120.31667652477341       -168.15738487322380       -310.00587155687765     
  -129.56033493711456       -165.16839594075947       -315.18828544073449     
  -137.68202199738096       -165.37207023299422       -319.03228135782604     
  -143.03641155194921       -172.30818421720579       -321.67002611129851     
  -144.58566092510733       -180.76942892157908       -322.32459311463674     
  -139.85976227378953       -188.54767753577516       -322.51939348057306     
  -138.60907498644389       -196.80568997165420       -316.17292604931532     
  -133.14373864452088       -204.81300207106653       -308.96743421977976     
  -130.13680552304589       -211.63316349440308       -300.48316884766774     
  -128.55369120751214       -218.32438762186638       -294.31524866219314     
  -124.53347372168670       -224.35315149209788       -287.23886247738864     
  -119.48113496282707       -229.26666471314218       -281.70262485839515     
  -116.87299680043301       -227.17840150622266       -273.00796696526589     
  -111.10519153216296       -220.76518267262281       -264.68753682243727     
  -112.39099136296184       -216.33114012382970       -252.93256720719660     
  -115.74617799056111       -209.86387162472826       -247.45944527612301     
  -119.06097650777701       -201.74412243334291       -246.81989892295707     
  -125.99778901501421       -196.14479947713181       -246.93802339542970     
  -133.05052203860083       -191.84455549753264       -242.67384444527579     
  -140.24596384868696       -192.00334618691093       -237.70491011475104     
  -148.58073462399261       -191.74616357077261       -233.71718422133188     
  -154.94955145793500       -188.79319090151913       -237.65816085387300     
  -160.92515543557687       -190.02613792565413       -245.75296966679960     
  -167.44793172643739       -188.76264987120697       -251.26587619224074     
  -177.93416436711749       -184.97790315832361       -254.29641298225931     
  -187.46603721361231       -184.35758474087024       -259.54474157660036     
  -196.05005468950316       -180.27194526226765       -263.81922060462369     
  -201.98744924432469       -187.04129335002165       -268.19932433932934     
  -199.33599698828817       -193.71572659880809       -278.45100217137161     
  -190.04547716579043       -198.74306045682229       -280.98473084274127     
  -180.90701327288798       -200.44748836829783       -285.49188707569073     
  -172.17505117095874       -195.60403137895764       -290.03902427400436     
  -171.95193754817905       -184.52970850176632       -293.32908143623331     
  -173.10626729934097       -176.83126304591207       -295.66419753301795     
  -176.16998423379715       -166.44558441893602       -297.08665953124995     
  -179.96068458627764       -159.84761876216572       -297.96240190271260     
  -182.88765204352450       -148.52585186985996       -302.08872225344703     
  -182.22010920074592       -138.63008964798928       -305.55654956843318     
  -188.97678579972876       -130.24888687230904       -306.62079752168063     
  -197.00278592221969       -127.34906714923630       -308.79439181734767     
  -200.66656345039416       -120.96166414785856       -318.40907169156048     
  -201.43854726254676       -126.83247375331516       -327.08930750662955     
  -196.69114662299108       -128.03273973322464       -332.61616700558852     
  -189.02733227531729       -129.07044796915238       -336.09692007470744     
  -180.55129980257641       -131.67886118789244       -341.22050406119035     
  -172.21365284083157       -138.40197271692125       -342.32881446548373     
  -166.50955431325514       -145.52257315608333       -344.52785282763284     
  -158.69853794087675       -151.27800039386483       -343.61195485834116     
  -153.30663837752212       -157.15221334267258       -338.44210287351609     
  -150.84270586128304       -158.87982115216150       -326.96676275631432     
  -150.30647612879363       -157.71942286089322       -316.97638287183241     
  -148.58982406804199       -156.05525514937636       -306.32656965378021     
  -148.02796097476568       -152.15974675253824       -295.45019151159943     
  -142.69422998171132       -147.83939431781670       -288.21095646281788     
  -138.11154873338634       -138.34680512157564       -284.67461117168472     
  -135.87727743711187       -128.89120255595481       -287.95546516087092     
  -137.09608516231816       -120.20286558664867       -290.90897703061370     
  -131.50257066974086       -113.83792631342982       -294.42742700880416     
  -127.97540818818430       -107.40119583135574       -301.72575668490754     
  -128.88087995620376       -103.99507279200199       -308.33217502792326     
  -122.90755672510286       -100.09435241539417       -316.69651690397689     
  -121.35504892582705       -95.656538385116718       -323.92609013088816     
  -120.24425865952634       -90.035772690757540       -328.88488767771111     
  -117.18040195204031       -78.960873758184647       -330.14729974044383     
  -113.42873032554195       -74.630773352830033       -338.09177497996478     
  -114.89140562647691       -74.691225490350860       -347.77964393456659     
  -119.52543482178223       -77.646011036888837       -357.44150742105433     
  -120.15422179345450       -78.241304653272692       -366.91112689040972     
  -122.70743107134916       -79.809031339917510       -376.15144514086802     
  -118.37937473362641       -85.589571795583311       -384.62742764264624     
  -116.50694905728008       -89.878584981491173       -393.53685814418094     
  -112.63503787565156       -93.095133668936029       -402.23220480540340     
  -112.18462053530288       -92.586361657535718       -411.36759398792464     
  -109.05830155627348       -91.172325589150944       -422.14604043826876     
  -107.75207359900909       -83.267036787895421       -427.01135606318951     
  -106.90988086182421       -76.400480869594702       -431.09834424763920     
  -100.94652100874509       -75.123981177381779       -438.12255212472490     
  -94.465578753980964       -76.148379634690428       -444.19343100921850     
  -85.671531400969087       -80.682405120362603       -446.62291781297853     
  -76.783249130142792       -80.550190415205805       -446.49684054068575     
  -68.123434556473171       -76.923688235555503       -442.41510982634287     
  -63.418918116266610       -68.489156611525559       -441.62516412155543     
  -63.075305561477592       -59.814916195165871       -445.55257334077203     
  -58.294668038636075       -58.186403456152732       -451.53907970978105     
  -56.500163555916401       -54.225001772414245       -460.27127599161719     
  -55.520342158770347       -46.516014106712838       -466.42959942449374     
  -53.587185876036528       -42.443132845484982       -474.85619256415089     
  -51.487087615829950       -36.858003407243224       -479.65944067934868     
  -49.986248185147645       -30.962649624837923       -487.23370011350733     
  -49.312450015669981       -23.023791283478715       -490.98724926904100     
  -53.376011474034584       -17.125129873699230       -495.35942437682297     
  -49.917178503987742       -9.9315966054980009       -500.05336783606271     
  -40.547337195333569       -5.2571803062748828       -500.72210703888493     
  -33.837017740136048        2.0017008636220126       -498.04661071341928     
  -31.544676403757506        9.9193767336045724       -492.49264887911045     
  -29.670677175515692        14.380395928106921       -485.16391820070959     
  -33.012710786638621        19.357215599950734       -479.13069970698183     
  -42.797856411472821        20.330657543700326       -479.27482832074338     
  -48.046653456265261        17.955788441012785       -487.75158345244927     
