   9.8165477471757470        4.4352330591774773        1.8111931116109190     
   18.444297262911952       0.76950168986715539        1.0530100922171641     
   24.126818613709489       -1.1636564708173296       -4.7572639275993538     
   29.443463792472784       -3.7795401270331581       -7.9487285011143740     
   36.855679406692602       -11.065273689873436       -10.350204921024385     
   46.523410494789985       -15.461486630376498       -8.1655725795893659     
   56.362259906979311       -12.057045892688848       -9.4887337326456418     
   63.002072339721764       -17.567667441245476       -15.236220047639506     
   63.106851256257777       -25.156216894594252       -20.672782802675897     
   57.302776386207711       -27.654152760552961       -27.521610470367136     
   51.684468202512804       -28.355232477738525       -36.272441033664791     
   41.528166699139291       -30.442795540218754       -39.821691854675237     
   30.622712753930116       -33.287034219941631       -37.841414689321084     
   24.002665203337536       -31.889093012594799       -30.630545991942199     
   15.708128811403888       -25.322187776767294       -29.905159744183493     
   6.2634892001203397       -20.312157901449012       -32.364150867496562     
  -2.6267981783606871       -19.179410050249970       -34.657402171905176     
  -10.471359438846328       -15.260631894747860       -42.402963032094874     
  -13.927250512802082       -9.1178529280514908       -49.636386072691607     
  -14.729036583476933       -4.4442873212912559       -57.192270065706282     
  -17.369526896734101       -5.7681868360604938       -67.710933024969677     
  -18.728157818537170       -6.8825335792367923       -77.578816004240366     
  -19.475311168919710       -9.8666900327070834       -83.979185012962716     
  -24.224562748530104       -13.394347423249769       -91.302477438015387     
  -25.760542661594698       -15.138511286130296       -102.19666296947810     
  -28.462498716398144       -19.198389930643827       -110.49259778616079     
  -30.122223474420721       -21.242508144989927       -118.20865615882190     
  -26.354716608287248       -20.367732340607574       -125.85930799256255     
  -25.638361394747051       -22.211877969625164       -135.24070424391880     
  -23.308435086271125       -15.731254931049278       -143.35933914766946     
  -19.313352744905480       -8.7590044076113713       -148.84954127880752     
  -12.829046722177992       -1.0904520281057728       -151.68105291887082     
  -14.379293451139162        3.3132316297448767       -158.19324961162272     
  -18.835591612480926        6.6537899747829670       -163.55355341523557     
  -23.599806139945592        13.663967072331417       -168.89363384057265     
  -26.375366965398968        22.580411430861830       -173.69247183203419     
  -30.373972182065174        32.107033410615742       -171.19659759241569     
  -27.526882301648456        35.597355989391644       -165.66115001064833     
  -23.473317803365731        40.428869331913234       -157.99368622413300     
  -19.912042504796908        44.680934725966324       -150.67691370674351     
  -15.827575274802264        46.388391674855256       -142.88856009681274     
  -13.348921089239312        48.547427971315926       -132.65819555687040     
  -12.380330239432112        52.041472416650237       -123.31762897502102     
  -14.868467246973971        54.123708570775847       -114.19430831171974     
  -10.562246767187261        49.696273713273200       -105.25238126370238     
  -13.729431193808622        47.116651005509709       -94.973219607470924     
  -14.402270902464053        42.917059324745907       -85.753824964207183     
  -20.542787509755470        36.154316853207234       -80.813251467441887     
  -27.240119230584227        30.650969204121424       -81.561927406180189     
  -34.507846256344109        26.303546126991449       -85.362916715498955     
  -39.966691242567819        19.763776332282504       -85.385256467253726     
  -44.998894500027461        9.7647625801699292       -87.819135430857671     
  -52.918306511273869        6.2127499983976975       -92.743226464314318     
  -59.253961568190277        10.389039332561339       -98.200681778091223     
  -59.275944765138021        18.300077764005010       -103.33306978841512     
  -62.413931450789534        27.810373499814602       -101.39675507170443     
  -67.125527276307025        35.164807943881272       -103.70590243268879     
  -74.352260980617601        39.714731237955533       -106.47169468761120     
  -80.254120484666927        44.999946019918127       -111.40968848590472     
  -86.223631765072241        52.032595615275795       -115.06330816328040     
  -94.115800992869367        53.736977365154672       -110.37569430440379     
  -101.23437039668056        57.432511809269158       -104.22898685686340     
  -103.40581296375356        64.939492703651382       -103.18867844093404     
  -106.48568573705919        73.986710231537472       -106.22851312747127     
  -110.10740345172294        77.584760430577745       -116.14009545619683     
  -113.94506955758314        82.365602885072633       -123.99475386494180     
  -115.99569944594754        90.391243089030880       -128.80836159766977     
  -120.99939845896600        99.590732511607413       -130.81073725973113     
  -127.52191340725247        106.58475239876695       -126.50674134054600     
  -136.70047578458286        105.05186470720960       -125.61834118735118     
  -148.63072814491272        104.65967460590707       -120.78333835617354     
  -156.13291700299646        102.72145786652746       -117.26756447270066     
  -164.82076096003971        105.07622629306091       -114.46017423329204     
  -167.77565020873237        110.92672598976630       -109.95521348186594     
  -173.78382009197739        115.54129799408913       -105.50249561023668     
  -181.00055195986042        116.95455822844839       -98.930954386545636     
  -183.63684464012439        118.00093361979984       -89.954277654571001     
  -181.90587307513951        111.74170952164744       -82.492649459794677     
  -176.77959073617018        111.02653772443698       -73.755230755328739     
  -168.72055710404919        113.54465105987285       -65.089118333331655     
  -163.26792695528010        118.66321948074103       -57.184829707418814     
  -159.09177475107128        121.59883931004084       -48.425337675710395     
  -150.14795520099085        122.35276084715464       -46.387788926626442     
  -143.46417784505033        118.07802863259759       -51.612657295397852     
  -132.67311124917271        117.48736743435516       -48.457043655463551     
  -126.47838374979546        113.92489349573066       -42.573806039651558     
  -122.06484559044415        110.02560479084754       -33.352895619182604     
  -117.34136849150596        106.46719924797944       -22.036694415832915     
  -116.32868069335620        98.457031991246197       -13.913669177162479     
  -119.19104171967126        92.583185559117055       -7.9725835677327730     
  -120.66142031617062        85.387295965522654       -3.7503902856837392     
  -120.13162339989216        76.714634016434402       0.84068785616205943     
  -118.66822246014004        74.437458515200618        10.926444638704492     
  -112.84145799202861        78.638100014192460        16.695935529912912     
  -106.88720450402141        81.287264096397834        24.740157150232232     
  -104.32003704798916        84.308988965095963        33.307703242994151     
  -107.86565062474719        82.341853872719952        43.094551785482921     
  -110.99491870315515        76.627739929811511        51.849288685543613     
  -117.47127400100817        73.527687532184657        56.668428769196694     
  -127.03230888166004        70.570131805900232        58.898623029416498     
  -134.91784118739639        72.178014939753623        64.424407172863155     
  -143.52669617656844        73.646623693161573        66.588322565944125     
  -155.79269872496837        78.674353961350803        67.550040035866360     
  -163.63690515050760        81.383770621329333        69.674704821062008     
  -172.08168000969360        77.729213660896320        72.513088496737637     
  -179.75878854100452        74.688013269969744        74.391302429550038     
  -186.59562464142158        71.598332177162476        79.777512900232054     
  -185.22451262680261        72.252836643360538        89.898718459470885     
  -179.32749961445197        75.563737352575700        98.872199886353897     
  -176.13277503190676        85.788519343348810        106.70553104626124     
  -172.43293562066577        86.338054068915881        116.69220818334786     
  -167.17694600334414        88.668541011342569        123.88211531676210     
  -165.43250855911404        87.140991979062164        131.58328724497534     
  -159.88765049140611        86.996286777748352        137.43001738071601     
  -149.58646509087953        91.121186941230704        140.62037262477847     
  -142.53115868081534        100.11644342535276        140.75434063493211     
  -135.13380186619821        106.28688127326642        142.72269496089129     
  -128.20703683612322        107.96179789183786        142.70885601557546     
  -123.47872327731179        114.31372145606007        141.14250316765748     
  -122.50536060764267        122.18848486716037        136.12599547202888     
  -122.95657934926001        129.18559170255818        129.94484445106292     
  -127.23286796766206        133.92910418005482        123.02617557214249     
  -125.81363201009350        131.53383917382291        114.20823044307481     
  -126.23146649122290        126.23034292699656        104.80085828072065     
  -128.41600360921842        118.92958289585455        97.447646163650504     
  -131.59724906647887        108.46229751450595        90.156843869829075     
  -134.01946410911529        101.08079970161820        82.623478339439927     
  -133.35665496501207        100.18874951268046        73.012570135479720     
  -138.31853266446583        90.901718295459418        66.973488160517675     
  -145.66021908233458        80.896069340759382        68.420806901611897     
  -153.59788810990102        82.905898844666282        65.054257237842947     
  -158.08267860993880        87.021761681510100        59.576588258212993     
  -159.66437803178414        98.064220252343958        58.738783940489768     
  -163.07004866081809        107.35807952714545        60.934973666308693     
  -168.11527574159541        113.25199714684570        65.059596971001795     
  -178.78698294459568        118.76737664059196        68.747065850175503     
  -185.61383293070037        118.25754721761892        74.150018175902332     
  -194.90848673045897        121.12583345640421        77.657201206831715     
  -203.83193403072698        118.42162876706088        85.510246248548711     
  -204.81308274732618        110.94227368659068        91.507720348034198     
  -207.86204933879660        103.47046429512071        95.630115701623410     
  -216.03547871266395        96.043238460302987        96.591418807337121     
  -219.26375714126135        86.902306129257852        97.782187714139170     
  -222.91255695534954        81.164753751032535        97.568728827716157     
  -226.28031256465073        71.827995336799987        96.000637748385245     
  -230.53097017069246        64.745817599065546        90.683567972275412     
  -230.91632557415102        57.483602337858756        84.277344309463544     
  -231.98928957583428        49.053614905550816        78.913556517398192     
  -231.94628318927744        40.019212732182254        75.978885209105258     
  -233.80101697700900        30.208900033452394        79.074977761893805     
  -230.03849430217315        22.803132052319214        88.075835672444143     
  -226.46954789095741        18.432503752581695        94.979708019204153     
  -223.82715775213694        14.573560398292969        103.56391435892222     
  -220.94926370221737        10.751229913050921        111.72840137939271     
  -214.71594587467186        2.9538099906853139        116.28842017879920     
  -209.25330463465610       -2.3165615957853030        117.84000278822550     
  -205.29024327798706       -10.727174416988888        121.03033010241946     
  -198.23774939208886       -17.379639038994313        115.45584259757284     
  -196.21965836525084       -21.410978235260686        109.05744816018689     
  -196.77840300340472       -23.615304951940985        99.984547464593660     
  -197.01966596242585       -29.687563063042646        93.606037750476119     
  -195.87214648248263       -39.359430686707540        91.259752654327954     
  -197.34826564443000       -48.137613388525338        93.216282746459527     
  -195.16763762682183       -54.288150030138070        95.508040157055689     
  -202.19239410985622       -60.883259693882394        97.086833248299826     
  -202.90769073190870       -71.815404069038834        97.521160190799662     
  -199.61251779431853       -78.863823703236051        103.75857234534823     
  -193.64391034758273       -86.945797123054206        108.94230148338013     
  -186.62752457134499       -94.642446024016124        108.40783173681092     
  -177.10721235006702       -98.372383607486768        108.71463502419644     
  -169.61007721512391       -99.365396734669332        106.25811147783128     
  -161.06329175330637       -106.35042707131811        103.88864087976120     
  -152.52890085967869       -109.17903732018857        103.56601668638905     
  -143.64444734793608       -109.20610166385956        102.93877914366905     
  -134.44137347332708       -106.60845526713410        100.23034422340936     
  -128.80864611272858       -104.62594634523361        92.940855236513016     
  -128.03885897404248       -100.12203783124005        87.523473780800913     
  -118.93787266327104       -94.286691020050853        84.651458853731270     
  -112.06710760399991       -95.530791279800042        81.864995192892138     
  -102.55034618231801       -92.781207060678526        79.185944355266031     
  -97.542151864653590       -89.275817898595619        87.171743426292181     
  -98.027573987956686       -88.981101289153855        97.981175423572466     
  -98.003805399775530       -92.234952613953226        107.95464871024905     
  -97.329229783791106       -99.696571383010394        114.60025361472904     
  -90.822979864144315       -101.68355788440130        116.94585731286503     
  -82.687059476152939       -104.77207365298017        112.79180582343906     
  -75.411738236149603       -110.80240367579626        108.78286654169850     
  -71.536316499351514       -114.52246867377102        102.94651428464351     
  -72.207498701126951       -120.74779131081590        101.59003369321852     
  -74.653820885621229       -126.89169653423750        104.52800462417648     
  -79.353782379281313       -135.34598257042217        105.53206339744366     
  -81.352658719677635       -142.14724889006862        110.97085476975286     
  -81.329283308649394       -150.69140509964194        110.23527126620706     
  -89.910730715642359       -153.74490541181916        105.94627719186730     
  -99.303337844144750       -157.85216996504624        105.50867861914188     
  -108.55394146145656       -160.85683938191153        104.40791226392702     
  -116.32502422529424       -161.54602815558360        100.29967354024572     
  -123.36306897269773       -165.04809609769683        94.594224968990432     
  -132.67051783058361       -161.43528237985220        95.727868117502538     
  -136.28053167541171       -154.82489863367203        101.89018879633113     
