   1.8228283855760736        9.5510680465061739       0.81448657619250753     
  -6.1701880151762083        11.556436587157464        5.6352086753368269     
  -11.999449872569109        16.184442724521801        7.4230737787956826     
  -16.288005703117875        22.840398462423835        10.693539915828950     
  -17.256642960990206        33.461085208000199        15.496345078906870     
  -15.001721183841340        41.050704682023394        22.954226690443164     
  -17.714139910299068        40.948175211889435        31.332016271750078     
  -23.119821556244148        47.758303519419584        35.116282907123960     
  -28.503832887541122        55.548214567268801        31.984533516012263     
  -32.694885656740510        60.129673359638502        24.812995204616172     
  -32.570698158650330        63.233453024765623        15.367245089721536     
  -26.757975617745075        64.762479125168213        8.9272073456663179     
  -20.438725859697044        72.788694030143432        3.9310227850583459     
  -10.916499005559238        78.224179917855110        3.7497652960739174     
  -3.5008077039482544        82.323710099438514      -0.72750164871771972     
   6.6749446838804687        84.908111848219193       -4.5295483347202321     
   15.341823209857729        87.342739814376074       -4.9540990426447138     
   25.289089799902605        88.269236132004579       -9.9450644760247258     
   33.258255402196568        87.439900346942125       -16.858489320369046     
   36.659662040984017        87.699939212731195       -26.250762587339523     
   37.984619794932343        90.907835815017080       -36.111692800391296     
   37.003237174610511        93.049287242488646       -46.117335021647023     
   34.841173553071577        94.601933228578716       -53.304133949065942     
   29.982023415611632        99.417855590098668       -60.340850210524735     
   23.953233096542984        102.71549746148152       -67.781843679010308     
   17.451473225223758        104.81510136547544       -73.397474149092119     
   10.054617488303741        106.32863541640137       -76.868016987123070     
   8.0861939693946567        103.01213172064701       -83.860600795082945     
   1.0024386141865449        103.78265236392997       -91.496174584472413     
   3.1005453826989466        104.52478441234177       -99.239080656037856     
   8.5104876109168117        101.28648198618545       -106.13748525632346     
   16.199979552823599        98.581872361679757       -111.34311474079419     
   18.001829245425235        95.185086036051956       -119.77342393260025     
   21.758835131083586        93.906590606880513       -126.51046841138594     
   31.545362964614704        91.970305511504506       -130.04511882553851     
   40.801409195997280        89.842554510854200       -127.14873747285009     
   51.150977059723715        86.392341237994970       -121.44074234560986     
   51.457197563805792        86.641277948235938       -115.10553347038189     
   52.744468902869357        88.773523571665450       -105.19129858173395     
   50.727426100584566        89.977365286065819       -97.338547253844098     
   44.637014275609829        88.292147940151210       -90.380791627307474     
   39.091599820231465        89.823051003380641       -84.048124343453537     
   35.375557094968755        94.212465375216965       -75.660149369837313     
   32.458116595967361        103.58791916599334       -70.652537668229485     
   27.437654401687730        108.91194899606107       -66.234485509608191     
   22.988923490719742        117.95136868458893       -62.082914586879951     
   19.003835422081170        125.22168093153891       -55.383076000455731     
   15.776795045243333        133.93768620526714       -54.604469617064410     
   12.759610098130679        142.39269187066222       -57.673763796022257     
   10.627230703363296        149.63782516511736       -58.701366523680576     
   5.0521685837593679        159.39151027114303       -58.944022936212150     
  -2.1580986413338010        166.87170698349345       -60.325834113833309     
  -6.6123132857636691        173.32148446346014       -64.243079809452951     
  -4.6315503575460610        174.78911867566836       -74.414774503446608     
  -2.0858992568231471        175.47396461922563       -82.175750576996393     
   4.4742352731843198        179.87405384011763       -87.141150692946610     
   11.043322780194586        185.00717787726154       -92.599106717490201     
   14.053974000668681        191.65531657985622       -96.575333122879272     
   16.527889304781283        198.73641115580608       -99.304176032253281     
   20.398336740213825        208.53667820659450       -101.83939753359425     
   20.121578177609624        216.78541077922819       -96.802797142820879     
   20.966808417864410        226.02852060912812       -93.375317356145189     
   20.169839864610775        234.01954337061312       -94.241909850293780     
   12.726168138925921        240.94114937218123       -95.254763134908984     
   3.5607270202398382        244.12662093487563       -97.588358673210990     
  -1.2092379226703560        247.86693667003573       -105.52658251255546     
  -3.7632167261281158        255.84702431519656       -110.20265450323392     
  -8.3122834262234608        264.35787135057871       -114.73571005544160     
  -17.998853716144911        267.75431669964547       -116.01648706687998     
  -27.918875518327500        269.28307147586401       -119.09863342946686     
  -39.255181954312462        268.84041120917965       -121.71718399309096     
  -48.520653205424665        270.41557294493555       -126.74198325823197     
  -56.324116612766758        275.76407584056989       -133.29777297816096     
  -57.179233939866862        283.06699445841599       -130.99740140082523     
  -59.667589411610706        288.82010452396440       -128.32837110903361     
  -66.454636591728786        297.68263288405876       -126.65127829079118     
  -75.091470633576478        299.05812784411836       -122.06870991082125     
  -80.113636164305859        295.22125790798566       -116.53514226250284     
  -85.001324703352651        289.75381998581275       -107.22998960676533     
  -87.610948086243980        286.53152294181410       -95.932263819373063     
  -91.095120258152093        287.75080918100861       -88.347170271970086     
  -96.615245400295464        291.16048162155062       -81.778368154328248     
  -96.266489352792945        294.65837886579885       -73.032617379037802     
  -91.247522303965496        296.08170846784355       -65.212358652640276     
  -94.208575396309868        295.81927607472602       -55.523457142749507     
  -98.272721927586389        292.28705020892028       -48.972591129060206     
  -105.05401001674650        288.13111007901313       -40.521732634421525     
  -114.43981590672178        281.68080871380619       -34.551465370815279     
  -119.07165457898068        274.50823860254440       -33.867707507777297     
  -123.65278359947334        266.38661605789582       -36.186891566535522     
  -125.06163404602762        258.03803341763671       -36.357500197862507     
  -125.19572818399448        249.02294266763187       -35.692579630173086     
  -126.97987358698404        242.14248080525266       -30.335677471890776     
  -127.04472573897365        234.18426452176169       -24.968321719636364     
  -129.73716537447683        226.17999411776827       -23.030374930031201     
  -136.69303338612556        218.79631513060860       -17.870395140154841     
  -144.39997347162992        218.22292152025400       -13.694133781669763     
  -153.55905769771746        223.66832054233959       -12.953419277046407     
  -157.22760524822871        227.83020553696116       -5.3820671018659141     
  -158.48279841208623        235.14926850991162        1.7453280675797771     
  -160.48599641486672        240.89277340686562        9.3966036045732295     
  -159.49395894278965        244.83777920478536        19.808046064784335     
  -154.33548378805398        252.57561445063683        23.205717516266319     
  -149.23127579604272        259.04193122431326        24.170544185373075     
  -139.97615458478637        259.90844500412368        25.671149323864284     
  -131.74812061123114        261.58892340847126        27.193250802650240     
  -124.73662229216598        267.35691722682952        30.649358606585750     
  -126.74692318460583        276.52281052311321        34.055152656074839     
  -132.69783936630373        283.58723901248754        39.508881945571531     
  -133.92060146089344        294.38120492024990        47.833131117820031     
  -132.33443048477167        300.36861451109939        58.450949192409340     
  -133.84861396289580        305.67833215217365        66.427202299232846     
  -137.77998950181208        308.23138570087087        74.210137347658616     
  -133.67466395850133        309.46047259634668        82.304733133968995     
  -128.74625447324914        316.67790375311563        89.881972515119514     
  -121.53281942978859        323.60647404863420        96.973861737495326     
  -117.31746408341064        325.51398522565808        105.52328183905516     
  -111.88832804098163        327.86132216310318        110.06375550678432     
  -107.34811498069513        329.67129191935311        116.91083823354371     
  -99.736842949884533        331.19348634152919        121.52165755786483     
  -90.633739632047423        331.89432490495830        124.10152595105700     
  -82.087208717570178        333.96618687175828        123.01603324873845     
  -78.393005839555315        341.77719785127556        118.06182543368580     
  -79.551139306234319        351.44261341946026        115.71825317912992     
  -76.668865647295590        361.28559466316477        108.67285573141143     
  -71.521283815583345        370.69407642196018        107.85722708705721     
  -64.920939709151412        379.24250475586979        107.12532382459244     
  -63.605700529352376        387.22854036818200        99.028501771385834     
  -62.268816156794813        395.04350498810766        97.147218145485141     
  -52.909596794889296        402.70896996047634        95.893829876383407     
  -47.131025984284150        404.48635841267162        89.366254608958684     
  -45.127174250479882        404.88505518456560        83.542801938353961     
  -41.467716092219618        397.55524590633036        75.745570497423046     
  -39.334600103676195        389.17326682765082        70.667111374900117     
  -34.017042783884293        381.03312290844445        69.403334836822410     
  -30.022271039687183        371.65086402917882        69.126579407557188     
  -29.856475465746669        364.13312548823910        73.748349522892823     
  -25.835492340775147        356.33640419102068        78.340601839785535     
  -26.266205309989374        348.22804296502181        82.836889289515696     
  -30.867361207843174        342.38471994510860        88.228873493303681     
  -38.044980601820967        339.54108928571310        92.910892352450020     
  -47.095489561995549        338.02721148471994        100.04135473961334     
  -55.530729128113535        342.54574672418073        102.33111359587724     
  -60.990234312236254        346.78500045492513        105.74176920315445     
  -66.967473160267673        353.55748725708190        109.12107423296959     
  -74.677965410975105        357.45388753013276        113.37106798684792     
  -83.699188809330195        360.28467363242999        110.62371526999330     
  -92.551922645806911        363.83882937665112        103.86088941252251     
  -100.98414816177913        363.99541932894329        101.44936222413052     
  -109.58860659850089        360.77075388381166        107.43035457056024     
  -116.34867186000213        354.45586437403142        114.54040993660297     
  -122.35938382013813        350.35502593926105        122.92480909712529     
  -121.50374348157342        346.41444268277667        132.71641512541646     
  -116.12594625759795        346.90488493462652        141.54483148356451     
  -108.35712961012871        343.77122976916235        148.88634047128468     
  -100.84037488272187        341.12637477997077        149.78132638181933     
  -92.463605126734848        337.69291019709488        149.46025913829129     
  -85.500743539293040        333.71720839292027        141.70617774617503     
  -88.388480139059709        334.40870718552162        134.39648209843816     
  -88.330246301614636        336.90786381026271        125.67848962517947     
  -79.387947775652435        335.01136384459841        120.84976480879999     
  -71.518107184226253        332.74403113632741        126.07805632444075     
  -69.737574485628343        328.89676569945129        134.44774536436228     
  -67.748568322736205        321.74347316100398        139.00945604583382     
  -59.480373007687504        315.60357508264542        138.82953561872100     
  -49.574401469400129        309.99054200313992        140.81006210048011     
  -44.895919085145195        300.71606317543285        144.03299943160263     
  -43.063417129426469        296.21529574748479        150.60753831132899     
  -40.204572747955297        292.25641766894319        160.51799263257377     
  -39.111465776157033        288.67876244557942        170.26654473702132     
  -39.104660011408811        296.31913083038671        174.50544067774749     
  -39.465011830248770        306.39764453239411        177.29503849960156     
  -43.704113939981298        312.80992553036447        181.96916280503649     
  -48.254832068792680        319.84527116778997        186.22581092799888     
  -52.585292306905046        330.23232088901000        187.94456800779960     
  -56.156072815914143        339.28526527309884        189.27562866039216     
  -56.315423740735085        344.41965087416787        193.14289295599099     
  -63.235869959586779        353.19126898969853        192.60082862004981     
  -67.210663153227429        359.79690729142897        195.13889234746205     
  -70.995418901762235        368.27434015685151        188.95357244209765     
  -76.958398127489929        367.97408451741933        180.99237618514198     
  -81.695001902699829        360.71258911178927        174.73237981061664     
  -88.947838241534015        357.77198407156845        169.94276409875607     
  -98.070013025858799        355.23589007750172        169.75144325553504     
  -106.23618682687928        356.39794516945756        171.55453187850387     
  -112.97111753803858        357.78190758900598        176.61502939236047     
  -118.61324921183470        353.57240068746842        186.14459635592164     
  -125.36671362871689        349.33243855773594        192.57626287757907     
  -133.73964112927689        347.00334626813310        194.30841935677080     
  -137.05684906417767        338.61309509008379        191.96410340233842     
  -141.44104632220746        331.43916448503717        190.58256394080308     
  -139.28562166866629        324.51644919255051        185.36113316863504     
  -143.21096914947958        316.76646080123760        181.19531934046572     
  -148.12578905417203        313.47329818851023        186.04866510840566     
  -152.77908983601037        311.69507729597439        192.94454447601623     
  -156.13141892824484        310.21013927417823        200.06410089479036     
  -161.43940732106438        312.69668904767343        205.65813715349807     
  -170.72560488903017        315.41472930021826        209.69819042239686     
  -181.15626824490766        314.97923206197407        207.81562705518223     
  -184.61282875829630        307.39653447837202        203.37552307218260     
