   9.8893810452540265        9.4546620625840205        6.8865699235325337     
   18.003006135828031        7.7160604522359506        10.855568183550588     
   23.831841021402681        11.595283873452473        15.756366164953761     
   28.865137059237938        17.319710511169390        18.931582607216711     
   31.651835445924647        27.706708484611681        23.667420004792831     
   30.426931357997276        39.257725289292154        24.565089413839559     
   31.931709079336201        47.125358849638388        19.324036386876060     
   38.577324866538177        55.031508407560295        18.268793585647927     
   44.378691742759358        62.288144561600319        19.087951099646290     
   49.262188017508507        64.150830799514807        26.960874435179761     
   51.438355794256964        66.455732461582556        35.903765920894642     
   53.709980232909714        72.685116125307985        42.555755475689409     
   61.258562954075146        79.657926261925496        44.083601947284706     
   65.003458303270477        89.810438528337443        44.177948291128246     
   66.665133500172175        99.189479805116918        49.242641066610389     
   65.078350937654022        107.25546290833847        55.405599667596974     
   57.998518663171822        113.72615418128240        58.485727484314197     
   57.547833282639147        115.73049427022895        69.076083872693189     
   61.052553293330831        117.40539627238343        78.954525951983982     
   67.651302830600258        124.48756249988892        83.406401977936653     
   74.169925458193205        129.72856120281330        84.394929191469714     
   83.573068849660686        133.57240827475277        87.156848753141631     
   89.227148839908040        136.95737939154478        87.722025108367703     
   98.113831567993969        139.93590869836771        85.569818559246798     
   106.13807356049672        145.48696229215523        83.159118457018238     
   112.00409086326081        151.35641685656498        84.703049132041613     
   117.70651844072007        154.83022093999278        85.932253407602047     
   123.69163296848220        160.15610275661089        80.214192397721675     
   131.89495900698242        164.39620131044234        73.630132600011223     
   138.32609058971926        162.95299250002944        67.116368368673207     
   143.19798377735728        159.21134364888030        59.040507709238426     
   149.31943557881922        152.17506242982216        52.990816135427082     
   149.03512201713400        147.19404967437538        44.416300357870625     
   149.24217066441244        146.40013885394922        34.441993899794539     
   155.69849018074106        145.07819201732354        24.549779410550371     
   163.99153193586389        143.11214289360385        20.008762464571959     
   174.64467356840515        141.53654274455431        17.309628508503693     
   178.16507914178791        140.85310480532510        24.638261233907372     
   180.45065280352779        141.69182165380741        31.828833615608573     
   178.47935287533414        140.01405338562924        39.936024501845822     
   172.83562364573189        136.21893783067449        46.403652289913765     
   168.69487228880661        132.04123370612456        53.573782134962826     
   168.71914912165730        128.78525768060973        61.948630588467438     
   167.99782647106414        131.19817913338778        71.290362200568310     
   170.39060986852547        130.00365144241971        80.781568220967557     
   176.45521639316860        133.68677944732747        89.301958254619962     
   184.70662412711494        131.97545626688111        95.122761646645969     
   191.09431810288373        133.65884366669218        101.95045798979052     
   196.07487401157394        139.51170675290095        107.44305931457305     
   197.83840146991949        143.95715455443585        111.45464399696139     
   201.75339251143569        150.07389980350382        119.41922751148671     
   204.99637274613963        153.23153473867865        126.68460946275619     
   206.98593065133920        157.95868420468020        133.70360456412931     
   198.76053447030125        159.47157236778412        139.36675162626992     
   188.56201927270496        161.99062941679801        139.01378230288341     
   182.47126261998366        168.10615709476019        137.04156459416762     
   173.35522093916506        172.33338965200448        134.56151336940451     
   165.95434111157351        177.07340563124643        134.47981864697047     
   159.88777876826381        176.80754434659150        140.37161645771630     
   151.59663114400379        178.85288804833635        145.61451658220807     
   143.26517624628534        184.49169620481513        149.66833579225411     
   139.63389001050029        192.31426410642632        152.64656243397783     
   135.24828670196356        196.43510328142429        159.43076820038658     
   129.57636708420145        194.60942131457358        169.75189070614783     
   125.23957252622547        192.03892374612394        178.74271239609001     
   115.88055534144650        193.07757874765491        182.58575021649892     
   108.32110454499099        195.95471298933114        185.38304485402480     
   98.591741103695796        198.86015088205323        186.32304119904586     
   89.510280146602810        197.38438604780356        190.51478608929997     
   81.626359774513816        197.26326474985524        199.18341254686013     
   76.994864944202661        196.08789349089324        207.03085668116773     
   71.152456040432497        197.14439202355868        212.81878386442608     
   61.203787057159857        201.16659222589408        216.42049153833270     
   61.806093605115151        208.83645352634386        223.94293244630063     
   63.197467314601809        213.81253150030943        229.40431978328704     
   65.407589910216956        219.40434401292089        237.79380985619835     
   71.847315191512536        221.71477792599546        240.95491383165850     
   80.437328240921772        221.38288973975767        237.34487953183356     
   91.345606716404404        221.50434596817234        233.97348524863710     
   101.57352084091488        224.21258776096209        230.16406469224259     
   107.86138392166285        227.76894329088680        231.32544166820159     
   113.85034452044997        232.08344295577496        234.03926270875624     
   118.50662407079749        238.72704625239203        231.36833239122595     
   122.80988960404669        243.14505136247448        226.58607072045316     
   131.20752911337459        245.23589063345719        230.82468478322693     
   139.87050183956080        242.62659431644198        232.32622754470449     
   152.31537940945950        238.30634499123272        234.83113655170231     
   159.52582496839318        228.87065788027263        234.26476838656754     
   165.33417455298152        226.14288362594328        228.39898294210917     
   171.43804520653831        226.22405210280084        221.12914955939519     
   177.19972049593488        224.97524577302448        212.73270475514343     
   179.22571530780939        228.28698480181123        204.80046514392902     
   184.61633162484080        233.20691394002245        199.20363383395741     
   187.42867584836824        240.25553639942939        191.86138051418868     
   189.97976137664008        243.39952885321509        184.00639623709915     
   197.07533729867734        242.22998028364407        175.28332912263755     
   201.91595431548370        235.17625643462259        173.65439677500098     
   202.68533409862954        227.01516475490871        177.52508739299367     
   208.65708820122381        220.52038277670397        184.48227165472878     
   211.98617253470420        217.12434393143695        194.76947613064485     
   212.82325842415526        213.94311236810620        202.53669113129854     
   211.69131976101406        216.03984277213857        212.12182837334930     
   212.62678785881178        213.56100477822309        223.12514324724364     
   214.56145144251494        213.47885448996823        231.87300285951082     
   214.17008389589020        213.88879255103706        240.64132122900028     
   212.80338818163921        212.94377222457024        249.10529443959535     
   210.16740041956010        208.96138870214901        259.16505372786963     
   208.90230988966786        201.76871136867993        264.43216677409941     
   205.57759414598561        192.81292486646890        269.31098525778037     
   200.86495967073193        180.07101388237186        267.61613449320168     
   196.12870239572715        170.54468423929086        265.71224272180683     
   196.89364538051950        161.96137533492060        258.63374484129457     
   200.80038154425574        156.63597187072315        252.42375806636855     
   204.64372402872635        149.03780637150925        248.96885189627227     
   207.95593246927078        142.38063718480296        241.19026456743097     
   214.86763352396491        136.54178146229802        237.27322545617113     
   223.75787476910546        134.35620930240671        237.04487927510863     
   229.43565399159675        127.68175647423305        237.16583434173435     
   236.98185148612896        127.93566909977761        235.02044848521146     
   243.83469341435625        131.78258725936314        237.18360315936022     
   249.06173883174986        138.15977658642223        241.98478674367459     
   251.49640707416293        141.12886460201995        247.68516879058444     
   252.93534373795191        145.28188948644782        256.41830722694687     
   255.87049887749521        144.06055933707736        264.56058270584060     
   262.21956104389915        150.62002153401716        267.81101253663678     
   267.29629749360038        158.70645481788938        270.26024747620727     
   269.80955322339105        166.45609186058027        275.83624058088367     
   275.46457521153633        170.75938238631949        282.43058270548823     
   284.71987140726810        168.60325626744350        285.10381022540736     
   296.80891578416288        168.95870723841466        284.38686550630871     
   305.44949822013029        170.04225761451966        281.00311764898055     
   313.49802822080591        168.43941973232234        278.03342171741872     
   318.03157116871313        159.34853411016070        278.38314513910689     
   324.08092784056498        151.27571546913174        275.81823540238491     
   331.23871123815161        143.15962755260983        272.44234184667226     
   330.39194330163082        133.18616909600948        269.75606234241531     
   324.96785008260520        127.35692608248667        266.91965686072388     
   323.53359531613296        119.30181082547844        269.54206117084533     
   326.10778534758424        113.68463364822674        275.19584104340271     
   330.95009483778233        106.88187241498633        279.08172176050243     
   336.09148773031211        102.42923318921012        284.01227223914475     
   342.27989831347372        93.502213233727787        290.53523544393522     
   347.07601469589054        84.326579988555864        292.52601781735376     
   349.08976880597976        75.427402271958130        296.22284680021721     
   347.91712539431745        67.484982799550863        298.16910313332761     
   344.28784266690820        60.345858987997815        297.10576528537649     
   339.08392753226315        58.113815114349649        289.86565088288791     
   332.07947551831677        52.907847267717727        280.79314185808653     
   335.47870646189710        48.665369830184261        274.87580393423934     
   340.69917701387124        43.651592546698680        269.81943356872432     
   349.22749593183272        34.303143579030689        264.20982281528364     
   351.77036356299465        32.327849646098230        254.84936809772810     
   354.01079558733556        32.097689490730772        245.03601293488586     
   355.29791539582772        31.377152165428011        235.89758553684877     
   356.08037749295721        32.622051087025852        226.17258585432992     
   353.07095861195359        36.969930322179096        219.80772047003640     
   347.52523186093464        40.955336433957910        217.59229454077641     
   338.98768971957929        42.949331666455407        213.11761074285860     
   332.07120526126914        45.837388879254121        212.88880946975561     
   326.73299992638869        52.414587786411232        214.79079067409648     
   322.10533584324622        60.922958068849283        211.28185567534115     
   319.71828475013871        68.459293000846515        205.83231008873233     
   321.43911266494644        71.439891421382555        197.88679017021792     
   319.93593787075628        75.549146683164366        189.63296100981032     
   317.76377822734162        85.593213763995038        183.94244310642645     
   321.17491866401241        95.485909989020826        177.62661927464939     
   324.50932806986327        101.48716551875623        170.37600542844595     
   323.88727032809840        96.504747661571088        163.14453973534344     
   324.90019166660835        92.919639805952158        154.32942168376189     
   326.15207386516056        87.706684416083647        144.95037430408820     
   335.26908405020782        87.434725165522678        146.33063657407763     
   343.15074596370232        86.215495039455504        154.34515655673306     
   345.32274220320949        82.218302990248560        160.88382523916769     
   346.85910884445343        78.352453964473057        169.03929272860836     
   349.87624992913686        77.791601500638137        178.76684781960566     
   346.78356476326707        73.106748589422324        186.85525446204923     
   343.40977009291646        66.434906895491423        191.11397148684793     
   337.05893014051549        61.127561816928363        197.09548745049318     
   332.47449190584439        52.891120273315295        202.96161448214855     
   334.27951432835630        43.391767732674765        209.48797373036749     
   341.56963654849864        36.870810969031993        209.56074395422405     
   352.77383186879160        35.473022235391426        209.44263315984693     
   358.36111844849029        28.194738960915885        209.44836732035262     
   356.77498329963692        18.909848730246154        210.42685487855312     
   349.83457458417797        12.546030884885795        209.55619360712154     
   341.84733558674827        7.3565782817046568        207.99569388722662     
   332.53655520979447        5.9566811822777055        206.44254422886632     
   328.98447119054475      -0.17570070058020804        200.42932122375390     
   330.44443997818706       -5.8564137653946915        197.89400529130259     
   323.57435218113307       -11.914635775010552        195.36435532946902     
   316.03622027706297       -17.670665048160430        197.20112287471088     
   307.35653590788434       -15.842169097520042        198.84657876498974     
   299.47757334708206       -16.397234655241434        206.77368738965097     
   301.57351546412360       -16.930347984842356        215.48424071149373     
   304.89447256430856       -17.798230549487315        223.20388146346869     
   312.55314315295777       -19.673945205502761        226.63567201364202     
   319.83205055767587       -20.961413506057141        231.65587548832664     
   322.26093959503544       -20.341942582031550        240.98881865399773     
   318.55767916347151       -18.924116577912017        250.13994920883459     
   309.66184926601085       -21.536309411887544        251.09507228552951     
