   3.6678457123990711        7.2940812988728112        1.3604292893078309     
   11.171785756788410        11.411126020327913       -9.9458662701863432E-002
   19.912442792464304        16.316509814411024      -0.90500611537657960     
   26.522678916027218        25.140460141296415        5.0326074116097175     
   30.009684489009828        27.457041541492757        14.335293272608737     
   35.450509375025405        30.362996098997584        20.645085388214341     
   37.312796829841773        32.438016136108452        29.320680424229238     
   38.226728502783033        39.117593357933771        39.798653944607395     
   38.834469645542669        44.537092049174859        46.664160520075143     
   39.749398642372171        51.360459696448459        53.758741761458566     
   42.839259951834549        59.794025954542221        58.367973519978477     
   45.063000108581178        65.931436080474853        64.905347108394380     
   47.336664977069887        71.568933617117523        71.159255213140000     
   45.466660403939045        74.065119072454337        81.458214229789803     
   43.125503945330848        71.872791512541284        90.194153440849163     
   36.789753189535418        69.870082319717454        99.762980785993932     
   33.705374708654631        66.276154806800491        105.19657422868607     
   29.562244977091922        58.058715444000242        110.62677423333361     
   25.625609034666780        51.091399952871178        110.45076172497295     
   17.809208678460635        47.114254852481380        110.41482126804578     
   11.745533093805022        44.211532414427957        107.95728957234564     
   4.7860126722686118        37.646615189648088        107.81029359442431     
   3.6794680362788768E-002   30.915098096512693        108.77329861164316     
  -5.2379700356984245        24.583656357270172        113.61569154338753     
  -9.5345743134023451        19.808784627707844        119.32386126299087     
  -10.544873030916222        14.009379693586581        125.18028314838182     
  -11.559918024169349        6.1343948244267992        130.85644098525700     
  -12.740322592559266       -1.2180114973113660        136.64963687376888     
  -8.0945614457851320       -8.1583711937459036        143.78500392973280     
  -4.7903234526485790       -13.763050292462420        153.37681154651443     
  -5.3355714695151448       -23.781563820463951        154.08232705611385     
  -3.2185072048098107       -33.247634682743183        151.89578888353321     
   1.3945461486426041       -41.342665146501190        150.30360327124384     
   7.3625773303784570       -48.841605477806951        149.71988996014591     
   16.737040122325141       -53.437535136709940        147.71816836735320     
   25.344881709778321       -58.778721010312168        144.80226424419902     
   30.259017261341739       -58.486734303758269        139.25022516186141     
   36.281407697703798       -53.593963036047924        132.29849531530982     
   44.486753597512688       -50.848748144326265        125.82112792162798     
   53.712411784203965       -48.994602526928695        123.01088360974109     
   63.846809453765104       -47.471400041397786        128.20424779963719     
   71.071854986599078       -44.288252951502677        126.47847978787337     
   77.672762985197551       -39.707589988373989        129.99073807723283     
   80.904779591298393       -32.832232683828437        132.76751084512733     
   87.584649661781327       -26.594550023962867        135.23034585301326     
   89.487992514398996       -24.043732813722258        143.33480734444998     
   94.113529285295755       -27.154766791831435        152.53877754907342     
   96.634648462664870       -33.006837241203350        159.55438599703251     
   92.605277700075916       -40.629168177982180        170.67441007354915     
   88.190877235779425       -40.190383283853471        180.20342882888536     
   82.119778753441494       -41.290901831898069        189.00265174285306     
   76.504197802779231       -46.068535437023328        197.01205598549578     
   72.816230558554480       -51.516698780992897        203.86364984197235     
   69.274600008336279       -58.680599850878522        209.53498347272915     
   68.877537173825630       -65.880658663140963        216.79684493426950     
   61.202766463438479       -68.900310466541626        223.86684806061416     
   56.727952433928664       -75.172539052889050        232.37572762696271     
   59.813238005281192       -79.418251852115148        240.79175866483902     
   58.263433284502867       -81.577200622753878        249.93714597745435     
   58.814323047736252       -81.043048221550094        260.42303082460177     
   58.034839181518237       -77.235393352255116        269.19940653083842     
   56.086152987224438       -72.726130929014062        274.01482680750973     
   54.288022128081764       -66.248900620146486        277.87509102542168     
   50.193196264189908       -57.947761159855105        277.92240278418569     
   47.632351207539926       -52.813246850149923        279.95065791641144     
   43.285034502606351       -44.758905744614374        282.48927542890766     
   40.723136968769410       -34.890396452568112        285.74382949548101     
   33.050456585132451       -28.411595704092374        287.05164084274372     
   28.841218317971141       -17.952235441099596        288.33318508495245     
   27.818718802418005       -5.4262769502494859        287.35795589991403     
   30.865119846426069        4.1133617308249217        288.09721861369451     
   37.396651729058419        12.001343517124106        288.90190663154010     
   45.484124794647443        16.986355550824115        286.90747028045962     
   49.327294905376334        24.023252411710985        283.21572342504737     
   52.238689197577457        33.196505528578570        280.49234112763133     
   54.056455550049378        38.785468406800895        275.55531023788751     
   58.695797103513911        47.913836461217201        272.80709124626372     
   59.785882484464025        54.177529612518939        264.57968137056940     
   62.239037793993504        66.472143014110728        261.13102309685740     
   62.400662685629925        75.420705012809123        260.04467345200931     
   62.195458770463915        82.569386134538433        251.20376154352280     
   60.936587617298670        91.601019485697634        244.87652190277308     
   56.743540706538795        98.697971998036962        243.32381967345958     
   51.216916301371896        106.45844790876622        240.78653725453611     
   47.458839126461413        114.77483112072350        236.81318169909366     
   54.574033004474273        121.46079817299122        236.57856206135762     
   59.044350083548039        128.97908113225802        231.70949635228516     
   62.351846170297733        136.75815020376047        224.14661777828695     
   68.618470940307304        139.79757512917718        217.79701843495121     
   79.972954835798959        138.89187862081454        216.75888520877533     
   91.075476385959576        140.66800404073817        220.14298298611610     
   97.568294694635057        139.26765940586967        225.16528648359059     
   101.69886874837822        139.30307510607929        232.76556793315331     
   109.49442008077210        142.67278021993511        237.25917907656890     
   117.95535705117393        143.95252928609221        237.73989806021788     
   128.22893612309542        140.22047105021286        243.60768719390319     
   133.89384781119793        138.46737997596182        250.93510042391171     
   138.00926967224265        137.32944365463698        258.72059997283918     
   142.10399844128557        135.67494286283699        265.17172230358693     
   141.42158220743823        128.61148349107086        273.05870756024427     
   137.08037800903503        121.24857002042921        276.12576458737487     
   132.63842447911836        112.37802577981942        275.49828442101500     
   126.90612995790934        111.59235158127453        280.07581711095776     
   120.42673857164729        108.32483588159798        282.92222769721423     
   111.09085308301448        105.04200376018626        279.66708914398464     
   102.84154783757749        104.48258693736125        274.86030084674201     
   93.119421233149225        103.16069288545054        274.26675331116144     
   81.918397268043293        99.907046267093079        270.26808294077273     
   73.845321767252869        91.757449826230271        267.89745906422581     
   64.162955521483354        86.245574130422199        269.20445639639456     
   59.484412170768962        78.729315551932316        273.11887464801441     
   54.756724256813612        78.280346608901183        280.84618045655770     
   49.419112942332788        74.922240110964580        284.84392916965692     
   41.160900737269657        69.405528758903955        289.34231139323731     
   36.280085273775086        61.057341287009862        288.53313181199127     
   36.916302510815086        52.870708774730417        283.68999994868813     
   41.425326421538017        44.514026253186522        279.69976030709552     
   47.350036918950195        38.444321101624752        276.03750781559620     
   51.741259039418225        32.669957777580798        268.01542727709750     
   54.211817540911746        30.936489891359066        260.38281980214197     
   50.386020306672812        30.112872916497814        250.53881113947111     
   50.704812593231829        35.902342477251565        243.88526277521382     
   56.947093781504755        41.416764089614901        235.56393448113994     
   59.902153030152938        44.867835706208481        229.36717203254170     
   64.292222988666751        49.793688049454239        223.20120091567262     
   69.095640132770811        53.836444765653972        215.44656679222024     
   68.667495035752594        53.643692688155134        205.82457180535150     
   63.345435446215966        51.266626159568339        200.72038235611836     
   54.094851362963944        51.001559688395666        198.57008562545423     
   50.618792626468640        43.934835284968301        206.31569767152951     
   49.097479975750566        45.948956225000792        214.98569263959905     
   45.645822164933698        49.219036737076969        224.33399354606209     
   39.189596864992332        50.612254136655359        228.52482461670357     
   31.013758573941924        53.682600142614028        234.21253850360898     
   27.230359690212719        54.561741454379835        240.79184165407403     
   23.883574778550024        60.120278226672973        245.35697651406491     
   21.143307222760324        68.484274280003930        247.31434397034306     
   19.244312987647117        75.117926587529126        249.15257448116986     
   20.117564140639967        82.294523294039962        252.75903595077168     
   22.179100157335721        90.702433963170677        254.44031353919047     
   21.945257622762039        97.690115253255442        260.36741048396931     
   21.810785170122966        105.29246156533922        268.75907953738528     
   18.193296016968912        112.27024430119259        274.17909427197407     
   15.232581151695523        121.23239586920003        277.86187019338280     
   15.384056904480371        128.33362870582818        281.25099395406119     
   12.136381917829947        136.11367684825530        286.52604242137721     
   14.586832317318748        143.68732226261184        292.64282016407913     
   17.830939840981227        153.57971061769882        291.33393955965079     
   16.559555354907655        163.37447097384126        289.21145698715446     
   12.484484857692433        171.74104817021865        283.96571682832558     
   8.2138563380971554        173.44451345873071        276.97919002699695     
   6.1866301992683743        173.55666320386538        266.28220460754909     
   2.1015923578930638        168.66127257976947        260.48202768490421     
  -2.2387429914826003        160.49098632110528        254.36439719768583     
  -3.1600983850568598        152.97524589450893        248.24701575731234     
  -3.2768122123039989        151.60080165646644        241.38194196355795     
  -7.5414038393710330        153.02215142233604        233.37678896474415     
  -14.393578504990433        153.53792779073322        229.85047813001444     
  -21.381632191283604        149.15170096081570        225.87476809282137     
  -23.263202811531233        139.46259215862952        220.70891280313754     
  -22.286741620369828        130.78948393888368        218.47824258079842     
  -25.282661124623008        122.25328638191651        220.66004096719419     
  -30.769540685889286        114.14020477756225        225.90933264093505     
  -35.011358548189911        106.77626658333141        222.77961063684452     
  -36.912684015104041        98.319313657927623        217.83591662035755     
  -42.107734057190662        94.888200483454483        213.42961517846163     
  -47.118236105776354        87.478569801189948        209.81834262504648     
  -52.311998042329144        81.959214078991010        212.18135857770432     
  -55.739008817604024        71.884239407721680        212.62146814663612     
  -57.928822977133564        62.090011017134003        212.28941575455735     
  -62.716302253517654        53.463854936277357        213.35614910533624     
  -67.020281006561447        47.235592589532985        214.07907783780007     
  -69.390422999315660        36.692175098891767        218.77017796971930     
  -71.259634524461433        27.998625413977386        222.73067396502435     
  -70.694091072247375        18.206852236286181        224.96542676612216     
  -72.384089355642800        10.101286368981373        225.67769038566908     
  -77.635312285997600        2.7739835065913621        228.00232382163335     
  -84.955410581033789       -4.6195658617338289        232.98692600469587     
  -94.401159560408530       -9.2250541653803744        235.71125758215885     
  -101.49021232432017       -7.4239858861609811        241.51639170735461     
  -109.42286006896910       -7.2422546434887831        246.21553988886782     
  -118.38374356600212       -5.3025611558744501        248.72632328320461     
  -125.87332198462775        1.5094334611239262        250.70418568246149     
  -130.69604735804143        7.0165099411634415        256.13757462234457     
  -135.65613446371265        9.6218757799736778        264.59213734122739     
  -141.78626903060348        9.8930229149604756        272.25029515927434     
  -146.62307065943918        9.0868181979634102        279.66765630196181     
  -148.01579304154734        5.9998539101024022        291.13721614280468     
  -139.10043873261793        2.3485734260952214        298.09314054603738     
  -131.23152772131050        1.6581053381831410        300.81690018041019     
  -121.22095206072208        1.9798803821458932E-002   303.51272221350365     
  -112.60010787742880       -2.2869540058911966        300.72603496720109     
  -107.79228863268196        1.9471101383836142        296.02589276445576     
  -104.91921910392352        8.0816545620800611        287.97385633358488     
  -104.07569952263788        12.785743212132033        280.65537375343530     
  -101.50952761764478        14.419130973429397        271.37876146243224     
  -97.939059907598903        11.217993948515328        263.63112537967595     
  -98.731773219758168        4.5866829202644936        255.70698501245886     
  -101.43322667349992        1.6665017566008657        247.48617099558669     
  -101.96496378727045        4.1313171762034386        237.79361214810041     
