   4.5958439724561231        2.9432482669232130        5.1777198167639540     
   6.2691631252411071       -5.9361199522886707       -1.0779843664807345     
   1.1498989726515561       -11.079575689951760       -5.7102144001543707     
  -5.4595017253205924       -16.135820122378711       -11.643205949834254     
  -15.595564828640931       -19.852145942886267       -13.418362688529186     
  -27.873784602435194       -18.715347993818511       -11.616117972190466     
  -34.055935359875377       -21.695897901405765       -4.2448261714975786     
  -38.327093066800160       -27.166896117585551        2.5979403278215614     
  -43.214090586282850       -36.055559298561960        7.7147966629964060     
  -40.845346358684651       -45.434474776299233        5.9950163160997363     
  -42.013597794290718       -55.231068717755974        5.2330684213930851     
  -46.783423280574425       -63.198921945404521        3.4798417814273535     
  -52.225956795998854       -68.795445990766893        11.137157174198563     
  -55.359976946674180       -72.900219570183424        20.334684747359148     
  -59.984802764009657       -82.192976717154551        25.381563198192197     
  -67.421195097926642       -88.334554593897252        30.155401836354713     
  -76.919767393455260       -89.334856051193981        31.010852692874721     
  -80.773536314028718       -97.985974588905918        34.649123830296617     
  -82.798657321796640       -106.67187236703128        37.544254759709474     
  -83.126640343427681       -115.49749401725300        41.715772499920206     
  -75.583078903790550       -121.90912294017497        43.453000836150352     
  -68.234100395221816       -128.44413983114990        43.875373925113593     
  -63.318620109942771       -131.50568428865483        47.332107194060598     
  -57.157813284217298       -137.66858649146681        54.058875060069852     
  -51.044630068714355       -141.09825887042786        60.501613233739050     
  -44.945938482963015       -147.33398292755297        60.526583917842913     
  -37.631603924284491       -148.85492835894181        64.136218605256374     
  -37.376779515941394       -153.73986953602989        72.919596421346910     
  -42.212869356728675       -154.97664653829534        80.772630160405868     
  -49.192798957915045       -149.23648210093737        86.658045051259762     
  -56.361331123392887       -147.80579134828884        90.725156389999995     
  -64.215321568279620       -144.60877512496575        94.892307511429067     
  -73.733521883562787       -142.35691210317714        93.789235126090773     
  -81.784419302426812       -146.08297143731232        89.872494225156345     
  -92.603675772674279       -144.44356535851927        88.030350499023882     
  -100.57457371148917       -140.30374668221211        89.968311156750417     
  -108.28921306190909       -134.09262123023547        93.577287496105839     
  -101.37731336288499       -127.00708009506684        98.215785008224827     
  -92.861218349656326       -126.44268275326664        102.33668684835089     
  -86.572953398794027       -129.30277296597188        108.64498061344136     
  -82.476564882676826       -140.53827637786745        114.16528230474154     
  -78.623543034469407       -149.01628450819325        118.13521684287525     
  -74.761356718241984       -150.50867225092139        125.69467369192893     
  -69.056971280512983       -147.04569092159628        133.34668865478056     
  -63.710868227563793       -146.96677999611322        139.84497662805597     
  -56.154315023188019       -142.07418665210088        143.46579532839706     
  -46.382781928274426       -140.98675175218619        145.84083134806855     
  -37.307080973092411       -136.96532651958734        149.20022387970539     
  -29.238398351639034       -133.17364950455809        153.41041147856617     
  -24.728416382112073       -129.70002272113211        156.53789167329836     
  -16.727659151361024       -126.76563477907098        163.24952322731633     
  -11.742452044390291       -128.17995999047855        168.75202221278789     
  -4.0690109137545960       -125.51191072736765        169.52993882075464     
  0.75413740025589959       -118.15233071038634        169.64666733200607     
   1.7910310335569193       -108.95716011723511        167.23582233756014     
   4.3672913944272977       -102.71837717124745        161.50632777180465     
   5.4716343020789964       -96.054396779198584        155.46755444859576     
   9.9425966951892519       -86.426288490545474        153.77476853334514     
   10.757113732574282       -78.254980843930142        158.27176320480402     
   12.219718054582984       -70.472478144381313        160.69697253257357     
   15.025792260223170       -62.105839044576484        164.17004542833058     
   15.807270635709301       -53.349632296024282        162.37280006205714     
   13.949691413399705       -44.439412704582907        163.61699621784277     
   8.9746322000565897       -35.439927286997552        166.83991978610868     
   6.7175510817476720       -26.563454313813267        170.29399904377539     
  0.52608043438789309       -20.085321583904509        172.58321999750399     
  -4.1215703214132304       -16.455464204470616        177.17004948780698     
  -9.2889868999139367       -13.034059923515141        180.96918745667307     
  -15.205169800271733       -5.7693191049729773        184.46745630395094     
  -21.633641391262756        3.0947476989684386        187.55133726187950     
  -26.614572392542698        10.883135927140552        190.63645689650815     
  -30.755580792291312        17.535817377371721        194.32040640174608     
  -38.580488215067078        24.795533254948840        196.94767132859954     
  -39.058560153364795        33.476403915846511        191.55946729976569     
  -37.168970832310549        39.142700029687191        185.81596792516802     
  -34.306646032453784        45.479023159384440        179.99087375289844     
  -30.444946012496416        48.838168886785262        173.30719393541489     
  -23.851980773868604        48.284824720635456        168.41760602261911     
  -17.410077045956314        45.504391569649776        161.40325132694738     
  -10.700201307084683        42.156658400122843        156.45510484279777     
  -3.1905085042352539        40.823492217506541        157.30309927973832     
   5.5244248306289592        39.045595820845442        157.43168824736415     
   13.116949406181675        38.599452021546298        152.81249752165041     
   16.031714770055430        39.332481814325405        146.27014079605539     
   24.883518860494860        42.672783148582511        147.14394024774691     
   32.262457734867553        40.630698917970946        142.73749169426867     
   41.835468116184586        34.959256721929272        138.47827025886238     
   48.846832215078848        25.257285440652186        133.25909933937805     
   52.207999920095062        23.284764759221424        126.57890394604993     
   55.164196123469765        28.388878745284174        116.91860736353766     
   57.373416324027858        31.272296000037986        110.22972655278909     
   62.632221585921968        35.415746271361101        103.45802538116834     
   68.799694704640785        33.758359335772695        97.135831324906405     
   73.912754312327195        31.930277341644196        88.554635321081037     
   78.021926744393511        31.689851882627984        80.353968850097203     
   78.115627832730070        41.102347356005794        72.932503566344280     
   74.446060557079193        48.978541958786280        74.307551176096865     
   77.505022397664163        56.520713523999348        78.378862535544727     
   76.497981017178290        63.374833592567313        87.879701414889041     
   73.272094310381931        67.463586155715873        96.447140084784564     
   73.755670671414066        67.773595704258014        104.53225403760001     
   76.584378853669079        68.457911435313093        113.17815202530176     
   78.900303891279236        71.930188122409845        119.86198005904316     
   80.475950705955654        74.412416181367036        127.82598025154709     
   85.009977578109044        78.005660645074087        135.66939165179963     
   91.234039172082987        81.248440359376829        140.76347350030795     
   97.459436606377039        89.804246160877824        136.26595887621147     
   99.781908822111063        96.266152400081367        131.59513715830752     
   100.72379406584218        106.81542897830448        129.42466133650731     
   106.35589687523048        114.49707281017703        121.95401400004323     
   115.43243882365118        113.55388637644658        115.05422162655702     
   121.07690890533138        108.34865409440278        108.49715204965872     
   124.97486329981677        104.88807681518801        98.308282283027040     
   124.50251812394595        104.54117121673686        88.994136722986639     
   123.97093982456983        104.79694590662261        79.239809224564908     
   117.69598070915987        108.75886736313468        70.454892712865160     
   109.28630737484548        107.80763213883367        63.029406867908989     
   101.72089313508019        110.25884834315421        62.927969077814822     
   95.703867556360478        112.52576574338252        57.725289060277987     
   88.935740549624938        117.45783669723082        57.833700201446305     
   81.889568715137159        123.33113809906961        56.432587243660976     
   76.310434461305420        125.56604307836851        60.215837971353267     
   70.712626157838940        131.91931822462527        58.807567557117324     
   64.591374003520457        139.25931458635773        55.191380130637640     
   53.846640814449813        143.84053795096125        55.466884306237148     
   45.747069798359178        151.58383410013886        56.379491061682643     
   40.053356103754197        159.07490006627282        56.314841020562113     
   37.204759543830050        169.32112969656322        57.884441249454113     
   38.580563540365063        177.91475507365169        61.670139681287623     
   39.500686243600512        186.09919675796297        69.311263908931608     
   40.341370786326536        188.44577350490755        79.850879876093700     
   44.194416295361805        192.12952159309725        87.390935924724033     
   42.697844579869752        198.66087348916284        94.884335636774608     
   41.805094597456900        201.90853047325371        103.61885502046266     
   43.065289201235430        199.60841418687176        114.66355503637527     
   43.429301946611474        198.34904159357606        126.13716113725854     
   41.192613435782107        193.09885915192277        133.27420224502993     
   39.387222715548432        195.12405942519840        142.67041661623261     
   36.973448139911454        199.27888209159102        149.08434094708718     
   38.145013202187670        206.43182244412156        156.36714738773748     
   43.059452695529899        213.10426664591344        159.80108267991869     
   46.711251794500129        222.09181394548756        165.68113420895565     
   51.867554293138141        226.96840561266350        173.01282812067387     
   55.560984555998630        232.67210005235822        178.70847900891471     
   60.410375475673561        235.85757827045902        187.38095206695402     
   66.882155520647984        235.46372266777055        192.31675281891762     
   71.088325858901158        231.60393615921666        200.23354854680395     
   76.155467464649178        231.84194227534238        210.72905181106358     
   83.234691125224458        235.16477284070692        213.42937896894261     
   88.276936137139103        242.23130789535409        210.95658049126013     
   87.311007308623914        250.77283980014431        203.28595357381454     
   90.702491796335892        253.37937390881575        193.26289042868723     
   90.642732854105475        258.02975601043391        183.41141470947309     
   90.037318792458564        263.79822818400464        176.31793016403259     
   87.119994160193357        267.40685828773877        166.15473963825514     
   84.687121052262057        270.67908439855682        156.94772084971333     
   85.968368905129125        273.00569585447465        150.22246693473949     
   86.242525137042264        278.10147867071777        139.65558723735023     
   87.414963655612837        283.22881488739029        135.13914112492824     
   91.383205301114685        290.59641886544182        133.06120183211777     
   97.890656181463953        292.38210206706947        126.38607948908083     
   103.53049090253194        287.61511200239789        119.62743199888689     
   107.29092214873344        278.75830127895773        116.08711861355630     
   108.55517737808594        271.67923142353550        111.23608673471745     
   111.30128136333497        265.92366326148885        103.98350872295333     
   110.78829931018237        265.28326332527627        93.844296159121711     
   110.10105631686469        270.02110480515694        85.823641170181361     
   104.94944686361760        275.73377618236549        81.689731615722565     
   96.517528801651508        281.79351897908595        76.979966284987029     
   86.562878601201135        285.15233415600022        71.120373811930335     
   86.275450746189108        280.72540770729381        63.020608087067671     
   88.084196050983792        271.53415205565602        57.181682838813259     
   83.183451722330631        264.80950774670430        51.107562286338919     
   78.733001710739757        258.94869989214470        46.220887299320282     
   72.170052020127855        249.59600599417968        45.954170101609947     
   67.645867747434238        240.67233832007534        50.243476269752961     
   67.996317118222692        233.46166466665133        57.287911240329095     
   70.068721923665294        229.72478302318410        66.137610575085318     
   68.956809435540720        227.15829257935343        75.432728318960756     
   66.512444338201476        226.23321030791308        85.933774534749261     
   60.411005906587548        226.26151860128360        93.536645940265544     
   52.540645947322560        220.95158462103333        98.788788445297712     
   45.115394350987913        218.02786678678942        104.11699130014358     
   36.279331183214367        215.66258965983198        105.33841439097989     
   29.650080380183226        208.45869757698381        103.38572513696516     
   25.413943125752382        201.40319908877805        98.286337825153680     
   19.102064370772894        203.08018636517002        91.151444518919391     
   9.8087605298998710        197.93850065117186        85.823036716652723     
   1.8785083307648165        197.65745448096297        84.669521267011817     
  -3.0491634252936706        200.02617832682603        80.324647043562493     
  -12.377586581319349        202.73881125383031        76.376190243504027     
  -19.193979040090085        205.69055473766448        71.755233872393262     
  -21.441171089838747        215.34908766318262        67.296147873773350     
  -24.473081072057994        223.71547372355667        68.879568211074002     
  -32.468446561922576        229.48991812092396        67.867629175700358     
  -38.608775876089680        235.28433893917443        69.205526913048686     
  -46.571630763598023        237.19101244475206        65.737006692003035     
  -54.757635952041596        236.01626576345600        60.186237068608932     
  -63.021836179064991        233.85692771040769        55.926090452797553     
  -69.903561046286541        232.91049409595382        61.548991723832728     
