   1.5265863881678285        5.8787972757884077        7.1007753340421278     
   8.7586323909677617        5.9679733698595534        2.0696996711713584     
   12.768314678145558        6.7022023647771327       -5.5298054635798044     
   15.998459979231697        5.1872945837211439       -16.178399263680660     
   10.819651031957889        2.3494435791706145       -22.908695763935540     
  0.21947261510051419       -3.5586684034251448       -25.542443687188271     
  -6.5678550600968890       -9.5745675986945500       -22.643966908497042     
  -15.159433843859020       -16.853731623495577       -20.128557246786187     
  -24.422969856288660       -20.884791413345958       -13.869291084545550     
  -20.357164777904572       -28.742528478033165       -8.3573197350975938     
  -20.606073041125214       -37.773428507845722       -4.0406248248548433     
  -23.952124600444876       -45.230960384779763       0.31255352288062055     
  -30.850500664014120       -52.139850933116421        3.7435978038243216     
  -32.981495782175912       -61.352301584485943        9.6827474510582512     
  -34.121562348665250       -71.097076903484194        12.028620307322198     
  -36.695404920446293       -77.573277471298184        16.539055629103991     
  -43.474010930838688       -80.986172554497202        23.933308209346318     
  -45.532798292413105       -88.719673001906799        24.467185444677376     
  -51.202747589929935       -95.812941018026947        24.463468141733095     
  -54.120563356332461       -103.24866716500088        20.687452609556473     
  -55.523830534602361       -105.48380737660011        10.760068439806387     
  -55.888915477228430       -106.83975204931022        8.3107608684144935E-002
  -51.816110851292642       -107.40906063896387       -8.5146641740648352     
  -46.752776188759825       -108.16897060133306       -17.640862257040656     
  -43.910805973002368       -111.07084089170172       -24.140770684747874     
  -45.737168916863226       -120.35886203517154       -27.881050512177843     
  -47.075468893230905       -125.77651106292103       -32.658837375771959     
  -46.249532856392882       -131.38525255701188       -38.920563525266502     
  -44.585504301111825       -136.42763598342037       -47.239292924053544     
  -42.362463510594921       -134.85538502214578       -57.652262511941302     
  -39.488783670900119       -131.74748752468386       -65.616539578765682     
  -38.433951647416094       -126.66951800917971       -71.030725324868300     
  -32.646224014018841       -124.23803997048222       -77.691347276052213     
  -26.811314551938551       -127.42533120982023       -85.569777352258640     
  -23.620706161093892       -125.86252257374287       -95.789184353269036     
  -23.897861870215579       -120.49068295789795       -102.12118011849930     
  -24.306266483516097       -113.61860793960588       -110.65334963218801     
  -26.827072066870812       -104.23425318452482       -108.36421598636505     
  -29.108393922109983       -100.61120842746971       -101.40606919289205     
  -35.386518313975401       -99.951029628882935       -93.989816162843340     
  -41.114245551855717       -105.42413260891752       -86.313577100576040     
  -46.334242526598061       -111.26087392274817       -78.119234831342411     
  -54.522589430951342       -112.46394477102822       -75.545898306363313     
  -65.251707051318888       -110.32572350639393       -77.472576718604373     
  -74.566227703983898       -106.18855048913412       -79.912475435086421     
  -79.779989536235021       -97.582533324581334       -81.305735338751504     
  -86.611530425958676       -90.162413192653787       -77.514344301831301     
  -92.579927795879456       -82.928583782975110       -76.025671738266681     
  -99.995013347964743       -77.514783497789466       -75.456504521279300     
  -104.14334072192693       -75.123876182490960       -77.014383255863649     
  -114.90726415079607       -75.346769030975665       -77.804475696088517     
  -121.84921742326736       -78.323496116117070       -78.190249061177653     
  -129.44723536365183       -76.854828762328708       -79.342049018524321     
  -134.83795155648576       -69.213309780260005       -81.493805056569116     
  -138.73790374603061       -60.769760921807688       -83.996148765350625     
  -139.84005517965656       -51.953972714042891       -82.482099431280744     
  -144.58376610295488       -44.751027374800259       -80.208104408040086     
  -148.05985978117286       -33.542931099764772       -82.250735158905172     
  -144.27712844687423       -24.726383028106667       -81.421016689102203     
  -140.62677204206886       -17.124464547542274       -82.615157087490559     
  -138.16334837634832       -8.2975863550681694       -83.289615128885330     
  -139.04157030586171        1.5429060896659337       -80.604680931479820     
  -140.02212409077723        8.5759539260491486       -76.100029804489324     
  -141.00576420222993        17.235826329005842       -69.546934758953853     
  -138.99886496063732        23.348570858267799       -66.133982614301729     
  -140.85419693346961        28.893944920274880       -59.624494984222338     
  -138.05231048446564        34.328854040831700       -54.325826958702933     
  -135.99787681002550        41.143302604349110       -50.153701844896389     
  -135.50203502779129        48.035901194476352       -44.530920119206741     
  -135.56791488888953        56.947292305319010       -40.991630715161108     
  -134.55891438344938        66.431109983460871       -42.998057444448122     
  -133.34013909005202        73.869143773365934       -47.900770172314282     
  -127.61645631837709        82.623584960551554       -50.871470848215409     
  -130.40604081834050        90.944720817654570       -52.051982473316819     
  -133.17790953488097        97.339959169991772       -56.978550736033391     
  -135.78873690011250        100.71479162240439       -62.760097358084238     
  -141.26782266098621        102.28746421779655       -72.184513029440666     
  -146.79140291154056        96.431181310558671       -76.384949866846625     
  -153.99566319919342        90.217253992186698       -79.272146383315018     
  -155.21105578920330        82.548901480260398       -82.944022113618530     
  -152.14967884159674        76.197644653705069       -85.547645599989266     
  -146.48014696607214        67.819352959506944       -88.312326160696387     
  -145.60694093079437        61.245994246583884       -95.790336436422123     
  -146.77900070757897        57.110179101452836       -102.83914276730889     
  -139.77344685364383        55.705803933086244       -108.36047268822513     
  -136.41318243243347        49.488699444219655       -114.06486735424160     
  -132.24710610052546        41.517808352362465       -118.20611621491514     
  -127.01090292610340        30.934250930866529       -120.08739727550235     
  -126.34162761183134        24.159952160057458       -124.10328795023970     
  -124.45460205479154        17.892749510071084       -133.66791235025755     
  -124.63000047347002        16.098769499544893       -141.91336426681485     
  -121.93820494705398        10.417511023507416       -150.85690340618072     
  -123.36639404252769        2.6992848959650928       -155.19189788973438     
  -127.10993324915231       -4.5286069945247220       -160.94492057245762     
  -128.52718305941326       -8.3159149561665089       -168.32133512563146     
  -126.81686037803075       -16.580128780345674       -172.26334816095033     
  -121.14857957625500       -21.059916421904518       -165.03232323084234     
  -119.42354535819598       -27.288468914239537       -157.68637756747512     
  -116.86729257231072       -27.221250531656970       -149.05905386945150     
  -114.73301146876476       -24.211640583139499       -141.05346065219118     
  -110.98431637255338       -16.660833833405746       -136.53749610032554     
  -109.31109660967958       -9.6841455759519874       -132.85594694764129     
  -107.41417742560333       -3.3014816658288453       -125.88520629271338     
  -104.31240671079073        1.3696691676506170       -118.74356258029987     
  -101.92533819543684        7.8196627451268377       -112.47464378210985     
  -103.84339725149933        16.284663501627456       -108.19076083661535     
  -102.05557962709257        26.829585024964398       -105.35134262194968     
  -101.41624301253928        34.779136504902127       -100.01038184190644     
  -94.434129746569880        42.519319790321127       -96.326682441186222     
  -85.544047471350410        47.471471897360971       -92.905830680814290     
  -77.451055411508094        52.451066416331727       -93.037040499434326     
  -68.894183763371871        56.786034038307051       -93.982533280935783     
  -59.000098346885110        62.184145191706243       -91.452145267733158     
  -51.014316388012894        67.075283694747640       -94.865688998180232     
  -43.508592002667925        67.157693047063219       -97.084803862483227     
  -33.126729962008142        64.336454844650802       -93.877932179798108     
  -28.321360304059581        61.895079884848052       -85.579011883964498     
  -22.285120626130222        60.316059517516123       -78.171393693400660     
  -15.979312951208357        61.534402934689531       -72.474706276221298     
  -10.200115556648029        57.978202302701845       -66.490392503929201     
  -4.2134229633523006        53.249884091909685       -60.249020268521761     
  -3.3291386703379828        55.734068136924321       -52.572548295311975     
   1.8368233617244698        53.046095210738613       -43.821242834829931     
   5.4195689388468793        47.579432626926980       -36.686644818730620     
   16.178059893284484        46.750345765033508       -34.443889411239411     
   26.050268933703933        51.973554118757320       -33.158541153178476     
   31.521881234408045        60.020378787799530       -32.975876310086917     
   34.907345753467972        66.395636047516945       -28.350960892858637     
   37.754034599537412        72.682788395137379       -19.704028478561760     
   30.212872170471474        78.725337969936973       -13.445664792587772     
   20.101211537247469        82.868086702379060       -10.988910679110061     
   13.171751515959860        87.361378845481113       -6.8714695325448183     
   2.8732105394452248        91.291096991019259       -7.3851516549938445     
  -4.9535691646338194        93.031049069991781       -4.1824614037585448     
  -11.959924704652991        97.133837165537585        3.2834118043716662     
  -20.988319240549330        98.741964079429209        8.6563477625750078     
  -29.258930595442308        94.212284539499038        8.9984090543038384     
  -39.762823869143347        96.428232381560889        11.291416726469421     
  -48.879910852476236        94.294575857647359        15.747046928089418     
  -55.025837787948284        91.954504606843585        22.480613327395574     
  -57.741112309218956        86.937237766446515        30.279897450290335     
  -58.853091161770315        84.046684816457372        40.048293022681968     
  -60.251496509060942        82.976796397694955        49.429344877144828     
  -58.658734699847450        86.570420986082922        57.051370875318824     
  -58.202282351651697        85.955109596575113        67.685191272396196     
  -53.306828409443540        82.713829662485381        74.695762305638027     
  -50.105629160685879        79.634880284708544        82.168132564566122     
  -49.014908171364539        76.060157473523930        90.728197368313729     
  -42.622414917411248        72.706763489844008        93.449794812470557     
  -35.690741587246450        67.848770089884226        94.796936254483640     
  -29.595701592893192        67.953854938404845        104.89350772878248     
  -27.805198007211018        78.062981776661786        108.31959279884684     
  -30.832735770483765        88.068250723456856        114.12874503547508     
  -33.062503335993171        96.392192932666944        116.72635719524385     
  -33.409981970220713        105.24504454745797        121.17564111666746     
  -27.848039032510002        108.90728632712968        124.01020711493584     
  -23.704660204588251        112.50637860310921        129.11284597283287     
  -18.063373606619521        116.81626067584837        137.25055829025695     
  -12.971203389474994        119.35608072519854        141.88090691598359     
  -8.0797932938118748        128.65688667433500        145.64611704549787     
  -1.3566698683571872        131.05679379509547        150.38481667132871     
   7.5517809983311963        127.22746781730704        156.06739745174676     
   7.2737999378256291        117.18368983092309        153.08334092648357     
   5.5912858689482192        109.34378091260348        148.08342345856781     
   7.1810639869556212        103.42968050098607        139.53875727081555     
   10.586639632164747        94.313398710994761        136.32922608529228     
   14.918493714565031        88.694246711983837        139.03559799190293     
   21.679789627611427        84.941661322178604        142.21959305831999     
   30.473072691978246        78.795992299141091        142.53898677833683     
   43.244407173741848        78.741115779754494        142.92427634431610     
   42.540297276698624        83.994787152922513        136.25825049914059     
   36.408216444711115        84.042309138941448        128.09555748686296     
   26.729312161739927        83.447106671563660        127.36247358984873     
   19.355724852608347        80.733134609446367        127.06153815911752     
   9.7865813904940353        75.206192914351362        129.77408583840568     
   3.8308638597806066        66.764041852748221        131.70885844080507     
  -1.3913994513004013        59.065067055391339        132.26063123439698     
  -1.7364307413391629        51.171219634404025        134.74680674096379     
   1.3761030054992602        42.530778706970352        139.60318796589996     
   3.0461311585908390        34.249880717691532        145.13700658517195     
   2.0724112662710610        24.524720555475277        147.32396615422161     
  -2.1739623602193774        16.477421564121741        156.14851344389669     
  -4.7921044271527080        11.238690326263018        164.00907067127292     
 -0.89900955608545985        7.3988815627962765        172.23328624327596     
   4.9121105242131762        8.4331464500701685        181.22993388157070     
   10.116024791070615        11.975445947387740        188.47774261278676     
   14.816764575754462        17.442958746913547        191.30536785955837     
   21.279490250745567        25.079213170605428        194.51323067035071     
   24.364614207920965        31.205984584556333        197.93094124693988     
   24.730895466141732        38.090202199878519        199.04634228503187     
   29.022074356920683        48.124882863893106        203.24361243518968     
   31.275005461832421        55.974803480176334        199.14731844999531     
   36.433297043383760        62.135870982143963        192.14229295791114     
   43.604185127029268        67.479847074607861        191.43972368553901     
   47.418234213575943        73.986262000930338        194.69773977691273     
   53.815015143889610        76.876668317082903        202.13424980640866     
   56.134408083018798        79.720952605958871        209.40187087179319     
   58.876767842474607        83.095481332703145        216.63512018160088     
   58.475624933597771        88.283030893261980        224.63548215187561     
   58.517228193271279        88.884848060415834        233.87257355675015     
