   5.0205602115533736        6.4673359447608973        7.1173854503976486     
   6.9517636115102448      -0.31541865056013307        3.5437429971845802     
   6.2126751602566230       -8.7567884847295403       0.33165337269321071     
   5.7808669625649998       -19.115723021849178       -3.9842881360453362     
   7.2664470635090197       -21.916382068472473       -11.295612981177811     
   3.5012858201199890       -21.112219889976515       -21.491288127752711     
  -3.1552373132668379       -18.453482389162090       -28.578048454994985     
  -10.526208887904829       -18.195702894778918       -35.459221518225092     
  -20.271276551750702       -13.587713426548689       -40.640941362603598     
  -22.630078898434419       -18.930838607784835       -46.741300837179693     
  -24.443164994813287       -26.867521380203812       -53.308725833552614     
  -28.793608209643565       -30.547804463987475       -60.743360756341559     
  -35.009927093150225       -35.192777697201734       -70.570342800837977     
  -36.923181102940646       -43.275499935205431       -72.295672235208684     
  -34.134899666852476       -51.217343340362348       -78.367366328004664     
  -36.027787767327084       -57.455247194190321       -82.115205797239582     
  -39.718580278185158       -59.393725481700415       -90.525729318619028     
  -36.756045231080435       -63.883124314530249       -95.798098175264897     
  -28.511635096166344       -67.852163306578717       -101.05669139249795     
  -19.935131430034829       -69.743995467834310       -102.01925121774229     
  -9.5327448143560787       -70.555838897585716       -101.61372419192082     
 -0.68555483096122316       -70.923809731358233       -98.164740776445399     
   5.6121823031249392       -69.328395376378381       -91.009068503439437     
   11.661566409268289       -68.683106384739375       -82.579954557068959     
   14.147376738685693       -71.276600798290332       -76.615910599391441     
   19.665398842296696       -78.055706798728181       -68.823651581448615     
   25.478252365349192       -83.126889399319850       -65.016298389533176     
   28.120808296726381       -86.552217525264780       -56.518532385715929     
   30.077636154573923       -87.934039208353795       -48.642536855126934     
   34.931205810660430       -84.344139986393344       -41.576622298522580     
   38.353920495584276       -85.591790240378629       -33.327900971845310     
   37.900789206410423       -85.803767558483401       -26.270773313750198     
   41.471068481942751       -89.816162869840127       -18.442157068192927     
   49.909630890634560       -92.925307366445452       -15.060003068981189     
   57.787921499756777       -92.249186587635421       -7.4562134495635348     
   59.204616853028398       -92.680024933683370        2.7448360051967313     
   61.238211307491241       -93.005274653002090        12.555342595905813     
   58.549104767448540       -87.622445602435789        21.152890285173527     
   56.169365250640638       -81.714985528331908        26.773245876722598     
   54.605737904772297       -71.669273277147028        29.944193391155835     
   48.301027077417388       -63.318087379813562        32.008621861152221     
   41.797262057488325       -53.939722110937538        31.654000668472122     
   38.744064064326579       -46.377768091288672        32.500958815228302     
   43.599815867522096       -37.222008009412406        33.793646264625608     
   47.702575430318717       -29.314393106879990        36.718480633198965     
   54.969331948988696       -24.043498188555134        39.138526863029625     
   58.729572920691581       -14.860221479047496        42.392634327735834     
   66.680403350333819       -8.9264778502335673        44.717457999698951     
   75.091321375809713       -4.1807042598722193        46.887953231820006     
   79.600285274050563       -1.3841898695088777        46.409197675461570     
   86.063732463661779        5.3094198292584407        43.985100224432728     
   90.168583926794525        10.872578084833956        41.050658425079348     
   94.946650093390758        19.869104439283415        44.340582501052921     
   96.090826554383199        26.389096789033911        50.751801020443963     
   95.277483453681370        30.733266659685409        60.323401740398410     
   91.008907565199479        33.906698194700631        68.809665223580126     
   86.127442834916522        40.675355826073449        73.113185865041302     
   83.059037761432350        43.784779285312020        82.945010204164205     
   76.263931020176969        42.492639614626384        91.510590626338953     
   74.262695366738214        42.069061452590496        100.64739578862790     
   70.079649672834961        41.539011491044917        109.76336961975234     
   63.828427720452666        37.708159405030202        114.32463136267546     
   57.840314349444327        36.124796786221324        119.10882852705157     
   52.421924296545683        31.599300466077526        123.97583762848316     
   47.769121393518276        22.687054106320030        126.30888801520885     
   47.662211065194413        13.259081566967135        126.56767210453481     
   52.726048611340588        3.7593546097446144        121.91115953240256     
   59.890114256534630       -1.3442742328948090        124.29453457004635     
   65.239120314876331       -8.0411699296458519        125.21092711672202     
   72.533722760450587       -12.477302856156518        129.52528167709283     
   81.453459288997834       -13.269782999128998        135.85032026784430     
   88.454465666391513       -11.772312431510590        140.66932587860268     
   97.605749200377758       -10.888473470736249        141.64035631345493     
   104.06523540336761       -10.561993342158280        148.83562890254709     
   105.28805804574492       -9.3552221757043466        155.94327550641188     
   100.94970032865082       -9.7968515342753388        164.45061210420346     
   94.389333376902727       -10.598602548789449        169.60421065970087     
   86.399576859811873       -14.416553736958042        171.11112769274172     
   79.835094313580726       -19.839009757381636        169.95135297693986     
   69.476963725707108       -19.074369023233562        165.65009482926956     
   64.359425510510675       -17.397726818367136        159.81819745884448     
   57.243296105604188       -14.736346432644003        153.71536375114883     
   45.164131182566621       -16.743159178800571        151.81660979094946     
   36.997877582535693       -16.785594327462906        152.62480129497584     
   31.622893895795901       -7.8770012028278744        149.94428262702081     
   30.460899195113686       -3.1517913809470222        143.59784428997867     
   25.655946674035025        3.1018382929009314        138.25082565066290     
   21.487644126241296        7.8039714488530647        128.70678388963202     
   16.312578655130810        8.8634581274442912        122.53312888892899     
   7.2973182985606719        13.042255006138733        114.86454487112570     
   1.5610447735605564        12.030547013138085        110.80971513247979     
  -3.4159307176004430        7.1754600638572610        104.56835357085981     
  -8.7452113071182929       0.30595758485376717        102.64736140488012     
  -16.443168593608160       -2.3271528342120340        100.09711152014843     
  -24.481243889537719       -1.9181429112456005        98.976634573046255     
  -30.474721557638329       -1.7199858904468830        93.683803980356103     
  -26.287956721695192       -3.7836936481863623        84.478169114117861     
  -23.962130123730699       -11.189379154875246        77.382780545177695     
  -20.928692209125895       -16.897597892761343        71.998435340896407     
  -15.840131741166001       -24.875003505213758        70.681753430009849     
  -11.014358658998272       -32.191267438780521        71.859633558065283     
  -4.3471048792555358       -35.980597641359630        75.219709616464073     
  -5.2710386336823678E-002  -42.622973981458436        77.946023535917931     
   3.6833478901434122       -51.715083381571468        80.355968858541317     
   9.1464919846734496       -58.765672901166432        79.334328139070351     
   18.489568538775561       -61.288852942661443        79.499629146888296     
   26.914974396265624       -67.800564704969759        74.628761873383695     
   32.020065104271538       -70.223914282778765        66.561773057837542     
   34.423602649992432       -63.941717338566015        58.855610790905544     
   36.437896415278118       -56.299043356568241        51.967428568554794     
   36.324755832353475       -49.348451333232624        46.613944199687069     
   38.995772017994369       -43.085479291685608        40.540786621764653     
   43.549616568562811       -35.090506785084251        33.880390484142595     
   46.719674854488545       -27.474404592296924        30.899931728801675     
   48.995112995533020       -22.006820208511218        27.836685976154172     
   53.523742336735154       -12.683091202969427        27.124240360680858     
   59.162052474863387       -7.1845124907300617        24.594118065231839     
   66.957037926359845       -2.9820872704958155        22.843518197578788     
   72.822121139449621        1.6875545545004325        21.547137960839422     
   75.809334773634177        8.3741947718010383        18.558475175147464     
   77.300995256089138        17.074334929929183        17.126194637998850     
   79.195699197685116        23.914258262497039        14.203285958617869     
   77.901275979074725        33.128209774634193        10.649524582228111     
   84.018709804856144        37.890937133440360        8.2414349460487983     
   91.089900528992757        44.509557707584634        3.6470617324747825     
   98.964031300918236        45.067812281691808       -5.8689127748210979     
   106.48716842080941        44.073969022325990       -13.435234022736893     
   110.73477899228605        49.011623563348287       -19.536441270284030     
   118.45488979349599        54.929830167296615       -25.631521418632246     
   123.03861469697871        59.327346933987336       -35.412238702595232     
   121.61371914598485        60.890216509803018       -44.031528421389055     
   119.53337971213170        61.429809842204875       -53.754867798256186     
   111.53493724887650        59.954767186192804       -60.038599761392163     
   106.11230260835123        62.232768451836073       -65.428351592699784     
   102.44473445961945        68.660227213947792       -74.029045547596098     
   106.04923668973240        70.524339790333187       -82.411194138428044     
   114.20560260620807        71.770285200537728       -87.735170499886152     
   118.84323128021541        80.327408819500576       -95.962034232552725     
   122.09827984023840        87.878096756910963       -101.59641363178847     
   128.36187103349874        87.458191896007349       -108.55495866863768     
   133.05116891404472        92.815507440617978       -115.21451787292133     
   130.51311923929177        98.321666800037036       -123.24379254146564     
   130.27501741273707        105.67508154070954       -131.14035859351861     
   130.30388624456720        110.03434079259264       -136.91434825229021     
   131.54687069207750        116.77024382440356       -143.08820613343067     
   127.36219544262215        120.45682686368340       -153.40599645210381     
   124.43137582314344        123.01438331970283       -162.03820249388377     
   117.28959482979708        121.26606415467620       -169.69652736674811     
   109.56505074612170        119.66744188897945       -170.45626087159309     
   102.11882209749271        123.30553849806132       -169.04623712846444     
   102.79310948276506        130.95564460641134       -173.57684651448028     
   107.03185785311229        138.72410345118533       -172.87331032912596     
   113.81242930504523        148.44387971979879       -171.24504736928299     
   118.52873700196207        155.61850257996116       -169.46477176625115     
   124.00250220712608        165.82388844042990       -165.68547316759435     
   125.93645403195366        172.19665131276781       -163.25445793654569     
   131.21281595949608        180.04154049791038       -161.37364359205242     
   131.77643355405178        191.12733011905055       -165.02731207689425     
   129.39443057556153        200.36003450157955       -166.93220165379944     
   128.49566623103038        211.53455307604469       -172.53525984627680     
   123.87249291998759        219.38337237246239       -172.33718934706133     
   114.44021973945593        222.83855337403406       -170.64766356768678     
   106.40697484683052        217.52412601409725       -164.87956096957549     
   102.61881619455556        210.09041023553681       -160.52763263543073     
   101.46816930393780        201.42234875756995       -155.50736778441058     
   96.868633207501944        193.24390236269574       -150.81573547077971     
   89.269025029601039        193.42560890545252       -148.22722009516724     
   80.648979666197874        194.36939459957591       -145.65881745143849     
   73.268411666015140        194.57685687234545       -141.26950567736964     
   64.791765383953361        199.61016077628148       -136.65077461799268     
   63.847869317228842        193.10498544219632       -131.61784901141459     
   63.788384823748629        182.64749693108899       -131.69168101489680     
   66.714167591598397        174.56641675912968       -128.88772651118046     
   75.838750342533586        170.79215737717561       -128.28385948258369     
   86.724697184554159        170.78037215425599       -124.48089534759828     
   96.173612435245474        170.49355207321119       -121.32113335662177     
   103.19837122860028        165.80665224727693       -118.68994024191841     
   110.67763681278157        166.37616498509402       -113.00769945027190     
   117.40366128916770        175.23904902470980       -107.82656323606074     
   124.10843091648280        182.45288148770575       -103.14070445923124     
   130.60942590455286        189.47076299263011       -99.322827779488421     
   132.56014657761105        200.59987998299076       -95.262770414218608     
   137.36717313201905        207.35668427259398       -89.754767234815347     
   132.74742675593279        209.02639415366812       -82.717151561758783     
   126.79914294685719        205.01251320692691       -78.920119026428210     
   124.42191922347715        197.39991397321575       -74.119043927208111     
   121.38972032687086        188.78292118687028       -69.732234987660917     
   112.68554710661715        185.75552785812397       -60.922489500359404     
   107.35649776829420        181.88559261273414       -55.622592495361459     
   103.15879725036308        176.90053259893480       -49.759864015458788     
   95.381764069692821        171.16888812660832       -45.223596949196292     
   89.443948776350197        165.67703592531208       -43.666113713545769     
   81.478001049979099        160.05276075342493       -42.741711561964820     
   75.963874059526233        156.03810920998490       -35.883657341714724     
   78.734161946126392        152.98561770204390       -28.510899657176168     
   80.184494907552192        147.31796904839211       -19.636899730342748     
   80.697245472511540        137.54927078769967       -15.376711000355783     
   82.287964668533732        133.16835009061515       -7.3948793825337020     
   79.335791540127076        129.06380075408438        2.8670452214581985     
   77.414323609478870        124.83284522233443        10.721226937060720     
