   7.5906259426371889        4.1289785146981899        4.6459587191146170     
 -0.32595532138753924        4.2887062038963109       -9.7353161035044877E-002
  -7.4406279723121997       0.57454643707308151       -5.3832319197233289     
  -15.100174724581620       -3.9212659053578136       -10.906052434397054     
  -20.439213184932385       -9.8811468749865412       -6.6387962557233777     
  -27.675837279144787       -16.578626466463504       -4.8841265903640192     
  -33.625541614914198       -22.187952609136175       -1.2488331438631803     
  -40.610527961709352       -26.544873693277282        1.5403517103434297     
  -49.914850353224949       -35.028380811351269        6.0773982739520420     
  -58.803245842264062       -33.440986732473164        5.9741835765879614     
  -66.666251981768852       -28.742362906237190        3.4854947674872392     
  -74.674160937479570       -25.777775466455751        9.1146744864642244     
  -82.709326158880287       -22.204973628745790        13.913792055388228     
  -92.062826002768418       -21.861033618997681        13.824052989646503     
  -99.181308804771845       -15.876070214431934        11.673589013552032     
  -107.56785364921262       -12.174618568957214        8.7626189393553204     
  -111.28804440397894       -4.5696567717876064        10.373770306380834     
  -113.96568681311447        4.1161440514834453        9.3398367447548765     
  -117.35754487498582        12.746562915920151        7.6064131033450053     
  -119.53870897659408        20.940046358735174        3.7980174079774542     
  -118.59504078960174        29.818003282555139       0.66848481754880140     
  -120.74231677303126        37.200362136253545       -4.6820383976603921     
  -120.74560300107075        44.294680514219976       -11.334073184836228     
  -126.09767875722932        50.969410553951889       -18.874017238050101     
  -133.82923091030659        51.884551814499218       -21.762323976345982     
  -143.67182101113949        56.442150888968968       -26.098609012141168     
  -148.70329304224114        59.687184932171533       -32.930123457636853     
  -151.89247570437928        59.101281206801616       -40.645539676488880     
  -154.75115947686530        58.834517733627933       -47.965348750611497     
  -156.53261500812596        61.871658701971739       -56.904344810534781     
  -161.57755337141850        63.646255628698839       -64.008919520252846     
  -163.15260711478226        62.806300415932242       -72.015783146947285     
  -171.43311878978659        60.456233881012622       -79.042570432657953     
  -179.70530322202936        61.548798270413329       -82.526516411473835     
  -186.91413707351961        65.173877077979284       -91.397783591479651     
  -190.41943580922521        62.912667646274031       -98.997448802994484     
  -193.97260860013321        57.739784695293451       -105.46662125971443     
  -199.22501897945693        59.640969769584672       -115.33976973490707     
  -200.99843668682541        61.706721192708244       -121.65693864595858     
  -204.95511866793328        59.845555569014039       -131.66805900435349     
  -208.51854048186928        60.595313269165104       -140.96387797057741     
  -216.33741465300159        61.072551417530462       -149.31229865891925     
  -223.82100641420035        64.475108909582332       -155.67276238299507     
  -230.03253737849195        73.032848564157632       -156.26999475210539     
  -236.49313993845863        81.734317021737695       -156.82252618257598     
  -240.71793699763103        89.128538883870249       -155.93921240587093     
  -244.86739634095477        98.124770872445481       -157.12629018040320     
  -244.69454075176765        107.64420485048436       -159.62617061148518     
  -244.65879383484662        115.15309158448798       -163.25043494520986     
  -246.44068314185481        120.45313044867737       -166.54174565995953     
  -254.73081977125213        125.30590282194618       -169.29177609042250     
  -261.29694890332530        126.79533809978625       -173.09929347430204     
  -268.69099611890721        130.71420983984268       -175.81491581349968     
  -279.42488731243890        133.16058932492837       -173.09291667402061     
  -286.21121482640865        140.32879651038695       -168.96414395833011     
  -286.12372779745402        148.63659160949948       -159.45782300425896     
  -289.88599780343975        156.84942928703947       -156.83852079949645     
  -289.47362087175321        161.83365680791871       -148.01275122212957     
  -293.44324974608560        161.53416884472909       -137.50709025646330     
  -293.91076570800413        164.06178775821121       -128.60731679902739     
  -295.11864192831752        166.05223942249853       -118.23807008329584     
  -300.50584267541092        169.76497036423621       -113.01886905588265     
  -307.07574914935088        171.40065433643645       -109.90673224502143     
  -313.10341389638046        169.50026761011577       -104.11167976119901     
  -322.04028407672581        162.26779809473788       -99.134001162769664     
  -325.15999714905126        153.89795390269364       -99.463766300570228     
  -323.67371339273768        142.50226106783612       -102.36960771336715     
  -321.70401045377110        134.72437825868639       -97.632182251064478     
  -320.85712307720524        128.76094450280982       -91.560352783882536     
  -318.65727932213201        120.12617532036666       -88.081041922167344     
  -314.09882684422638        111.66984813540626       -88.092845639453401     
  -307.68759519112893        105.78411971795992       -91.456434383494354     
  -299.93177554770955        99.155570573287719       -92.761101474269140     
  -293.30781981604241        96.946425123876338       -90.006807636983410     
  -285.04672354082891        98.549620170716707       -90.786706530025867     
  -277.67570191732540        105.02857392896368       -89.725901431941736     
  -271.19438679619338        110.78300615588444       -83.950701229579863     
  -268.12338597318393        120.94616661431320       -82.362185613344309     
  -265.34608166358498        129.60063969429763       -76.694359078895332     
  -264.35998684339984        140.20765869115633       -77.636835392844773     
  -268.53489551362577        147.90443947970022       -79.246062432933172     
  -270.64347225238163        157.19566473783584       -81.488134101429864     
  -270.72352484292321        165.54393694062634       -78.036161573079539     
  -268.96387160005412        170.57262174381634       -71.069475791729303     
  -269.71247401413734        178.81203085785472       -73.752345960225796     
  -270.04841907704400        185.65855789945920       -80.470760369300194     
  -272.64005546276974        195.24996665337306       -84.028291895636016     
  -277.67798681515887        202.87955200903031       -85.793064537095574     
  -281.56610922678811        210.41431414114936       -84.046611173639462     
  -280.72648760528392        221.43125590972170       -84.656064903670540     
  -283.64399903034490        228.69752164965826       -82.907391919261499     
  -287.12814007246249        236.17051482228939       -82.272362284882377     
  -290.18581553419847        242.61728336819391       -77.378467850737081     
  -288.06586676176300        251.46018566171830       -71.589150320113106     
  -284.71592147337600        257.37090680057571       -69.715463677155242     
  -279.62948618992471        265.36903711598802       -70.115164743594335     
  -278.93297213507611        267.60558334105195       -78.846645441158785     
  -278.45728542761611        276.00657090009832       -85.728510185884488     
  -280.32034880202423        282.94423744387086       -92.962735734992066     
  -287.50932572901439        287.47791601394078       -97.246928535528866     
  -294.97982514953213        287.77507458755065       -99.151363752067994     
  -303.79327725693940        285.86496540461980       -98.820860460360109     
  -311.45295827091780        285.34096409441872       -96.038579906171947     
  -317.42346561613084        286.32777293021945       -87.699175618463642     
  -323.46310749313000        285.39371628249989       -79.564976538621977     
  -331.31682185966605        283.27485668539640       -74.910224155507251     
  -340.59185664828419        283.48346141576712       -68.251700021796012     
  -350.36305959843008        286.20005528189665       -64.499205716061510     
  -358.67697487591550        292.56807316316019       -67.008328392708847     
  -366.49633759304515        299.37442790223253       -68.265648751791389     
  -368.60151432269112        306.97318735069268       -72.252577433879821     
  -372.63901258005194        314.16879846583220       -79.744067525186324     
  -378.29667487545470        322.65623310200232       -85.817743230931683     
  -380.92580308454586        328.01077442369717       -92.046812937613254     
  -384.54222881111264        333.12857788810499       -95.093987502446055     
  -379.29600982776242        340.10383997700535       -99.896767345134720     
  -373.00889890409439        346.43552944784722       -102.37605280371747     
  -366.59996205839337        351.90894815266034       -106.62408705876652     
  -364.34961122924108        358.23083792739288       -109.38435710332965     
  -364.12797227877024        364.47607877716649       -116.49650468669904     
  -364.66428467630720        371.43052406387096       -120.76956558647402     
  -365.25898255357589        378.03227901033767       -123.60555188164557     
  -363.61304419068227        385.12001131858017       -130.41261663776157     
  -363.81224709989874        390.07204167782879       -136.93701765266650     
  -364.28689070806342        399.12047394686221       -142.96334509055197     
  -364.57957522062338        412.14465983224386       -140.08649738329240     
  -371.39616226587992        419.14451114574570       -137.02451611600981     
  -379.57460111717762        422.42881035071503       -135.84078272200207     
  -390.56950777608546        425.71249814119699       -137.46785880946629     
  -395.11541934776074        432.10569559431929       -143.92471086235059     
  -396.47136686868652        439.26649919120615       -148.13437686389204     
  -395.22684828098107        447.58291246958902       -150.86974662784820     
  -397.27440073650274        456.84797328757742       -151.92548626160300     
  -399.27171143818930        466.14077876721444       -147.66236514973457     
  -401.76653929000224        473.12518784300693       -139.99688537500623     
  -395.02363640406486        471.24583673408978       -132.80592715261139     
  -386.53445198567903        466.55720969400022       -130.43061911428083     
  -377.39622212046424        461.65897366497529       -122.90247874951910     
  -374.41007865283734        457.93970894637255       -113.58050694876130     
  -372.26080908272968        454.04345415587181       -105.83471025073715     
  -370.20826035239111        445.53654905882911       -103.14704246640122     
  -368.54807639659657        436.72171195695080       -102.79864191089410     
  -366.03341541715389        428.33757343789608       -99.687903026207380     
  -365.79928725357121        420.94610538339367       -102.58107225545314     
  -362.16501343868151        413.57146872647002       -107.73999395783426     
  -354.57484040159011        406.00939455564895       -104.34354388062405     
  -350.35456135881179        399.82973545137577       -106.46747591491339     
  -347.50582993188164        390.16808796779696       -103.38070411131139     
  -347.67284295347542        384.53235807119694       -97.895829668602346     
  -350.17138864735011        382.65490985198579       -91.278486899397080     
  -357.44604826320170        375.63348526608644       -90.540579238829764     
  -364.37961336765568        371.65458904538605       -91.613935871157366     
  -369.74810247770773        363.43366061960035       -97.644575566853518     
  -369.77750386583386        356.33247469256446       -102.40694962486077     
  -367.89699498527983        349.66131041579939       -111.01896404159953     
  -367.50434670975096        343.04278014173769       -115.34901168727822     
  -363.96000116275388        334.65330593123821       -114.64587302102819     
  -358.08091217441142        326.94321226984488       -117.81115367580384     
  -355.20469743301300        319.22666665742310       -121.10163081896303     
  -350.26052940073447        310.80219052866511       -125.78353417039955     
  -350.05818689414792        303.77895052664343       -129.42296249831611     
  -352.83338942348240        294.38796290062601       -132.09269581929078     
  -348.31802243752719        286.06921973363421       -136.63935430623508     
  -350.83226526075123        279.94647275453985       -143.70203538189850     
  -357.83482800753467        274.99649393978092       -151.05438237537834     
  -367.54183556581415        275.54675478054031       -150.60587909052100     
  -376.71211078740595        278.08887202952207       -146.74907257950355     
  -383.53156938940180        277.23344907483960       -139.58228498358176     
  -391.17814316243044        279.31072218001702       -135.42176208502627     
  -401.32436142939486        277.70781520844548       -134.75904277541804     
  -408.43751607742621        278.69359724148705       -138.09231384590515     
  -414.58326311892858        273.56207748649007       -136.32191456913563     
  -416.70000334286885        264.10624828967752       -137.84761434070526     
  -414.78437498569332        255.30877113421775       -136.72421518376120     
  -409.59571159869148        244.64620485418425       -134.33153796208114     
  -405.40280165455636        236.09099104006046       -136.94623434912279     
  -398.04548215082821        230.91409992552599       -140.11054629184628     
  -390.44127211005741        225.73272146941088       -139.55600540867175     
  -382.99005018599013        219.14419408917101       -138.66759887780728     
  -374.31063459024688        214.08996747012876       -133.45847162354301     
  -371.45635984831262        204.20431875780415       -135.92056229645704     
  -372.55222496973909        192.15833893260208       -134.50329020748995     
  -368.52571834227660        183.90590422509433       -131.86258332679353     
  -367.02864570024167        182.69830931369017       -125.13865587277746     
  -363.94684781544936        186.32517658258007       -116.38851374746667     
  -366.99417129913354        194.80975931941310       -108.62917724562834     
  -370.19012803902689        201.54158356629708       -103.51333938640920     
  -370.90987780121986        211.57875269603676       -96.375359000268077     
  -374.41805821492608        217.90249201411456       -91.966540000905866     
  -378.09149522701307        226.32852144500345       -90.604996220475527     
  -381.18521162861180        234.99930161438044       -90.400152795066106     
  -383.63420204290173        242.12967995718753       -94.274598838096722     
  -382.49083625187882        248.90564968306569       -101.96350096653316     
  -376.10690407446526        256.28506802895095       -101.73380674084677     
  -372.33556960295715        262.57727195967163       -97.094716238909484     
  -363.25689571056307        268.98984243548284       -94.387883000917213     
  -356.13753389229345        270.65102769495866       -95.399661162908387     
  -347.06662639796093        269.23857849816039       -92.709542805276328     
  -337.26396611011052        270.96553419966511       -85.868684537349793     
  -327.94790456053357        276.58726100708537       -82.175334440172151     
