   7.8526520685203991        7.8010708988515063        5.5515234691812338     
   16.008352988147863        6.1078248328563660        1.5286464021556299     
   21.473479640314906        3.1111757272310143       -3.9822188109741035     
   31.415808738748069        1.7554591914921787       -5.7828712404340052     
   36.205201212625866      -0.70762448533903921       -10.021062820401696     
   42.821427048585633      -0.50485763987080645       -18.869497863849659     
   42.665121976111720       -2.1830204499756007       -27.011646835205994     
   41.816595717341897       -6.4148628806202623       -34.327688443037715     
   35.047148095085277       -10.325851132034586       -42.094539459016261     
   32.071680305240648       -6.1406129049766776       -49.152945380092191     
   28.144544033479804        7.2108711428597871E-003  -54.425137113283654     
   22.242752110666743        4.9186058580195606       -52.996979661217253     
   17.972678807880641        13.103012274489558       -52.652140105293043     
   16.059861672037073        22.160908758659204       -53.452058471508693     
   20.131391970579159        30.741073398664028       -49.629500091190138     
   23.938112352390533        37.390504323733097       -48.087481895350194     
   23.217656600053147        44.559897576565675       -43.107881871764150     
   26.435438966296999        47.545588209676339       -33.684709474304981     
   28.606526109132460        50.996688799684534       -28.499519909443123     
   32.786501838260449        56.974631273261849       -21.778787204841763     
   39.575528370043287        58.332848985618753       -14.218858393811658     
   44.660982152195174        63.917540239142610       -8.6428398297675599     
   50.703092680510338        63.463577652073496       -3.2648682805930918     
   58.049385139729850        66.348338611563364        2.4318093436732511     
   59.312251135986003        74.589146919209128        7.3625686191922313     
   62.142979521812038        80.261851560785885        14.837817010082134     
   67.058927964463805        85.479238112543257        22.725081132081581     
   65.532609582542250        94.006326384429656        26.026300959220890     
   66.451199054763663        100.12453601450629        26.291427795560303     
   70.325459950001687        110.03995142124180        30.571298780229313     
   73.876433166835909        116.63177994031419        36.304791272834834     
   72.079400097201983        124.68389567287294        37.681964551507747     
   77.390463589601040        130.93700612886911        44.431007346178916     
   83.587885477296481        134.28792465387227        48.490585992068247     
   87.723246526175217        140.29540413016437        54.671594816506591     
   86.540565137296880        146.13548344185159        61.982063024407374     
   82.065486091715684        153.52969697326884        64.052839936798861     
   77.432944961282374        163.72454973843881        65.865550631886777     
   76.319053555324388        171.95707898037190        64.487603108169083     
   71.218558633237308        181.34039624536896        64.855341665923305     
   67.928511834103801        189.74614825676724        69.955175124991200     
   67.660236233433864        194.21876481905241        77.838084948834307     
   69.493343848208553        196.17368034344020        87.695566412665414     
   74.933195359167769        201.55453527408173        92.958664599386609     
   83.757679035180445        206.73983659996779        97.923592338198574     
   88.630166123461322        210.46052334542236        103.54550068523676     
   90.469119602423405        216.44946845018225        111.60469980276525     
   88.295575359073609        225.76440053393938        118.62967492147281     
   85.354174641571831        231.45490991533552        122.83440295350178     
   84.509838210427915        237.78688270580420        125.40715057155751     
   82.736658076710853        246.66511081806823        129.37044682140345     
   78.364126367687732        253.51808069310778        132.22046931380191     
   73.071817844949067        261.05727907526472        129.67120097135148     
   71.831286692180356        270.41323405422304        131.75170807953731     
   72.386539349732402        280.60739911283065        133.23163375623915     
   79.657084789194926        289.14075778791096        130.07369250831732     
   83.150484905597921        296.27702994124695        126.87275911364927     
   89.364749385564267        297.03517115886461        120.04008497888877     
   99.139788715654959        293.66103034586195        113.73318513671991     
   105.39242223588718        292.36453740279455        109.85636688707118     
   116.35679018818527        293.29785928017736        109.15190415507274     
   122.32664069877166        288.75384109265519        115.92441634455545     
   128.14879213354394        282.27607192905270        117.64929270168398     
   130.45499202575482        274.05719401587561        115.44712058108574     
   137.82800299040755        265.03682765134772        114.94005640125752     
   139.53451261885240        257.45121634462032        107.40720066542546     
   139.97703694443805        257.38735806886405        97.320811900065053     
   145.39129759920192        259.59608756177772        90.781446840162815     
   152.41779001106028        257.98439236168377        83.381373616423730     
   156.26739029289794        259.16222034206021        75.166019022583313     
   160.01508459744761        260.02746580976407        66.279496001690063     
   164.53665663777167        268.00150745812869        62.077659113794347     
   171.22432985346427        272.64184520780549        57.030471117611270     
   180.93381440100930        279.11406454468204        54.823956071045558     
   183.90468520043288        288.68530475295574        55.721970238871791     
   187.11390040809187        295.30772071192746        61.982849314776523     
   190.18381681206222        298.51108770713734        71.474837205255298     
   185.44017669798336        301.59645956254042        81.848681434994063     
   182.53397576587685        304.72383246740560        87.748062322620996     
   177.56460553446539        311.95347089961115        93.169121017110896     
   173.32395577926320        313.82286692930097        96.976834875329587     
   167.03382188832373        317.99166971617410        98.978834983692195     
   163.79902925739361        320.92273478980121        106.97874861489316     
   162.91510601338604        320.13993309570901        115.43851900020782     
   159.47433448367994        324.24179195419964        121.94020560104013     
   154.62224719758461        330.99222643457290        125.15872758343063     
   146.91366230419771        332.94995137758838        131.71054182797241     
   139.49393288261481        330.67729282351422        137.93686387368058     
   133.29280419052324        330.38587804950339        145.33330371124461     
   125.14462484879624        329.76561945553067        149.93125428691900     
   120.28618619367481        329.42923172456165        156.69874313273880     
   112.24817284254726        329.00556626608727        161.29860546654635     
   108.01647750903720        327.35606602239909        169.14772665616485     
   107.17524824537719        324.04539487739584        179.49758907298403     
   107.59114181878488        320.49845500840684        186.34255981185584     
   107.30688278823249        322.32368846367206        196.04164325392176     
   101.39775279007284        328.84972446571624        197.04194085347376     
   93.359154238424651        334.83305837972489        198.99856290296867     
   87.869638146391878        342.00498082254472        196.04250782030269     
   83.775284871346855        347.31092990701711        190.22933738472187     
   81.700882975628929        349.14560626309543        181.77907505467533     
   81.369786247331035        347.16789792231219        172.77823442932157     
   82.702101602469668        349.01200707458042        163.13142229816364     
   74.473989266950582        350.76127664626046        156.66849131502875     
   66.200301491033997        352.47976791214404        154.08770276499351     
   59.677015018966756        352.19407409170560        147.33174710837670     
   52.409801435052429        351.85100412433292        140.28721980270777     
   43.856239919730399        355.31685655723658        135.47811920096814     
   34.950798306135766        360.73797010900728        132.08020830273716     
   25.666464904971576        363.94332851753143        128.08660415763359     
   19.199801814030820        367.75241914342769        122.73846534533267     
   20.650187460414713        374.62959872463227        116.60609357362702     
   19.039191972417257        379.72017453972114        106.28471267332176     
   15.923977854913119        381.76840363028697        98.454729230927910     
   11.954561284162594        384.78561885314275        90.773878970670140     
   6.8592212755264086        387.97446330486395        84.623398808941147     
   2.2628990924949335        390.88610656428108        81.673680648264607     
  -2.2738561323161548        390.71984137482599        72.988271284884945     
  -4.7398193525062879        387.58567351722473        64.519847160971693     
  -8.7822257703161313        383.90588749094604        55.993706734533902     
  -9.8600797127770647        376.43262187499317        51.727871745257644     
  -15.248781779484261        371.56006661949630        46.866969175401103     
  -22.193613416752271        367.83419131486437        39.849060073874170     
  -28.909669538591231        365.61818798041332        33.542131789215162     
  -37.649544194212353        360.58282734426928        29.783771932107442     
  -46.257214629731720        351.68196025391217        25.732607337986693     
  -53.303564598722460        348.02421148399611        22.069931917105709     
  -63.231177962254378        350.76041387789746        23.180264165266180     
  -73.450152651354472        346.83594948944216        22.917244986852367     
  -78.133965163079267        338.92569878239169        24.879182638071669     
  -86.164964920808245        335.93728197083703        25.993259078570354     
  -93.480631849632516        336.35361320009798        21.043361122892943     
  -100.01132748736205        335.66898143475680        15.770000610668141     
  -103.11060603290326        330.72694258625972        9.7924049763804177     
  -107.84848515529734        325.53105833992993        3.7669222521002297     
  -106.86690618283524        320.17706290533715       -5.2269331667723975     
  -102.92693157651775        315.94830389512146       -13.952705659230560     
  -94.181761089726479        311.62363863896167       -19.638806441531131     
  -85.435068502349793        308.80408647032243       -21.296313501195613     
  -76.632100085245668        304.32654118249178       -19.202820469144996     
  -73.479578051472686        301.94361121683687       -12.585065844722067     
  -65.193226674287089        302.03478765212338       -4.3954613223561605     
  -59.843120189581690        301.25513622477450        4.0985917900302642     
  -60.074139887981083        301.00327193612702        11.713117509849029     
  -55.688855261963930        306.49608491131164        18.485072792534996     
  -52.927404376622484        313.40523892759830        14.295039796404710     
  -49.887272348382020        321.43002050485831        12.497127067351409     
  -44.742860584729179        330.77193326854820        11.098792467623364     
  -36.670940568053048        333.46229996361075        13.441886084516527     
  -28.596720081315670        334.87306558018713        17.030489707205437     
  -20.296129886562728        337.73268798926080        16.149618120550297     
  -14.156618130040176        340.05512421839006        9.5413732313020052     
  -9.2926626247679174        339.53655008706033      -0.96831170919165077     
  -6.8799190081012584        339.72344539625118       -7.8682751019963586     
  -3.6992670584679859        343.28082088226012       -17.160193461188829     
   2.9356316832299667        342.01766310069218       -22.057884806859906     
   11.601899609403159        341.92173565471995       -25.352114735855043     
   20.911702034405248        342.50971071577851       -25.658478329838832     
   29.613964542873685        340.98641563265795       -22.292034140301343     
   32.954771716129734        338.32857056060692       -11.296531279112136     
   31.668268743215133        330.77155977884405       -7.7991789901183903     
   33.346250791683055        320.83911319600696       -7.3168667037481949     
   34.377509947038142        313.22239572041218       -3.0042184275880905     
   38.627777673777452        306.87563674843983        3.2557906572988409     
   40.659990151191302        299.65367631020109        11.109817021353011     
   44.775059543898273        291.74417874116710        8.2349326429215086     
   53.483170258866529        286.89460880685647        5.3024686341319072     
   57.369133081637621        283.00413681316110      -0.55382441268700477     
   62.015877440888950        280.17678369533354       -8.7904408594313619     
   70.179405825127375        275.86662972173787       -9.8375367675261156     
   76.274189685016253        269.49976595100208       -7.8857397095624702     
   75.444216156531169        262.33387562191757       -12.681578283903844     
   68.729790703053808        258.47167384074339       -18.860526982659028     
   62.760197360498104        254.94715760306585       -25.924711109773529     
   58.792618553686033        250.51790212251720       -35.288219438181251     
   54.156929297760691        245.80887017689099       -42.136749534081964     
   48.210605633334389        242.74362846395155       -47.875960942988833     
   42.273405337994895        240.40415175347297       -55.641650446162139     
   35.572715972955940        240.69818345767570       -60.195277877130941     
   26.575000426611251        243.53995338303318       -61.082101433479387     
   17.005638669766370        249.16413291929587       -63.963214868949848     
   13.734264967939851        257.38714163123791       -64.494890669354021     
   13.527984359070956        264.39987036700313       -60.599712840403242     
   12.055102219496973        270.63933009062799       -59.478671340622142     
   16.365621816138798        280.49694570248926       -58.981392319331420     
   25.934461604084561        286.52379821705711       -58.855167040059101     
   32.259957366985873        292.18652985279482       -61.957580286416132     
   39.000891871022191        299.71997008782296       -60.719475321327693     
   46.497172491000526        303.61705673915674       -59.846139801314408     
   55.084165827666595        302.06284151470828       -60.574707083209688     
   65.743026189072793        302.80523509858483       -59.296740697043234     
   75.425426557920900        307.82033120560124       -57.903231215918709     
   83.858926515679570        313.52260404796220       -54.375610553382700     
   86.143946979411510        318.81313020371590       -48.261067680056414     
   88.495941413650371        319.83175801452501       -40.181121188236801     
   95.663693554430495        318.69785277546248       -32.397452405692263     
   99.977663677396322        316.92651034064863       -25.247731755476707     
   100.69984178567597        317.54396632376381       -16.440777423290911     
   103.83033605798016        323.11622348198887       -7.3717714005576624     
   106.25299776020302        329.01625848131158        2.3933619449148580     
