   1.6669049546118089        2.2265176007382479        9.7579870022556037     
   7.5357686262144625        8.7817323945987482        12.822265781542342     
   9.4492748936481732        15.968156123227288        15.830020324336118     
   14.867836182301552        24.902938523122316        16.951650865575289     
   19.058038744625748        31.119728667812581        20.127436411415076     
   24.777235199098982        38.193168361433266        24.851432854306665     
   24.632561265916195        47.906912232477339        28.450630982683478     
   24.651046345496908        55.536140111840439        28.371988599010180     
   19.065878417724029        62.980833831011466        31.882000925478479     
   13.469406952185523        67.099457742808966        35.615475767020314     
   6.5945258998620773        68.674016505703889        40.590572021495291     
 -0.96935342662217039        65.752816434272006        41.502646876827498     
  -7.4950290953060019        60.037566256535229        47.152215189874994     
  -10.892732012996550        53.792578433298047        53.208790436894787     
  -8.3787161891843311        44.693292472432688        55.777975322752468     
  -2.2376489908977106        39.143914447311431        56.342492219875055     
  -2.9506599921024090        30.222795888636256        52.113816501192900     
 -0.90964895314154148        21.642563067292656        47.161317637547398     
   1.9044021994370368        17.189774884631618        42.532303736833143     
   3.6927947025003505        10.375160297333252        37.300050536658276     
   1.9722145056824871        5.8148141119892216        29.464163649087837     
   5.9109104317315087E-002 -0.94788320868661913        21.517423520562829     
  -3.7284514220852998       -6.1957562805663429        16.868725655305980     
  -5.9686754011040648       -9.4894694128146853        10.000541671162040     
  -5.8576392915231779       -17.255022759795736        3.4461036284194648     
  -8.0963003013360577       -24.316358197963893       -3.4471263187025585     
  -10.907359127937593       -29.531254184013790       -10.819580483068606     
  -12.594603260250729       -36.092445899604797       -18.419758611664321     
  -16.240674926598345       -38.378058010864436       -25.462050314944364     
  -22.323503750438864       -44.834914560860739       -31.687469334482074     
  -29.365585126811364       -52.162958108124371       -32.049852866119785     
  -32.127970167629400       -62.260296258302105       -30.860610926490786     
  -38.192703919174974       -70.216759630703962       -31.184051761803282     
  -45.064664586762085       -77.190867213195020       -31.970403957909717     
  -50.274650361997274       -87.682224146370856       -32.592724695056177     
  -46.888543028569501       -96.362469927126710       -34.968487958935143     
  -39.735628262047044       -99.061548239738045       -36.339925437910374     
  -30.339057775401809       -104.13487506111142       -37.910935480023269     
  -23.234674650210902       -107.44093173255905       -40.995049754389626     
  -15.087504107016123       -108.45872974892825       -46.320217986052036     
  -7.8804387328190870       -112.41588387882541       -52.994265124329793     
  -1.6526086180031925       -117.86656563705910       -53.053941826746033     
  -1.0137034721979745       -127.70726964310754       -51.961158163838448     
   8.6423542512463314E-002  -134.79168710106921       -57.426742523681163     
  -3.6607010618467584       -142.09505173309321       -63.539850271567417     
  -4.9539554139304087       -151.65366219290109       -66.950638532356777     
  -3.2704125305430480       -158.11845023369762       -72.420112058345438     
   3.7068124760816588       -161.71435911702343       -77.669476436579771     
   10.633956997495261       -167.17797337979422       -80.405763263282125     
   17.810571032490444       -170.97520742082173       -80.441661249834752     
   27.431995253909037       -175.51445209667216       -83.036466615491392     
   35.718878587366717       -176.98738280717592       -82.993504074122853     
   45.908293709099411       -176.07538639724771       -79.951229870733698     
   55.851971291178529       -176.02591006274432       -80.798580585736488     
   64.698563974350847       -172.19045769761627       -79.992311325464613     
   71.138906392064726       -164.40976260363448       -75.779189513510147     
   76.872300541691573       -161.31310614823380       -68.978325928295803     
   74.355308100608084       -154.01730330928311       -63.416441172485058     
   72.417463401921395       -142.22816840815725       -61.026896193297432     
   72.882359213428259       -134.99250279488029       -61.139165757060638     
   75.615415106594369       -125.44764309937372       -62.438542988222167     
   81.853771109492925       -122.89536510422266       -69.132228549987644     
   83.735278075506159       -115.78615186012752       -75.373442726778535     
   84.120294008284262       -110.60657932102561       -84.595566305195007     
   84.962356814244430       -107.71457600101235       -95.663832504633390     
   79.485161178185976       -109.89657655452049       -102.83254484173720     
   69.948838552383066       -110.55218567565220       -104.85134790222060     
   61.507002910076082       -107.14660674627950       -109.50526915552409     
   54.170517089333757       -107.10426577871166       -117.53661102082789     
   47.499598958973095       -110.63517117114128       -121.51580211303589     
   38.704605297610001       -113.52402025004045       -125.98797944735483     
   32.362967346150540       -108.38789418091619       -128.47184966217324     
   25.204461262934799       -101.09070262869886       -133.61449539963465     
   19.160751422865850       -92.955644644991423       -138.11042467737741     
   14.621769865322683       -84.445381083278278       -136.13323753592027     
   10.947172093770497       -76.643641385088586       -131.20880733203253     
   9.5034590216797739       -65.784535246112398       -128.68988340692096     
   13.025587637408258       -55.439922286008482       -124.21199253645159     
   14.793919536065673       -51.317831929485408       -119.50350189764390     
   14.785785284235203       -45.744176599513821       -111.81578058253712     
   15.311523774796392       -42.932755964747741       -103.40786192628332     
   12.057545010837103       -41.829966222190649       -97.085492524247215     
   10.779627688783485       -38.379997462553376       -85.605773822851873     
   14.393711112961412       -37.684801885467891       -76.104470376921654     
   11.838959919405866       -34.130479873733861       -67.829436692747620     
   7.7994060178489235       -31.887418024050760       -60.389569054504236     
   4.0589772611625392       -37.116394408399231       -54.252866098247964     
  -3.7605926602302659       -43.687705946308597       -48.433419426456375     
  -7.5583871387007662       -51.997404996766193       -44.435584733791799     
  -10.093850854091457       -57.456513395926549       -39.874496604802708     
  -13.495128432368084       -65.514234347734373       -33.844864600187350     
  -13.902138884779685       -69.614571850036555       -24.787585608929675     
  -12.835634804536639       -74.083331278521655       -18.895417173764315     
  -7.5716563934720966       -77.308731524704569       -11.556027672571531     
  -2.4762570668551760       -81.821840081412233       -6.2061461576880816     
   2.6361556161530828       -80.605278885429698        2.9446557497231112     
 -0.73617192926747066       -73.638286437804709        9.5707454942513408     
  -3.2518916974286469       -67.096539073570057        16.163254515682354     
  -10.634333701786687       -61.013020597761283        18.067960264486672     
  -18.774302222143930       -57.183884130452952        17.433191627857894     
  -27.590294504075487       -58.212510137067056        12.492558643512581     
  -34.493000115355706       -62.958692249256160        8.0882213298775127     
  -43.782626002968577       -63.783107261757891        5.2027275034441374     
  -52.809566574820273       -60.810601124461073        8.8732532683848859     
  -59.799993935844327       -57.034700184681014        15.834291844195135     
  -64.970525727475248       -56.154766304896896        23.160977224411184     
  -72.138864565359711       -56.748279173094943        29.715316229118429     
  -75.054471574164467       -58.093371888546812        39.614455466332885     
  -72.243935514187015       -60.864922542764873        50.584826914203575     
  -63.709959845308333       -62.802919353407560        55.926054409974455     
  -56.620635108262206       -66.075249194612070        58.589972517811418     
  -51.050333269965037       -73.410697099852825        62.017126082173405     
  -46.873683115625809       -76.771584314122833        70.545718328955502     
  -41.905336934902650       -83.082545251062527        74.842016309405409     
  -38.150580010259105       -90.119573048198049        78.066564691684590     
  -33.206360538714776       -98.023782125663161        80.861747185529907     
  -27.569933706555013       -102.67589532730926        81.696593775171038     
  -22.140801802360997       -108.59352081763228        85.877549375137392     
  -18.275587486636852       -113.45738670219845        92.837016276317314     
  -12.004310356005906       -119.61805108940331        99.890927071231289     
  -9.0331973074030216       -120.07678257979418        106.70208980456411     
  -3.9947079665681287       -121.75248288636607        113.46079915964549     
  -3.6754708852584770       -129.28843711583053        122.31648562756442     
  -3.5461023816947375       -134.96970670142758        128.54203372199282     
  -4.2983318414682898       -144.13065613874727        134.72758040979764     
  -7.8391626165333292       -155.22660018027611        139.71994953717200     
  -5.3601626688392372       -162.24462190617990        143.56846125093682     
   3.4762545280800055       -169.75446020372556        145.22352833947693     
   12.139668566770993       -173.97667072184387        144.11607286184639     
   20.624062555678705       -175.72602166310324        140.42289045379158     
   29.125758671175447       -175.71759735991057        137.37657254563618     
   36.232427364580801       -172.65226363265828        133.99285167778257     
   39.457473152626307       -169.23848959950959        127.56431607539031     
   40.452580183870268       -168.24656465279350        118.67641551212330     
   44.411710200941698       -170.73997454480622        109.04046866570798     
   51.392310345686184       -169.91209711595366        101.93239305597982     
   59.113707756679759       -176.29528927395373        97.088046699219205     
   63.597589974810347       -181.45586791125356        91.132155557685365     
   71.512120506951348       -179.67999673984687        86.340936189688364     
   81.008141258605846       -178.03125905408842        87.132529492629033     
   86.073202388179240       -179.21287054343543        92.890967102671340     
   93.501640746338268       -184.13199112866803        100.82157239635271     
   99.045122496307101       -184.99447496711505        108.40782624673619     
   102.57026480340400       -189.89380196545753        113.85702019406816     
   104.77813304927082       -183.94973543619338        119.65315342666605     
   107.82537441320318       -182.29191570026757        124.88563156057918     
   109.86908872310576       -180.13436747908159        133.24978578229116     
   108.42990274986198       -180.29748906360194        144.37789144044726     
   102.02295824274688       -183.38408509584426        151.52550739154847     
   93.669791549244110       -188.35751574621005        155.08603026027384     
   88.704236011669138       -194.95428798381667        155.90900624238378     
   82.463344045756330       -203.46053000297374        155.80449751363469     
   74.488877011365943       -209.72792710931967        158.66266384977985     
   69.189096228298524       -216.03221947402196        159.79290524330813     
   64.798678414199472       -226.02293388221216        159.21203006717289     
   59.880358775943904       -231.73119762854270        159.04606404253741     
   52.100439013117878       -235.74908065401240        159.40390811153631     
   43.689403127102025       -238.28399754879291        161.84758949140956     
   34.726997893927276       -235.81077976253277        160.50215055877592     
   24.730564041390565       -230.94474843744749        161.15583755833748     
   22.369398755237967       -223.17429620230106        162.72246129028761     
   23.432276773775619       -212.67696532700526        160.38427843365704     
   20.988465524868921       -203.26007430216507        160.97018839021356     
   17.334974041786964       -194.76047466232097        161.09101981485583     
   17.349947364651285       -184.04469074998201        159.43745306130137     
   23.144470153037574       -176.99688447033265        158.84254438407746     
   30.080468828995109       -171.31715327148410        157.14135782543607     
   34.307769120596760       -162.63478848729497        154.31901847807046     
   41.460344274549257       -157.73769115730198        147.83711410000117     
   49.041315504284967       -154.49171926748869        142.64174532053278     
   56.329324281520357       -148.87079519451075        142.41713065003032     
   56.560468403108729       -142.10707270201303        136.36140330293944     
   58.387135249628557       -134.10260149572730        134.09983068442267     
   64.356017844563311       -126.40660475300166        134.13804425849281     
   70.983105067550852       -119.13341564753807        133.97319539109210     
   73.855365935401792       -111.95394276011586        135.72347455406469     
   73.724868451181422       -104.63230625037133        141.44209814064209     
   77.376474228950613       -97.595098065665411        149.55192442816428     
   82.199525114636927       -91.929561041726515        153.80192182771492     
   89.141528494732398       -85.836020858056429        159.17714458596544     
   92.750636200187387       -75.629279931104008        162.54968432181857     
   95.409138050556891       -68.936894037777449        160.17595628576026     
   99.437268508188396       -60.553985684407166        162.01140940911202     
   100.99357873851815       -53.146427828718004        162.97912539099187     
   105.10042812292494       -47.671960021591303        158.10444592647383     
   106.78346873203259       -47.536897665008553        147.63891387182062     
   106.90000676296219       -44.523389708233935        141.10723931195048     
   110.08882362384040       -38.927192893980077        132.51131239821621     
   111.28030517796071       -39.399690805872183        123.99023620524019     
   110.88534841314504       -41.236264293252816        116.01484112277745     
   107.51625431535268       -37.724090277622679        106.72678339799023     
   99.686376249771143       -37.569123930504304        98.841526123003263     
   88.962771874643806       -35.321980434389104        96.972306108443462     
   82.226421307624975       -39.077868155685451        102.08727451078408     
   76.379008724244784       -42.203646328438822        106.37887738366794     
   66.305441154766626       -42.229936409189406        109.08291994269189     
   59.051997083265491       -37.787254340587481        112.79680096832129     
   51.926105654196803       -29.346359196163519        115.04621697499836     
   47.349793178474307       -23.151607261628897        118.85319425948438     
   42.290526264062436       -15.780388036148551        124.64851495135461     
