   7.3260275616082140        6.9311421445089962        8.7613030467481536     
   15.276070523843316        13.602788588702339        7.1429840714376596     
   22.287639367165582        17.381823926897397        2.8188003018629288     
   31.492639054939843        22.655109031103564        3.4808120768593653     
   38.817917841602650        30.436257232227462        6.9599396621996803     
   46.137651605428715        37.337707126097456        7.2378357161269662     
   53.083861587547119        42.821490250281158        7.0058651932978293     
   60.619751687570073        45.562744861957619        6.1827197424969569     
   65.781990751731342        52.010441434035947        5.0056390585674038     
   71.742608166914380        57.698269857197239        2.3913632919585908     
   72.940562572155926        65.992613700747597        1.7619684884769597     
   67.849748935512224        72.003636579380810       -4.6807157992304198     
   64.606709600494725        75.330169598233908       -12.167586775874639     
   59.694841524163223        78.835894272395194       -19.647863648280889     
   49.659498988150858        78.902742894118859       -24.246631933380293     
   40.431325104492458        79.379042731193849       -24.598591982636727     
   34.027906139575521        74.564415387239137       -30.227975880252536     
   28.403027240574488        68.422080730173192       -31.062179864835052     
   23.471114270946515        61.702308731107578       -30.979948385106375     
   18.534704484999992        52.407517621136186       -30.823954796848433     
   15.023343147565159        45.731595752420219       -36.140032826696583     
   8.0057355803114678        36.825759505772872       -39.908721532237635     
  0.21440909418899573        32.389151236817717       -40.240219265334225     
  -5.8265731830442160        29.544360914121537       -42.367112665843884     
  -13.225988168746666        23.139293861657801       -44.645134324939676     
  -16.462333570918119        15.182937072365414       -47.275929369068635     
  -22.015776010963421        5.6436748511780710       -48.762815961886687     
  -26.248039695334938       -1.5462373417911601       -53.144916468453928     
  -31.135667432245754       -7.9863551761255192       -55.407600347029060     
  -37.637852194671012       -17.934033200750111       -57.214258571383382     
  -43.965520283128171       -22.446345298133640       -54.466182645054658     
  -48.151582492617607       -30.209900733063439       -47.465734736752282     
  -51.573905413719331       -36.626968520330927       -39.561120971095384     
  -52.735065328437557       -41.558402506597695       -31.198257879847787     
  -51.395135523439166       -47.030592675694514       -24.174863193001990     
  -45.826285961830465       -54.305450456696825       -20.855378290025811     
  -42.042286387873503       -60.237765037199374       -22.547257931556679     
  -35.459696077034948       -66.681202693596802       -26.789459086719674     
  -31.804608376505456       -71.178173659613961       -31.304712444038508     
  -30.098360950276785       -81.036060403325294       -36.611849525829051     
  -28.272193555855551       -90.513293612347312       -33.098684024389719     
  -22.529949654888227       -95.742118149284110       -30.439803494237466     
  -18.889312353473997       -101.35608008625162       -26.577164043690878     
  -21.014674574675070       -106.90142227539506       -18.054921766337998     
  -21.146972583688992       -109.57714825246244       -8.9263694453982048     
  -19.999803793626512       -114.13714834287380       -1.1593243445374812     
  -24.190196874031940       -122.26508931801281        3.2419994404621413     
  -31.402388471236378       -128.08876492874967        2.6861070796089201     
  -35.107898889521053       -135.57119397452391        4.0905581937213196     
  -38.937465782281549       -143.54009675964011        6.2078489028088928     
  -46.777131985430799       -150.95220722352119        3.9577392629952399     
  -53.902312567649389       -157.44411905784753        2.5775456232284029     
  -60.322138869555928       -163.27104321672303       -1.9093589917744540     
  -66.976136293098207       -168.06175985382384       -6.3568962360437311     
  -72.732447971987199       -170.03615592372438       -13.582859406430124     
  -80.321753743799235       -168.36454101096666       -21.403834749795990     
  -81.386037661006043       -167.41414739541489       -30.684066370851781     
  -79.336498011511736       -160.51755588448793       -39.012964044904088     
  -78.982089155006008       -150.85985109905047       -42.280110715723026     
  -80.601038976680186       -142.46586849993378       -45.733024372376164     
  -83.675641906057905       -133.82859353617053       -45.633759098824356     
  -88.673012444092308       -129.60618790380425       -43.521379065014131     
  -95.308011832799195       -123.15685704147347       -42.250530430627450     
  -103.48655482407617       -119.21238764814422       -37.875860622607547     
  -113.00085403342530       -120.98104534410021       -36.182038618151715     
  -120.99634472777205       -127.43571745261940       -35.702014792543949     
  -125.65455862626267       -133.13512281427899       -29.472702378319454     
  -129.70772016360922       -143.17293040110772       -27.814618686705913     
  -126.21044272927637       -152.51216857534598       -22.682923643186690     
  -122.85019665948391       -159.03913096782151       -19.158499781524739     
  -121.27516319191949       -169.37316706682236       -14.238215179641976     
  -124.26007399340270       -178.64950932494958       -16.606023339580879     
  -126.93544877630839       -188.87538959134616       -16.542269986354384     
  -130.37887623689926       -196.40998212590381       -18.575109657472993     
  -134.94495909798133       -203.04728934467772       -23.791013454812941     
  -141.21813307904543       -209.60995673032932       -28.125458777736135     
  -139.82385628918695       -218.79593594539404       -34.228723121663329     
  -139.91519620599837       -225.87642616974370       -43.311385043729928     
  -140.55583413179988       -228.69351555257902       -49.777960201659056     
  -142.31495418832048       -234.51561320237744       -57.270898857080596     
  -143.09705329710994       -237.15798891329098       -66.740195005474035     
  -144.18559126815569       -243.43340685516495       -73.320539557530736     
  -144.05089099364207       -253.98483886673790       -76.617116623217967     
  -140.33971139044715       -260.12623799100220       -84.039509510388285     
  -136.67358670799348       -267.76718507398306       -82.090542702244562     
  -136.17699631739649       -275.51928607368956       -77.785115410452562     
  -138.73835727936347       -284.74272084462859       -78.560200585683774     
  -143.31089505863719       -293.54891718980639       -79.705658957568957     
  -145.90006235606313       -300.13403512355114       -86.153774893478158     
  -148.76374286801197       -302.17968544061182       -94.573787782300670     
  -154.23149021300972       -308.11434083132991       -100.44548249388424     
  -157.35062907813398       -314.62700837243239       -106.99340231378258     
  -162.81213280250478       -319.62295421313439       -110.54212657846361     
  -166.85796989552824       -326.75276393907194       -115.42396016706041     
  -169.23710075091344       -334.33197568416119       -120.97889528213307     
  -165.45783469319434       -338.64656370244768       -127.89389609142998     
  -155.55793441756259       -339.38096061443093       -130.72678867284421     
  -146.70316960273138       -341.65000005654991       -131.59781406343572     
  -138.65307748745875       -343.46389049010753       -122.88326089242778     
  -135.39670170802151       -346.18926209699003       -111.83922263925814     
  -134.81529065843515       -346.92129237173975       -104.12451537184445     
  -136.41187810291783       -349.75511358252851       -95.911772017313098     
  -133.85692941210365       -356.18183510133622       -89.537656203312608     
  -128.08452813093825       -362.12061263600981       -84.809068786944152     
  -121.66581857725264       -370.07405586402911       -80.677412606382674     
  -118.75670819245045       -377.00288607901751       -76.477734786620246     
  -113.34413413117485       -383.50692969637265       -71.894754255372817     
  -109.17699959100861       -393.09679072548727       -68.868725245108919     
  -104.90110971865707       -402.54015434061870       -71.521063240056975     
  -102.90705266608447       -410.61805816530079       -76.315488769276172     
  -97.914900912342731       -416.13766761357363       -81.468074037377292     
  -95.591824367983605       -426.47277911510855       -82.763609030540479     
  -91.528334305884670       -437.19509724147224       -84.266239850136373     
  -91.998152652514591       -447.12195335271963       -85.666080407664481     
  -94.126025115107623       -456.50782737770612       -89.069578233287501     
  -95.738662611113682       -462.85126138668556       -91.768105392542353     
  -96.270416450703124       -471.21641545910404       -98.406121873637858     
  -94.543612851374803       -479.84446978285234       -100.43670074225204     
  -88.789448245988041       -486.65689860896350       -102.01191540786428     
  -84.370342708529336       -495.51581503980117       -101.05869817979230     
  -79.430182975559035       -501.02876505704546       -101.97117419446150     
  -70.628503314779550       -504.76066880161875       -102.63734419523705     
  -63.310038131361964       -513.61436173050038       -103.08439319199395     
  -66.785657869210823       -522.65290501011725       -102.80504307972505     
  -70.995449138381289       -533.69426749040190       -102.97828315363410     
  -75.975018201031020       -544.35140702219701       -102.66234868530579     
  -75.828857735514731       -552.92651983809981       -101.15499065375317     
  -79.384018006340256       -562.43573892489405       -101.87112725285404     
  -86.566848596309740       -570.21496167991813       -105.60732862757209     
  -94.790777998409112       -574.41279735510966       -111.94062892392503     
  -96.864549728160313       -577.04753833149459       -119.74196640304547     
  -93.034140135104209       -583.21640223946463       -121.95470308927392     
  -86.424863445970601       -586.68086943585604       -126.86315789312644     
  -80.793456183106088       -584.11654622178798       -133.30679116680304     
  -78.410139356080435       -579.93081136957517       -141.18979529338304     
  -81.158567144938004       -576.21692482307321       -148.14208978569130     
  -82.475310941531603       -566.11974323452273       -154.45467112354356     
  -76.387814165630246       -559.87360699386045       -154.50208604749366     
  -69.120932951764487       -556.49184479019459       -151.18564770695576     
  -63.094619111741068       -551.79737537980111       -146.19085571847643     
  -56.543748428803923       -548.76880631849190       -149.98581136566096     
  -48.635143113833365       -540.03797621638523       -153.72138464189905     
  -50.149498715308440       -531.95197459878023       -159.33414707897899     
  -49.884487974876379       -525.27516511156045       -165.99209504269589     
  -56.491088087546558       -520.03990780487050       -166.38721488894805     
  -60.711717975624410       -517.52068486203041       -164.04249384582991     
  -69.463445884498327       -514.61135206336689       -160.96602081457900     
  -77.184807641318628       -511.72135111877446       -155.19136981877477     
  -77.811663572361823       -510.55041070003358       -145.20135211968602     
  -80.669608000072557       -510.41539161281048       -136.86993126986323     
  -80.533577731618450       -506.03528035114448       -129.53161246277858     
  -75.756047902884816       -497.82706002946895       -122.44194226988634     
  -70.872800644717614       -495.31217602460822       -113.89451529553187     
  -68.398881764436766       -491.33257102506866       -105.54886260829905     
  -65.241206203358345       -487.46285966137430       -96.839172904333964     
  -60.210134408787766       -488.08062025637389       -91.839404211326681     
  -50.570356502215802       -488.65049747454168       -89.429276990338167     
  -44.916365997249045       -493.68988052614441       -87.567324962951020     
  -37.591271776859443       -501.03033201116455       -88.511961354091753     
  -35.405121722377231       -510.24504294645578       -88.986337976808457     
  -37.672608069377773       -520.55447162314977       -85.240839896359802     
  -40.332196082026016       -529.49215473217657       -82.764399943725778     
  -41.527153209313695       -539.48319993400514       -81.464640659589676     
  -41.442828464801210       -548.27024716216386       -78.971770333204972     
  -37.610290976862672       -553.70161067985282       -75.859041542736506     
  -28.759023119554683       -553.39494406750134       -75.896298487199388     
  -20.015419426179520       -546.28098529510669       -73.213523958907231     
  -15.079737201697057       -538.96197886728589       -67.046125175566559     
  -9.9542021997788765       -530.07060618084074       -63.534250116264261     
  -9.1806160435755260       -520.96346859607286       -60.840227289514900     
  -10.339545194121882       -518.45510937331926       -52.231611419771340     
  -14.934103529167530       -513.68075060455942       -47.789699437094043     
  -17.152166942874771       -509.31726382667262       -40.520536503823507     
  -22.012239864266405       -508.19378581900844       -32.876119402244548     
  -30.323575728080925       -508.83265529325081       -26.749700375051503     
  -35.530767423772659       -511.99476339155729       -21.141967424574219     
  -39.631008739344153       -516.31123364038115       -15.773721786587892     
  -45.434821848000311       -524.70016360502450       -8.9723057318490049     
  -49.001283790305834       -529.66263667905253       -1.9023192065186834     
  -56.538241172347071       -534.43627924659665        4.0658993781879111     
  -61.050156777748512       -534.77676580116429        13.694808905152875     
  -67.026159961515759       -533.43290724485951        18.163777013232373     
  -73.293215510228762       -533.24718200998848        23.185260923807636     
  -79.607910539704150       -530.20951562215805        28.537403898399752     
  -84.913073690317646       -527.92496454784009        35.228646671211294     
  -86.811517541642715       -524.25878452747020        43.756335480839311     
  -95.516990572573448       -523.52416211224909        47.627258769332308     
  -103.71679459101816       -524.09488652318089        52.363563516337670     
  -110.86444708893708       -527.76571320407879        54.331820235132284     
  -116.49883011582810       -532.20070073039437        60.706712976977201     
  -119.91334438316768       -539.23945559226070        67.335758071182823     
  -125.31140150790171       -543.41467324952862        74.512794360932688     
  -125.18549944084056       -547.26058990195042        83.521906493493972     
  -127.17318329598118       -552.25680034409436        92.050371619302069     
  -127.04978003926831       -555.62256054142563        99.370747485749106     
  -128.44248732248519       -557.16215606735557        109.62969342698923     
  -134.62576404362201       -557.47253612851011        117.10432024341510     
  -138.93071918829460       -562.62723428718027        125.53397989423337     
  -143.14490812529141       -570.69596860536342        127.31102257336171     
  -145.09470384081160       -581.19718453108658        127.23373719624547     
