   8.5145083870055487        3.2514483070623896        2.7603088795619044     
 -0.55952243118724709        3.9797181213451722       -3.7441245062389612     
  -5.7798049785682650        12.002299660188783       -6.1090254030569326     
  -15.546341224914130        14.395563567700265       -6.9663120732090533     
  -25.976826170358791        14.834395959599988       -5.3345711815573793     
  -35.137832977395234        14.494497849347567       -1.3745233159083909     
  -40.914015736497674        12.421470499094994        4.9754937976116196     
  -43.261908097381166        11.517872642409259        15.256015992984658     
  -50.148482801196877        6.2063684840938436        16.822078661063330     
  -56.544639814582482        1.5507290668622318        19.864172023654532     
  -65.196796628206556       -2.4153641138135526        20.019817254980836     
  -74.413009925405646       -2.8642225510607204        20.151908807736987     
  -82.536451083484494       -5.7829576469943049        22.985970395227241     
  -87.895712644953647       -11.856136106268366        26.406758404016898     
  -97.037373822168178       -15.010655527456493        30.981812977510344     
  -105.85407344405444       -14.066936135100548        31.316517596221559     
  -113.34063850014657       -11.854052045764888        39.006033306081235     
  -118.01883662417663       -9.7037306849495621        45.633073422444681     
  -122.41991171374247       -6.5861391829820946        50.868011120791948     
  -132.12370489609918       -5.3622559415906039        55.116013847668455     
  -136.14677268432592       -2.4980718048039421        62.478971616989952     
  -141.33502013452383        2.9745616590720942        71.051456858879646     
  -146.87041901416163        1.8562099142999955        78.738461878905355     
  -151.70967205185221        1.6201383589758507        84.431098101856719     
  -158.16537801718454        3.9136425994807951        91.853635558175370     
  -163.86639838442898        8.8067707566622175        94.693519289303936     
  -171.55555392362066        15.157836873581630        99.912808639748221     
  -175.94042838172282        20.734937975689206        104.28890209676069     
  -177.58939282788364        27.013903752783847        107.34878565689417     
  -178.03486519688789        34.185673854440495        116.29999727503400     
  -183.34349401503857        38.407371116951936        120.77775056398292     
  -185.18462329105679        49.134945152401940        125.77610767340525     
  -186.31533684872227        59.701494270943385        126.57669936940408     
  -190.97359345193468        68.894491500217327        124.66055670231037     
  -192.82947163769708        79.200275585616453        124.66688319526821     
  -185.66713418173703        84.466690176234806        127.07104602531251     
  -177.39993487310477        88.263883850858690        130.35733497868705     
  -166.76970161172198        89.532889623978292        132.61964307044838     
  -159.61917150662944        92.669890278821185        133.63009264470134     
  -155.09110289475439        99.887943153648905        136.82009410783070     
  -152.38383711985551        108.71640978213838        138.89130303898838     
  -147.67468279165726        113.37051522218769        144.26219591323951     
  -145.72483935800955        117.84920770038292        148.99674927112022     
  -146.82242741436215        127.68722001737848        148.66656311972952     
  -148.58489306235393        138.27931555045564        148.79729081766004     
  -148.03919221546437        147.77582153823437        152.29558679855467     
  -153.96016736949292        154.06259833037402        158.61712394586698     
  -161.69310171788450        158.45035351537172        161.06608368000883     
  -166.79782216682912        163.68625114285913        165.10511851628695     
  -171.58335124613214        169.51220476578567        167.22169614250458     
  -176.45882205446176        177.44927279604593        167.79122633922140     
  -181.73068873988694        184.06243508701385        169.58571630879936     
  -190.77852213677284        188.07351238618531        173.06916753484222     
  -200.77465970949007        189.39765922046246        174.82158481052272     
  -211.85997659226226        186.68363936778516        175.58092694607240     
  -221.21441734703433        181.60602615423781        179.27469974865295     
  -225.59491918693249        174.07089224771713        182.15727337240168     
  -234.38080778199534        169.09114896942111        180.36151126579324     
  -241.25579300398829        166.48350933737692        173.36584121492194     
  -249.38029869595408        162.82945858092424        169.14600146726991     
  -253.04579285554200        157.79476829969059        164.83091492224543     
  -255.08211194403458        155.17745260583328        158.67427617668034     
  -255.60724423161389        150.07852799038466        151.32289504075391     
  -253.31428170686632        143.30433767338769        142.72948047890077     
  -249.19233340663504        141.04119774276694        135.33465053305446     
  -244.58671508969974        142.18712798254495        126.18621931776539     
  -234.53076207655849        145.24772997243562        121.59007913617711     
  -228.97477948608952        151.87857472384701        114.09230769835796     
  -219.92200567474984        156.80140357964348        110.72180024884699     
  -215.16167585926613        160.57401473777870        110.06978925003472     
  -207.38379608716164        162.10893987503957        103.74266414681796     
  -204.82370282953264        168.02772585520080        96.651608787930058     
  -199.49810437246049        175.15646726291780        92.716732662880531     
  -199.39727781232210        182.60614598007720        88.335174561458530     
  -200.20954799193410        192.11401126737772        86.672611685719062     
  -201.09930251794276        201.61584674510624        87.779483308781835     
  -198.69901352650575        213.07402006329696        86.522165767118565     
  -200.99429075152364        223.98663448471382        84.355452622760936     
  -203.35396229340643        230.32962198885235        83.642528119574820     
  -203.05345174508616        239.82405585449183        85.727346537508311     
  -205.54720842850224        249.19551524567083        88.826531000102875     
  -206.90209039430101        258.47893209727840        85.287166795061296     
  -209.01842979379484        268.34835339403082        86.261239610062205     
  -211.78309060051936        275.60513463711823        82.800985631329411     
  -218.32426523765650        281.00003676098720        83.010363096138917     
  -226.54413122089628        281.64708625087189        83.937955884489895     
  -229.90377203418402        286.43517418449215        91.564646096393687     
  -231.96921101169252        288.46890939804268        98.422244829644910     
  -233.47676822593024        291.43724319995488        108.21343239777747     
  -233.99994445623395        290.96463838996101        116.61139857941640     
  -234.56110472151505        286.57957165276895        124.98365855382247     
  -236.42287487168721        285.18485381549033        135.10443723462760     
  -238.34565711782514        281.03819649851584        143.59367033971012     
  -239.74863468362554        279.43896544268080        154.36086607575817     
  -237.94864135688812        277.35450186361771        163.73231817613487     
  -231.08926054277120        281.60742076873362        169.11464821324648     
  -225.72145694197513        290.19180022820268        167.14381397187424     
  -223.70435566403674        299.25281942635644        164.43166931027298     
  -228.96741298497568        304.54674516368914        163.80257542220926     
  -239.78649042274606        307.75166429792642        165.45970693854770     
  -248.85329183947709        305.36741551676982        163.73473632885373     
  -257.41332907894480        303.97007323004289        164.57564548642648     
  -265.74800882699077        302.95643926489470        168.00711251129860     
  -275.28109954486581        307.63048252167459        171.08001460574769     
  -286.47261577788464        310.39021145120682        170.95969924264142     
  -294.76925445530190        305.61067860018807        168.64102752769429     
  -304.10640759260224        302.91398455964816        168.08421528936805     
  -311.91609880972442        300.53716098599745        165.84023328865993     
  -318.20281022311065        293.82342741114769        162.38173133485276     
  -321.10851558205565        285.83592103503941        158.41701381111392     
  -325.70545583054530        277.40579196991519        159.02509551240388     
  -333.16150691378550        273.25411244661137        152.12475639861566     
  -339.59296654357070        269.99873979276077        143.02269767557101     
  -343.21402163118387        261.74732464241254        136.59418098507888     
  -346.92740629610148        252.13658850368239        136.85356258082760     
  -350.94569357145514        245.62779247121790        139.28464774687785     
  -350.39356515599280        235.60181933935777        140.89967461289024     
  -344.02136048244751        229.59655163645846        140.40307146481911     
  -335.99086059218126        226.34312434439272        136.61959998602259     
  -328.41644877666516        222.02006725356770        138.65548472450490     
  -320.37590612626082        218.85182044551007        142.42321845667175     
  -316.16422732004230        218.34231862248407        150.77295225403998     
  -311.78398795980661        221.52606427940512        162.18523221263354     
  -308.22446951546300        226.32662033459559        170.33156942220342     
  -309.15112481458317        222.88386139952431        180.68921114556940     
  -305.64954850124411        217.15736571490245        190.19251961848232     
  -305.48813322952788        208.56930085209149        199.09267015038614     
  -303.50210347312122        199.04574431902685        202.36125136761825     
  -303.76945600672764        190.14002276162950        209.24614138539408     
  -302.22652602344237        187.02698488927714        219.05471360034960     
  -303.31994297983698        178.83727125748158        223.02371107901615     
  -301.11479719041876        172.20045479410464        220.42694256468269     
  -296.59195589102262        165.78828033175853        217.00555240456987     
  -295.36801907150584        162.72290680611249        209.05712884644737     
  -298.33664999100301        156.80404720087978        202.82771897487487     
  -304.48942504608965        151.85388462367644        203.48877192032126     
  -314.29640145422246        146.24723420103231        200.61050218312391     
  -320.25789527689750        151.32596572296697        195.12254326002051     
  -322.62295504850636        158.10647101285628        190.45842061204024     
  -327.58736714786966        162.33759760927637        185.62392798171271     
  -334.42869070658082        166.55420958567561        186.44792829029257     
  -346.13031464318635        173.95917168683729        186.63982893382365     
  -352.83889765701349        175.82636591970501        192.79964356561896     
  -358.35208178693449        174.65652865996415        201.95367071516074     
  -356.85952372375482        170.53254346636430        208.66780834775221     
  -353.30471712532966        167.82653988059357        214.78262812366211     
  -353.23438283567907        164.93394398295564        222.97588691319953     
  -348.11916485078325        165.64601595422479        232.82020847593117     
  -338.41182003331926        169.66309336976440        234.97960113241328     
  -330.24164117372618        168.81868538305551        238.13176127423458     
  -321.88083567742615        168.19716340970027        235.94309834072914     
  -313.96517190276916        167.89860528489132        227.04382520224976     
  -304.93162427789292        170.56052604066863        224.20121856131084     
  -296.99210919194650        179.21582270254390        226.49052327536589     
  -296.01778412266907        188.28831536061020        219.08878329733511     
  -293.03106956516888        191.81291227794588        214.93901724583213     
  -285.82685094871084        190.32200344822917        212.80619465080605     
  -278.67392025916126        193.25379467224917        214.71221924805820     
  -266.29602630463307        195.28554768308410        220.60054846286619     
  -260.35935150275407        197.99372548664655        226.16829330046045     
  -258.56581357990837        206.51174461571773        232.16849663709928     
  -260.93480063565630        212.74155458870911        238.68627751990743     
  -263.68144834136234        220.08313077921497        244.41513871494772     
  -263.70641313557695        228.70814946124801        247.42215411401401     
  -256.63729920069238        236.62453275229279        248.52703328369489     
  -250.46632113379133        242.24817021737590        244.60812809954308     
  -246.93183077328956        246.38669208998661        233.34454899058574     
  -247.05827327434304        255.12412015391303        226.20122229368468     
  -250.35427000828633        259.11778340701574        216.81759438723714     
  -256.83044433321515        262.47667506211701        210.92149696533374     
  -259.29167261030256        271.88863263823225        207.49992100716713     
  -263.26572465452443        277.37791022356828        201.27867403859801     
  -268.60582134058421        278.68358599157978        193.89536663197248     
  -269.90468347974934        276.79397663841075        184.78137388505002     
  -272.76341808141899        273.85795916949348        174.64670461188916     
  -275.90993878622874        275.52024466459500        167.31733024089516     
  -281.87285709694538        279.62128626442450        163.10383747107039     
  -288.37005223074152        285.99732809889463        154.88729124013616     
  -295.03666533957022        292.86233943563855        154.44102928331489     
  -298.74537343311124        297.79736529290210        148.49007642191827     
  -300.74808516093140        304.45227781588761        140.91687654301552     
  -302.11896558475263        311.64782678705939        137.48147739417362     
  -309.17620633270138        317.30246990767409        135.36406111273692     
  -316.58778551989133        323.84380449747295        134.69970353272629     
  -322.86534128320210        329.88499210403268        129.38695430365192     
  -325.79660670048440        333.99214648417444        122.27868575088428     
  -324.70447458391612        343.15647195467750        114.76671162826204     
  -325.61889493830648        350.51081317218740        107.73632370646061     
  -330.89704202330984        354.99643499539962        103.49959100511450     
  -337.49988837925559        358.16119793635528        96.272070663212901     
  -344.49604645046156        361.72404857547843        90.280542770203567     
  -351.87458389087089        363.58866684299619        86.041562956868233     
  -358.15142306809798        364.42607090584602        79.914051407763679     
  -365.87014353805512        363.40628084194577        77.917854684882570     
  -373.91987816969458        359.42669588191944        76.476192534971574     
  -381.61377986523451        355.37934724752984        77.472206279639522     
  -390.85909360274434        352.08686461452521        80.147889099455483     
  -397.13200964734528        345.29434615799209        84.111051612460471     
  -408.60089648951953        345.41686609069711        83.609009913884449     
  -419.94330496369406        345.81062093717725        81.794034304029367     
