   7.1188056895687595       0.16276765310215069        3.8532279159485938     
   6.9880880738528504        9.8362228904078393       -1.0105120189564900     
   6.1150860605558819        12.698866868478035       -10.424218820351200     
   15.431756736502933        14.716594985701022       -14.690689815114183     
   25.557077707805163        15.768976705978275       -17.484246528675044     
   34.950997804813156        14.634161478441911       -20.380584290871241     
   42.014533294824929        9.5463929131580016       -21.365362371350216     
   46.750552824951683       0.49390958566459631       -21.933243435327597     
   49.434027603131241       -7.8674475347355610       -20.653515668670821     
   57.764162579129618       -10.975475610508738       -24.055106656923442     
   65.437032203298813       -9.3021073020081531       -27.632925698727036     
   73.654267459225423       -7.4663157087184118       -29.800988753586864     
   81.555925293173090       -9.2879547053357783       -30.661348847039449     
   88.948880730288636       -13.305750992040998       -26.979668382856403     
   96.041655439371937       -19.944992716539900       -23.743047777038157     
   103.66802506777461       -22.712780814283860       -27.690388654860953     
   106.96678721191248       -28.284804156269161       -34.930278736340767     
   107.84653969037424       -33.084356146527739       -40.394479473965589     
   109.92445338828003       -37.375723393261524       -46.910019735151423     
   115.58378837699556       -40.274917510901673       -55.220450806126792     
   114.73724442784004       -45.594068181361877       -60.162772306270426     
   112.50649724385389       -51.615468606264812       -68.273768215217160     
   114.44933427767236       -58.674282389036762       -73.729920204458722     
   115.30792491876414       -64.423973668923395       -79.776763918079268     
   114.96787112123292       -71.042404126516487       -86.764472444724674     
   113.21824785353121       -76.511867344845996       -94.855288909591536     
   107.19039165610172       -77.627363088468314       -103.46419042148977     
   99.416030242327793       -79.448383805326216       -108.70510885563260     
   92.646637686624302       -80.850098213941351       -110.66043223410367     
   83.635790986563990       -88.404875142167555       -112.19505512145400     
   81.791862866873146       -92.225621423566736       -119.96398065198787     
   77.141114749442892       -89.210026963989833       -128.72896955478740     
   71.441659690626892       -85.923788939871258       -136.92345868902015     
   70.594016686343110       -79.503433472626625       -146.20277039000047     
   67.136244425263115       -76.233724043734355       -155.01128953113323     
   61.688264754501432       -80.862357819881709       -157.33108978063672     
   56.403284338880439       -85.809155933958039       -158.75636767733772     
   46.862939299306035       -89.813042781363436       -156.32123957196882     
   39.455809281731320       -88.188858921706128       -153.35973488226983     
   31.392565012659247       -85.774799642002279       -150.18899810454525     
   23.759999910252859       -82.305478334702173       -147.91633479638460     
   16.572202487795337       -84.109999651272517       -142.98783379724790     
   9.6804717129261775       -80.238093228442267       -138.18432049862395     
   2.0418575019482716       -73.773133767843944       -136.25047945936490     
  -5.7992130762986136       -68.908935243830342       -138.17359162626997     
  -15.501097368599737       -66.907099272556025       -137.56705747496090     
  -26.119599346200793       -68.457099281836236       -135.69816187707517     
  -34.223434919297063       -70.414833814533040       -138.20474055062800     
  -41.325293541117226       -75.500231475528722       -136.17667228714106     
  -49.511616225533075       -77.406881652486277       -133.50472125690254     
  -59.073761762061970       -75.566484870465501       -129.86585247227504     
  -68.069756435216178       -76.379728195804375       -130.83782525186228     
  -78.089027165615377       -79.031481797245021       -133.95529614788410     
  -86.844712075111346       -76.890030195878467       -138.61876172352959     
  -94.842932288519975       -78.360154099875615       -144.46884933262817     
  -100.54784720249842       -78.535526681121837       -149.57452258182258     
  -104.62391181177775       -83.999851312074099       -155.43813739195747     
  -111.79084661838920       -83.738295768287060       -161.57516610019087     
  -120.33396819388173       -82.459546331932700       -166.49605443521324     
  -130.17293925260338       -82.116796559440672       -166.00219386331537     
  -138.64449433593120       -79.615794221470253       -167.05266221406600     
  -144.05725179062608       -76.366350042708859       -169.98586812354483     
  -153.58146347709092       -75.789272103649409       -172.14995974421834     
  -160.10191103821575       -78.943936347843874       -178.29666385516703     
  -170.33410386639329       -82.870622688547883       -177.08741868972737     
  -177.70743260321902       -87.084727911361597       -172.40156217206061     
  -184.77117975251502       -87.859637293823198       -164.32712900977532     
  -186.49739434212154       -85.789909410364316       -154.91143442104271     
  -191.17868300448464       -80.893390466302549       -146.44659955542551     
  -191.61481124597387       -80.076778321056736       -140.97042550001873     
  -194.04232845292159       -74.829837937596267       -133.92123737385577     
  -202.41686320610361       -73.010426232494410       -125.84152154509837     
  -204.60666450579635       -74.498257465032850       -116.53572192273606     
  -205.76154227724322       -76.606384422386441       -107.22721685430389     
  -205.44698336453075       -82.292290201786500       -100.61368962395557     
  -203.17856304230662       -88.532467784177641       -92.502922396810504     
  -196.22003331782847       -91.808629128559801       -85.565678265725751     
  -186.33490049367720       -94.629766359918108       -81.132010400918432     
  -182.82441645286622       -100.48022303856538       -75.971428365840211     
  -177.29661295693370       -106.42197512286310       -70.122009967563542     
  -173.90727036225451       -114.86998577407093       -67.640786987104377     
  -177.79582607988152       -122.96156019378833       -64.115425870416004     
  -175.10470135917274       -131.64574173847132       -60.504592035482062     
  -174.98577997857723       -138.18291503392794       -54.986015435194702     
  -177.82053288464962       -145.99585075171473       -52.155108567105572     
  -185.13197775793759       -151.92968883181379       -56.003062891559694     
  -187.69283912151297       -160.72290320090144       -61.996656058440351     
  -190.01702091692209       -166.78629771956037       -68.092208824498869     
  -189.71620121359641       -175.56057600409008       -74.019569698447754     
  -191.02723232437825       -177.63375348995646       -81.652697814147132     
  -193.27350887493225       -175.14938556951535       -92.231739923848863     
  -192.40847531203440       -177.95555832807116       -102.93994522328256     
  -194.50060831907800       -180.93623061908528       -111.16047433288998     
  -199.29143734653420       -180.18043725658788       -120.98908234988261     
  -206.70431637400716       -181.07723010139233       -128.28399021080514     
  -214.20671874746131       -178.96372931321764       -135.18632872266727     
  -217.10325747932916       -171.01163557723237       -137.50094382337903     
  -216.49774965423572       -162.69659290813661       -139.79663899286396     
  -209.33216378331861       -158.75827374734854       -142.19193564820966     
  -201.46534237285485       -160.80768926709948       -147.02836490633121     
  -197.91650061806271       -167.00388003195042       -150.25232398977749     
  -198.54392029811402       -173.55031761052277       -155.24920116981957     
  -199.75420879661135       -178.59274090006539       -160.68480017439731     
  -196.58670596457193       -183.48516421331141       -170.18016447665605     
  -199.26081137235357       -189.17285811025874       -179.31034063709723     
  -201.14424370011022       -197.78295604996106       -183.60249462981494     
  -202.92090280608275       -207.41773803476860       -188.86264607910846     
  -204.69556754905696       -214.93025131872110       -191.06437636429223     
  -209.82568291759648       -222.71057094155736       -191.67664826277945     
  -218.45629998727469       -231.26152291545867       -194.37331503276693     
  -227.66906159956986       -236.00456519901195       -196.81426234310550     
  -233.76880744229533       -241.79565174423357       -190.29362230531359     
  -237.93675264779222       -248.53706243343771       -183.23502121629554     
  -245.70076956977056       -256.01494250148880       -182.96339996900224     
  -247.87831735511014       -266.93950508559578       -181.45145770646081     
  -248.19792024905664       -275.82430425918506       -179.95773070283934     
  -248.97159451433532       -288.06258649221201       -177.10902557190468     
  -256.35178791184740       -293.87378514413996       -172.90037770550111     
  -264.81422094758835       -294.34092105378716       -167.94370528256007     
  -269.84131203026874       -300.91335992735935       -167.60483087448904     
  -278.57584008714957       -303.04714661859020       -167.94892587129578     
  -288.25482878145658       -306.13835197965648       -170.52575298731040     
  -298.70266131552626       -300.80618088457271       -175.77339019388830     
  -307.47061999726503       -298.16488617856436       -170.92491155418173     
  -317.00613018886907       -302.83148483548325       -173.04022730974430     
  -327.43841717495962       -307.42442812989759       -170.70807774987082     
  -335.99717300820430       -312.57749648447430       -174.27182028859261     
  -343.53597733195073       -318.70297533526769       -179.16457071503982     
  -350.95876558510446       -325.93237352785064       -178.16344271559558     
  -359.11805949753187       -329.41463744875045       -178.58896135050281     
  -366.55738432379923       -331.07818735820774       -185.22703191457776     
  -371.57883389135998       -334.98844113006299       -191.53586478050329     
  -377.15003047632786       -337.35878887346496       -196.70596675859633     
  -383.97661433572500       -338.38467933993661       -202.82221912393811     
  -394.52188012940496       -340.50957341126411       -202.59224555430063     
  -400.02331647279306       -341.65952532797439       -196.77231032257225     
  -410.01428534858502       -347.16062857866598       -192.39901598907397     
  -415.98760503649532       -346.27052520320797       -185.21774704277090     
  -422.33178179707545       -345.98462914365723       -179.61927683912643     
  -425.05958118910740       -343.13827431006519       -173.92503847992396     
  -427.89203492862612       -339.30719941629638       -167.05394815599720     
  -429.71111105780881       -334.32453738416928       -156.69492645162296     
  -431.31753302309187       -325.42520477255664       -154.50672642530378     
  -435.20616323651393       -316.53797254697463       -157.04603925972413     
  -435.84659803066108       -311.74217994255167       -163.35045552907314     
  -435.60489475271891       -305.30781784584423       -168.29884002982675     
  -439.03462595032221       -297.35375306702809       -172.97088726325694     
  -441.56472002172819       -292.76218734165599       -181.90154535628585     
  -436.64718150864337       -292.05968536081542       -190.22360807733514     
  -430.64014066399710       -286.70374302801082       -195.40134815100879     
  -426.95767715874535       -281.09535145915498       -199.87752258820376     
  -416.30838295205990       -277.76832413885558       -203.47880982405911     
  -408.42124401513502       -275.89683161852935       -209.77520307797056     
  -400.66386348028385       -283.85750481497985       -214.72275818567485     
  -400.04639325576170       -293.31497778202498       -215.28797042752296     
  -395.92230931105217       -299.07033762593846       -220.79939704749631     
  -391.72308523480751       -304.27680875572355       -227.39055490847898     
  -390.24281999871653       -307.23495207435332       -232.74088900645859     
  -391.51545982272086       -316.70324206079056       -239.42201911963741     
  -393.69011676555334       -318.86884462867192       -248.07261150790902     
  -390.12334239358097       -315.13903072775713       -258.13281992076429     
  -386.57341562445282       -308.72627949297305       -263.01980951290534     
  -380.42676129916930       -300.81996930077639       -263.07697027398456     
  -378.43288836414615       -292.37613000987091       -263.78906717715881     
  -376.92011660782566       -284.48865227278822       -273.06137225610826     
  -371.74385272124209       -280.89983200795291       -280.02922223639484     
  -365.75659302093635       -273.95859707145047       -281.98976264590499     
  -357.83953358351528       -267.51920744978162       -278.71884811381699     
  -351.75826492574470       -262.31644869382308       -273.11913195488700     
  -348.65717564784711       -262.13168547065891       -264.98776286401522     
  -344.15999260613472       -263.34112182474234       -257.01645187722011     
  -343.00785798339456       -268.69760690567426       -248.92442997607867     
  -345.44536491733834       -270.63615082776909       -238.58607146393717     
  -348.82090585071785       -270.67875430507479       -230.50706818297721     
  -347.44289497164510       -270.40597520059413       -219.47330377840282     
  -341.06715115675684       -267.67408179003854       -213.55182595708013     
  -335.08805937835456       -267.20204089543643       -204.77525471649639     
  -333.47622892925665       -271.86762602552210       -194.25372136915382     
  -326.57903502880475       -272.39718998105150       -186.40224614892566     
  -319.50756767827687       -267.47923721991452       -182.90895761343498     
  -311.75196776115030       -262.83982600949588       -178.40930749587761     
  -304.66697340968068       -260.73350328883390       -174.20644514565288     
  -297.18436673476680       -257.03975402546922       -172.12723279776989     
  -288.86410886943378       -253.69390846100211       -173.85878261798010     
  -279.72404221496538       -248.28957570076577       -172.57257222391257     
  -277.00756099184804       -240.97318923657915       -173.63929599282204     
  -273.09023123211415       -230.46015015336872       -179.27815908350877     
  -267.92887680985035       -222.34846367924109       -185.18778548750993     
  -267.11005980965507       -218.49030421609592       -192.29302970370398     
  -265.59603560141659       -210.55742768672448       -200.67866942988346     
  -264.33089872702050       -201.09531590390989       -202.42442686219422     
  -261.40637532166988       -194.88094758743810       -206.08070357059643     
  -252.46708365347959       -195.13332357826852       -204.68371671511909     
  -242.34279046350110       -195.35366280060563       -205.11404448551261     
  -232.65307663533525       -192.80951801662749       -205.19554489245391     
  -224.76512634733925       -194.90241832062125       -202.60164043225458     
  -218.26030698283571       -199.49416150079546       -199.67476816662952     
  -209.31847282941467       -198.77603067175471       -192.66700319502056     
  -200.78051244024638       -192.58485610593681       -197.17145691695350     
  -195.31536449805915       -185.19512445790465       -199.13185363076644     
