   7.1044619825963764        3.3106789062481994        2.7352514737283968     
   17.541572144516579       -1.9601153428873772        2.2940065821632629     
   25.881679798842924       -4.5089498404071264        9.5572099110226532     
   32.988598191323149       0.71588384443737141        15.040736978708082     
   37.146401670821490        8.2665696621093048        22.356995602226561     
   38.466762456733989        16.944361095610475        26.623688509649185     
   40.028486141453072        26.284294189004072        28.227989120905136     
   40.729981487659188        34.207891891176587        23.128241733964387     
   45.467266686478240        41.895244807344341        17.735052154893424     
   51.777581950613467        47.770123676223335        17.470262528168746     
   61.220220387167615        49.449456807966726        19.109888839014445     
   70.851397573843030        53.489844335249614        23.590657744912903     
   78.800634985152442        56.915911212185449        23.607407666987115     
   86.948896553116640        53.966560620846366        23.898764635912983     
   95.472092856440838        52.521900961241727        21.639354768774240     
   104.49361988436243        55.154775820932429        22.331251573751274     
   112.29989176975738        60.203999265362455        21.897048847709357     
   118.59291259352136        62.563299669272993        23.125895607151392     
   124.53571800965170        65.249708433656565        27.189582065815671     
   126.64952535884140        69.605546459670450        37.130747502978863     
   131.64914329998442        74.517509071037551        42.299499588665128     
   137.17591871386497        81.070585689712829        47.270575424469371     
   141.77030072438356        82.377237558538098        54.331620370608732     
   143.07151496251385        87.330465985821007        60.733846815829850     
   145.30261529226004        92.731673290540670        68.876333812925566     
   150.08255836087255        96.986415624622339        75.152445760699266     
   151.55586412639343        105.95932772527533        80.380470123708164     
   153.65862309347978        114.15543077640206        87.437268124998127     
   154.92384651303780        121.45589249334833        89.768911038140686     
   159.79419410019227        132.12306931124027        91.534168302607441     
   167.20788381600340        134.41620989913108        94.684688801204800     
   172.35701140570649        133.26041800187031        102.73161899750949     
   180.97952048095681        130.36167709142890        106.44303961358668     
   184.27087181050217        123.34278085479360        116.51110931020889     
   190.47692305841889        115.85859999134203        117.62878913765081     
   193.24404863876305        112.23088536326566        111.41592770490513     
   196.89844359826611        110.17668213324691        103.88810507305055     
   205.20245056870868        114.43596029324658        99.124695261778470     
   212.39125367484013        117.37679054025688        97.336032771282646     
   220.61477256625716        118.62984331743002        95.264036993805632     
   229.09648481842714        119.83319070339886        95.274195761348835     
   237.55577522253543        118.95187008860955        95.514434292150099     
   245.82423413297172        120.48401463796614        95.273798673861677     
   254.72088550751081        120.32260643117854        99.679678361151446     
   262.78638976723784        122.94045980471543        104.41108335491748     
   271.90701459431989        125.93488968921145        107.14413901639631     
   281.87051924250994        129.82811364651343        106.41768802532363     
   291.92642091812439        126.05370110886440        105.08696390284410     
   295.52499454250392        126.86770942005057        97.595176921894392     
   303.09639467773047        125.89500116338607        91.684148186613186     
   309.65464001246426        119.96922137166050        87.742252954834669     
   311.54271521486760        113.46237559233404        82.436314344601669     
   319.07939498483591        109.23390507602983        77.215262072991948     
   327.14410446134866        102.47303911630900        73.065498612495560     
   333.32633806261708        98.349322168309101        69.580691155620570     
   334.20573059568545        94.029849693921051        65.116704933677397     
   336.30211456147259        91.503782765851327        56.417583119498488     
   341.52849451685756        86.283681470902593        51.498779592614824     
   346.75322415443577        79.031894914965306        47.410994258176913     
   349.74570397179940        69.610669627456872        50.164329811281959     
   353.60328528140280        63.438758423887549        54.173768759031020     
   355.86062333177659        56.474238021402130        58.698665938672832     
   363.61672902794999        49.009369640800287        63.122056314726933     
   371.12873233969299        43.715378991759337        61.877487290028398     
   379.42863068518375        46.186430864172337        66.529897401670382     
   387.12961746474622        49.034198557255337        72.670329126912065     
   388.44874830433025        49.534912741655717        81.454775756068443     
   385.81685255995558        50.417158203408547        91.727904745654143     
   381.56451335448571        46.769348278659265        101.41426199838259     
   383.22997598364918        46.638984104475924        107.05142344110720     
   383.17457422873701        46.575387687424353        117.78863074478869     
   382.17973771086383        41.529067214535019        126.23231538833016     
   387.29593304435969        37.315312407650822        133.18572607714515     
   393.15925878110323        38.235267100131182        137.93959687598863     
   402.89347917144215        39.453102065800579        139.61791972894542     
   413.68204104344966        39.089188775799585        136.68989225441356     
   421.13873752128154        38.910333512860177        129.91942103244833     
   424.04109716333579        32.261256366654095        120.46573251823452     
   421.76557257784725        25.626414998977054        112.50987582978405     
   421.88203358511402        19.040572332280590        106.11770074402688     
   417.62600736658163        13.055990362440696        101.12302575007612     
   417.63035585519265        3.5697660003137344        97.611382305486927     
   415.29123478801279       -2.6247229642104912        89.784032725828013     
   412.09887695366336       -5.9233068801646027        82.770671637995122     
   406.12053823754684       -10.100336337828139        75.729693119603667     
   396.26702763621887       -8.7435852107429355        69.476270046147704     
   390.97561984154282       -6.2748660355823631        59.673141469120765     
   389.61271874980571       -3.8308134062899626        50.879963989137195     
   386.53835275368618       -2.5273687592574561        42.568374000222150     
   382.16771361135011        1.7004189036111939        36.591424324089985     
   375.72556855600817        11.018095543376489        31.465722593677697     
   367.85103606484586        14.731176951022917        26.692431999803148     
   361.90565520609198        22.894864140551647        26.989608296745871     
   357.03943933691335        32.492475589000094        28.710546413797431     
   353.90530402381717        40.366669182172984        32.852445373177716     
   353.89345639062503        50.624926462961639        34.641476029204171     
   354.01550327606435        57.056666518495206        29.636887740270879     
   354.95541408581175        59.237712419504021        22.044100488364052     
   357.98675537549553        52.828998143433637        16.093594835805618     
   358.66144181073201        44.202006890367301        11.669189698968296     
   351.95401321081488        36.692678662145397        9.5769838989338609     
   344.37967339148639        31.474675824032602        7.8102191778049814     
   339.38634239661673        26.327502282254784        3.3818317780201710     
   334.50479881139393        19.415144473344640       0.86836118129519946     
   334.94207036831176        9.5862351456265174       0.23005803739238218     
   333.56955292717839        1.8476916937192982        5.1157526332435168     
   330.35847313991843       -6.8296106002063084        13.587888360146906     
   325.63050643843576       -12.971682525249548        16.745246317860563     
   322.47797030440779       -18.226197319436608        15.342588480202267     
   314.08229086534413       -25.330710468477150        13.341400769508937     
   308.19737734446824       -32.475293603345335        10.467368257890257     
   303.90482042552333       -40.582766990693131        8.8409169517742612     
   300.12786098072786       -50.281949598937160        12.515660272271589     
   295.89064700816374       -59.528404616069110        8.7122538453008929     
   296.06920769099565       -69.455768251183656        7.3527991073466978     
   296.62399637964194       -78.946624525248694        2.8573333543365607     
   291.95518025187346       -89.297475340654671      -0.83943372190520904     
   288.90693055628986       -98.364904319277628       -4.1800365151562460     
   281.68356369347464       -104.38392947908767       -8.4372127518893194     
   283.37218196969798       -113.22411708997106       -14.138441725549967     
   279.25212446605815       -120.42809559644763       -13.805218975058722     
   282.46833373677885       -130.16346589841231       -13.584072877978254     
   288.78423502250041       -139.06534807618721       -14.695839606553417     
   293.05714393284751       -149.61600889315224       -13.505783138317209     
   299.40062618382120       -154.98693288051737       -9.8440993932034608     
   306.56628353795531       -160.19960713240431       -4.3830848945137246     
   313.37442239502371       -167.37364167374704       -6.2276402402252371     
   318.90135306787545       -173.99764619894785       -13.322280093505807     
   326.13420147845073       -182.43452004952144       -10.578977310198294     
   333.46030819202161       -184.52549674109162       -9.0741705419659944     
   338.55717667385204       -190.76247060823255       -7.9796891904744554     
   344.67434069837753       -198.31241838212833       -7.7711051176082675     
   350.36900112388338       -204.84503741856810       -6.2945635300337655     
   354.27285725917454       -210.11224964723533       -2.2832542568883651     
   360.35093965480331       -216.16155879581322        3.7372234319470907     
   369.49945536463258       -217.16469053665332        6.6860077015780393     
   378.58420240766958       -217.36230620359527        12.050829946296748     
   386.50418353870390       -218.12622582984602        9.8353304724558406     
   393.99978952048593       -217.96311777882374        7.1561895017017649     
   400.48512775352737       -217.64834035132287        2.9734622579608798     
   407.17111564316929       -213.67357357320736        2.0327420030707275     
   413.68392599033569       -204.04863806355013      -0.98068407058121476     
   423.16923297437506       -202.40706561195231       -2.1947377429715926     
   431.50118607146982       -200.93124675005993        4.6234368054505852     
   433.50047526573223       -198.97642684403678        12.769185952482932     
   436.06076242060743       -194.37880092881994        19.413071089145550     
   439.43256793886997       -190.17798905371239        27.887737635015927     
   441.42883005112424       -182.53978338876556        33.903653062200085     
   438.71974763485559       -174.28142025227351        40.007705572068183     
   432.99886717248256       -166.70707823122336        40.479614729539101     
   431.23386817010231       -158.09766852892682        44.832571063579458     
   430.00293335803195       -148.92851291015211        50.581304497408219     
   425.36645461081190       -140.19920268562009        53.622906483860568     
   424.14559333103188       -133.77941592684004        61.274463021203083     
   422.89464776185173       -128.83971626179459        68.460558077784924     
   419.14354470640723       -121.99319835649636        73.270142306710397     
   413.53201816528326       -115.36539201333198        76.586450510723921     
   410.18780087491552       -111.42755781110543        82.756471098082784     
   406.57948265255300       -104.58205640669883        91.738343709044727     
   399.59955854919576       -101.32267471849099        94.121717427842043     
   391.53956748263073       -96.786050277369043        94.396142435613228     
   383.09443798643338       -92.674055321603532        98.431850637953175     
   375.61734311670409       -88.639840827595947        100.92472435487616     
   367.96319324946307       -85.997836166501997        105.63408036192368     
   356.90580929250160       -84.298468905893003        109.97934700573609     
   349.10237926568834       -82.732747739692797        110.47179513383384     
   339.42556275060315       -83.047275269104546        108.20017217798022     
   329.29541822572185       -86.797627982138465        105.46671580209033     
   322.62283062561153       -90.932011445598562        103.52766089828424     
   314.46101841008016       -94.072046054965313        100.15831000229718     
   305.65270356025542       -97.301749926674063        98.070118071660943     
   300.87476758956961       -103.15031953735104        92.052414296929555     
   296.03908547978284       -112.65886670229628        89.438536976131672     
   293.70321314733735       -118.50361523426710        94.883187405098283     
   286.36301463397547       -124.83238202558340        95.424906214618886     
   278.54177263181350       -126.03602433588549        88.426773552187115     
   271.67788360639588       -130.21296057840220        80.175326675221243     
   267.20877135311798       -135.19213039439131        71.951774813433985     
   264.00456265847811       -145.65863473333548        68.162040618648177     
   256.41986804462692       -153.59453054309358        67.828602026599356     
   252.75767955726903       -159.89890377443567        72.494871197637394     
   249.24623945020915       -166.02942186572994        75.839606005061512     
   243.38647967678097       -172.14778036022051        80.324034089691224     
   234.76514266909896       -173.85937680269313        84.947382007845363     
   226.43561191670634       -179.63512043608171        83.018456107405029     
   220.99240168125570       -182.35401907010333        77.204185684842514     
   217.09048862256216       -183.80062079504859        67.858271501230888     
   212.02753953392613       -184.76244149334048        59.234969864571212     
   210.96449248953621       -186.11388115062675        51.061754850024215     
   215.47793355691465       -189.53641179326030        41.947522470814135     
   219.66927695643216       -196.23301080688026        35.968931541768086     
   221.67758334256817       -200.35315140943385        29.695572407236909     
   219.87555239136861       -202.02519435505428        19.387717442295980     
   212.90882587740680       -201.27332475660256        14.497202162097096     
   205.51667339060191       -203.52570447440183        10.513225559517707     
   195.99930958542262       -205.82701439069888        9.5461547577716601     
   189.35470511749054       -206.07167412082265        14.546941903419963     
   180.04066180089103       -208.45533689346655        18.758952664290689     
   170.70304663684442       -202.31515745611574        20.359009161420943     
   162.73525245893427       -196.75260416579971        21.746235930560829     
