   1.0297386407710647        5.4430656007862410        4.6742931328187183     
   6.0452227578301532        3.5279266322409342       -2.9812528418295301     
   12.282705007173476        2.3408248725784517       -12.081180887008657     
   16.826203797622398       -1.4034261162028372       -22.053785428245874     
   18.188714040223502       -2.2899444966902536       -32.047815886509397     
   19.698519643362005       -7.3462766656822680       -42.213457954222974     
   20.961601852708981       -10.110504957912582       -49.777278003809386     
   20.721590628636633       -17.587552163364222       -60.733164793002004     
   18.792447709633166       -24.521504105495438       -68.246122779030827     
   14.556163034135409       -29.108926310539886       -74.650490639337534     
   8.5878379265481968       -33.244509785701297       -80.972613632946150     
   1.5694321703275662       -33.832721499691331       -87.889507959733805     
  -6.4043576492221774       -29.711856962486138       -90.903729087690522     
  -15.956484753222028       -25.117710455605049       -90.801263177915132     
  -19.946571538340859       -15.619673204571342       -87.592573027593858     
  -18.148380990848672       -9.6499461811437754       -79.935972205004703     
  -17.197672039341320       -4.4768784001504969       -76.247367260550220     
  -15.770508584385745        5.9370854524458707       -75.433323978951194     
  -16.313272454285382        12.433616314240453       -80.077897397737672     
  -12.444458529836183        17.678359350935182       -87.406361978217205     
  -10.831807811673841        19.361870338985909       -95.229527870600805     
  -15.889256769077832        23.726752366075175       -103.49569682964750     
  -19.944698173999114        29.384577198339912       -108.63311825971743     
  -25.932163535031520        35.830586881584907       -114.16530555273619     
  -29.158360610154499        38.416657760146222       -122.52546290445787     
  -34.698581435601177        35.891456606863073       -130.77784140679466     
  -37.992627784719311        29.616286538995894       -138.21673495736115     
  -34.983749992654580        23.942065158754133       -143.72547216016966     
  -35.751380453827693        13.830576373642202       -148.56864442180068     
  -36.306928111334990        2.0863567156711724       -152.58508535597176     
  -37.159372617960820       -5.1449292381172711       -145.82163290888386     
  -40.856219040770902       -11.515766756752186       -141.89884506037430     
  -44.720894576587028       -15.674936213542026       -136.60770890361022     
  -49.452045988984494       -20.762446828537549       -133.24647574739674     
  -57.615787176377879       -21.994717311574902       -125.98757171066677     
  -65.725200633673197       -28.370610577954778       -121.48047721200675     
  -72.447354834663244       -30.183133382087647       -117.83607700400091     
  -83.862340208027263       -29.149327536727185       -114.78705588266143     
  -93.222494710431903       -36.002808357136644       -114.05750654438327     
  -96.809427231621811       -44.300431942296456       -111.34050809166445     
  -100.41082849308319       -53.772679255942137       -117.87835702575666     
  -106.86499386733031       -60.400907869817559       -118.66883451342471     
  -112.92669401065555       -64.989998060691363       -121.42295369509213     
  -117.51432595591257       -67.750753003675612       -127.81130989641372     
  -123.42126597480963       -74.601379951380977       -133.33183974802250     
  -116.96436621490399       -80.748776251302587       -138.53018375204607     
  -108.48710024391744       -86.281480418606293       -139.03276806430455     
  -101.49261915837599       -91.711322471394368       -138.46330985862454     
  -92.515754149389579       -98.410079968123767       -134.47933939049290     
  -83.658285137569194       -99.522614364545120       -135.84383319569514     
  -74.441528980387176       -102.42668681198739       -136.41301866566045     
  -67.104855489990683       -108.92770533673053       -134.70833225403635     
  -61.933066002250932       -114.77024601910811       -129.13036753986313     
  -58.569557022696443       -122.26802699586197       -122.61972985074942     
  -53.824450837220844       -131.69260488460841       -120.16533450958150     
  -45.574629535164753       -136.58753332594068       -118.11902991178982     
  -38.397774253104913       -145.16363476328678       -115.06198743585486     
  -33.053412571632116       -153.75678376320866       -116.03304642557094     
  -26.681754618464552       -160.43543376379398       -116.02764176302270     
  -19.831474707545389       -166.83686581026984       -115.50827790726862     
  -10.546757184359379       -168.78019670900824       -114.16941344384662     
  -1.5948596772065926       -168.11540652233941       -113.70659345109982     
   5.6995185993726594       -164.23979396801209       -113.28181336557805     
   13.196668692331052       -163.01588264239177       -115.86731407235806     
   19.902842338033409       -166.21122875604945       -115.42800693705328     
   29.406509698095206       -169.73164615133172       -119.10069925365872     
   39.236547131148839       -170.17514086106311       -122.12110682131589     
   46.999447946684526       -167.88016673888990       -127.55230482071573     
   52.108269172664933       -167.77195899295654       -136.19949437902238     
   52.040699623858231       -164.71613979602751       -147.94870795273090     
   50.910396316094236       -163.80951333793001       -157.93027811006192     
   46.306444925590043       -163.41635496823136       -167.72899995309550     
   42.551476673331777       -158.22243807245752       -173.71995797075959     
   41.492894311482786       -153.46977552930889       -180.60615500915497     
   42.674941700998744       -147.05285685119486       -188.14285447277555     
   44.174304848730117       -140.19821009281117       -193.66160461148988     
   47.695140806812390       -129.26702531566332       -196.56327492352483     
   45.188703601879112       -121.26540605322828       -202.35428753006940     
   49.002162787964011       -112.07060424216596       -208.99825986607453     
   51.617565743307011       -103.52123354250327       -213.68191655339032     
   47.573452493286041       -94.956400209868661       -219.21356481813663     
   41.906273111349677       -91.877067654108373       -227.27607285173031     
   39.100788684033191       -85.137449390878487       -231.30388847699302     
   34.527292134453248       -78.677268028343462       -235.00203967944705     
   35.120118430456117       -70.577164744029290       -243.12530894772473     
   40.899373579276755       -74.169774373698090       -250.66533425124817     
   41.409398657892766       -76.028340647963262       -260.33855711667479     
   40.724595754440458       -80.868912003370525       -268.54458571857003     
   34.129189872118459       -88.087968612695931       -273.57221606769690     
   31.919808949135074       -97.535185635540984       -274.73560049746533     
   33.135734626125952       -109.21217913412829       -275.35440600851649     
   36.244227050344477       -117.56224668857101       -273.85166141327647     
   37.361050385809904       -124.43641249594494       -269.34893594220887     
   41.094265461967780       -133.31121752409393       -265.30852094677448     
   48.116910208271335       -138.58917092335156       -263.43141852998656     
   56.182057491517511       -142.18169001104496       -256.32340563317820     
   63.569189608578199       -139.90739334164306       -250.71519838385134     
   67.921975101001777       -137.76231701611894       -244.70374747465317     
   70.050749674150794       -134.01760594318722       -240.04739466134626     
   66.316289505414815       -133.41956619424263       -231.05736573278185     
   61.372872680428145       -141.27910171033272       -223.95382257572805     
   56.180702207645012       -144.39835297046017       -218.20267750629944     
   50.455295237016770       -145.13337860629713       -215.41949795740371     
   43.254807782407354       -144.90744794098350       -214.79955032977324     
   35.986712655490038       -141.93403833436878       -218.90203687478851     
   34.172189916699409       -137.38868588871966       -224.94735826339752     
   27.007013514691636       -130.32220969386742       -229.08572680951224     
   20.120310914144653       -126.97397198570646       -233.10737233941154     
   9.3895616475338528       -127.18421890211371       -235.53018769783338     
  0.18616011757740125       -121.55085879512234       -241.69661175424852     
 -0.73005533175265924       -113.16747958795253       -238.71342489179358     
 -0.48533904755367985       -105.70730316292909       -233.43603221106605     
  -2.3063032400667325       -97.839211895203846       -230.33950676780020     
  -1.9670528861910910       -89.466448347836433       -224.71559363997858     
  -10.140695797679477       -85.691646002770113       -222.20376859847781     
  -19.305591381837957       -80.454421886523306       -223.54127553281916     
  -25.711928951934922       -73.266889289044428       -224.45925414370853     
  -34.699957644491519       -68.967982251020032       -224.34388827390751     
  -43.767067263040829       -64.074116693962509       -221.69023736289947     
  -47.122521374904252       -58.261168348208969       -216.77514946693321     
  -54.231802305560649       -52.996521724359184       -212.31564001712562     
  -55.478058023636393       -45.433430118923354       -209.71475137338356     
  -57.219524152403721       -35.602296689205474       -211.41146089689053     
  -57.801091786625591       -27.287020748499884       -211.43387444247341     
  -61.125262247968337       -16.404341293425176       -212.92103967858640     
  -63.393524632601263       -9.9510188626366300       -218.24132825329482     
  -65.182453848062110       -4.6385054691883170       -225.54022502400221     
  -67.198117466434127        3.1134204882317249       -224.97194591350947     
  -63.459104822902489        9.4885207415880757       -215.85979449088870     
  -63.021053162907108        8.4209412327906250       -205.92644501897155     
  -59.579819571862039        5.2666066220981236       -200.04881887230457     
  -57.625258158908032        4.8598136047763774       -189.87167335225541     
  -56.718404861444718        8.5654239043885809       -182.19338321854391     
  -53.684447480096516        15.770599950021619       -175.31653348323175     
  -53.246960612397608        18.632554416375172       -166.33265097675979     
  -49.311618071859293        20.540476689466743       -160.70337654096124     
  -39.343651745349440        21.509382833949360       -156.78216541956104     
  -33.909505777715950        18.427695860694200       -155.95700740580116     
  -24.869760192496852        22.123885474386213       -156.36850945605249     
  -18.820870507135783        26.715582960070606       -160.30086542162738     
  -10.568260390691165        27.430888497352839       -166.83209934923065     
 -0.82950045829427665        26.706952061785671       -166.97351947946760     
   8.5323758287169795        29.927700504864674       -166.90198860931082     
   15.878490628024693        35.801459848946479       -169.24726664214242     
   21.784826551600958        39.129510201791675       -167.23776253645806     
   28.502353383903070        45.560911702039220       -161.70435252828813     
   34.975827530901256        52.628996978811301       -159.15559024410496     
   46.548958082449460        56.289865371247629       -163.24189120238881     
   53.260069274607815        59.763481814604347       -168.42014147881264     
   57.344930793759872        67.084799001473982       -169.64113520345319     
   58.171191074886281        65.786938992406533       -177.46855761645136     
   57.211558574800947        62.332666436456464       -187.68275314695487     
   54.154330684141854        63.065070268411773       -197.07796065507088     
   48.661024181951007        58.809831321973775       -205.52953839745945     
   43.190959030077323        56.156196315897887       -211.82143179953638     
   42.511047277337596        48.491146805363599       -213.41943988789711     
   48.142706534515540        39.059208218629010       -216.50373489554659     
   54.816792285013548        34.888432132993103       -220.29647802586658     
   59.287116035253618        25.716377961791579       -223.10267806304358     
   53.522432483035999        17.806634334465116       -225.78731561073852     
   51.637712986183260        14.802157966098719       -235.45029471148811     
   49.422245683278746        13.483269464946090       -246.80704589126381     
   47.909677427646699        10.960319464712313       -256.67555656957990     
   43.709556839118761        8.0279218363572795       -267.39601588672298     
   40.636583449311019       0.44809939065896742       -273.84779572021313     
   38.852096028444151       -7.4070895902099494       -276.81945633246289     
   32.583818256796235       -15.135064813408121       -276.95226486058931     
   24.038604577441575       -15.841592037833522       -276.29984950246927     
   15.446743335311865       -21.112204078687228       -274.98775881104700     
   7.5300565484934268       -26.504447297051058       -278.00143397681813     
 -0.37794111860971213       -25.442629364804731       -282.02512126615761     
  -7.8874853128967288       -27.214334011444976       -287.30354774072947     
  -19.098476887192955       -30.168808452908451       -292.88359234962502     
  -26.095806281127484       -34.584522884325025       -295.32287090276941     
  -31.110360771027672       -40.184964939740411       -303.12159669379383     
  -36.561129418234763       -44.021004540449610       -307.74407276454144     
  -40.852997064212154       -51.916807021005724       -308.83045486279548     
  -45.346895542242720       -62.481438835872240       -309.72703387065837     
  -52.075163444595340       -70.811542792415736       -313.44861905614516     
  -60.650537107038886       -70.649507815613987       -316.65862420415124     
  -67.516018538750998       -75.395448596470573       -320.15559124052709     
  -74.998285426468456       -81.658239515295747       -321.53982671073067     
  -79.010843721969437       -91.105755506879376       -323.51054360714352     
  -80.414529998979219       -100.38897870168910       -326.40492474114495     
  -83.093977979280481       -110.20538342988718       -328.29163899114235     
  -88.592714327589107       -116.25699132400072       -330.82627360800768     
  -94.888403711216768       -124.90648017165005       -331.55675580015912     
  -101.63148560371647       -135.72261897679931       -327.70342456908645     
  -102.57498963003300       -144.80546348794184       -322.57959562234515     
  -103.06249691611606       -152.82400902315919       -317.65862458351120     
  -102.50574781294378       -162.51707531965667       -313.47329729807603     
  -101.33415887145502       -168.74564580131982       -305.68611339987342     
  -99.975304322597282       -175.20512698157842       -301.67834641279455     
  -98.038244626698088       -185.27622718978267       -299.77924965558077     
  -100.82612770019584       -193.55814786569204       -300.86083121599694     
  -105.79739111759550       -204.38259531690497       -298.79414619083508     
  -109.46708666336886       -210.72415706817577       -293.24852095305863     
  -118.41210139908813       -213.08083306167660       -292.18367279594401     
  -127.19853290132023       -215.24140871312221       -292.22854634473958     
  -130.32955383869745       -214.68479438698577       -302.06338345773577     
