   6.4154075654623171        3.3239676902189217        1.1112842177193158     
  -4.4791103344932708        4.7388442407635125       -1.0909261440386615     
  -14.854644692577239        8.0464452363957264      -0.73596940825245838     
  -22.304816713201433        10.368302032102605        4.1562717598021095     
  -27.300395732378462        19.330499020017385        6.6782030489020201     
  -29.325605773576143        27.310591796576887        8.1977958909082531     
  -29.190701173256571        37.319733926516449        11.629268090307363     
  -24.710161333873288        44.459894277336304        16.382267672501513     
  -18.573862531464442        48.266282785522833        23.930232048722473     
  -14.800606137250185        48.474721704908859        30.672965038022809     
  -9.6857438523227302        42.440989360701622        36.438528221181713     
  -7.5010818991672181        35.968078782591476        44.780753093428800     
  -4.4740339112273659        30.286572742243720        48.898566162319028     
  -2.2455297468724211        19.417874156922579        48.586787584941021     
  0.17743130379653849        12.006574632951043        53.910929746096855     
  0.28926318372324999        6.9664590441289533        61.226519195712044     
  -1.0784316389091941        5.4654424458390736        71.091963076741621     
  -2.1142805617755869        1.7686052986918526        77.503349332307920     
  -4.6929057817986859       -3.2329661829124916        84.041425641678813     
  -6.2377394993334860       -14.748703237297804        87.378593405578997     
  -6.0459314591959981       -22.174441002634154        93.203075148494463     
  -7.0307943708569383       -30.141787094338895        99.582494362266843     
  -5.4770831439472261       -38.909424687049210        102.95287425227031     
  -6.7809104491320227       -46.484399791252315        109.93889874464074     
  -10.742858821743056       -50.575107300181998        115.78324748916779     
  -11.839852348088669       -55.893959259732782        121.13370888545488     
  -15.652787474787544       -59.904689164574506        129.65855183597503     
  -19.685640690901437       -61.604487745228369        140.19874645581996     
  -21.285424042300633       -65.495224454724820        149.31179743447936     
  -18.031098819326729       -68.357400859340913        158.56678878711509     
  -11.815905034801403       -72.229345310349601        156.59148462512280     
  -5.2273237417179530       -74.912328683569399        149.88063008082997     
  0.98023404347063092       -69.701037482573483        145.21252376199828     
   8.2043291339175539E-002  -58.839873496553281        139.43699668941963     
   3.6443917944794748       -52.015848074056095        140.41212347221764     
   11.235851070815613       -50.691120818506249        140.72360970251879     
   22.437913763180859       -52.602185087156272        137.23921294373022     
   27.608373213189452       -58.305539233206446        133.20889734699858     
   31.850946658052862       -63.044738176945913        128.08433900889494     
   37.171539928919231       -71.313894565110189        124.06104848226337     
   37.577596601426251       -78.556610757303048        119.04301848907984     
   39.642810957160236       -85.250703898576518        112.58596854130062     
   39.851720225039628       -93.998159565173850        109.70233184594764     
   42.061120970955926       -101.46966615315444        102.16291144875474     
   46.613551773434153       -109.84978286521613        95.223278999216021     
   49.844326157687249       -118.80391610898670        97.901143467532663     
   52.207963690945064       -126.88832232119751        102.64560282969602     
   60.223405959081617       -133.51205433658114        103.92013744094081     
   62.788266500028101       -137.04641932911650        112.26033675059762     
   68.174472512515990       -141.88687652539807        119.14946735366524     
   75.162245836930197       -144.01385618489360        123.78571592799825     
   81.763445919755611       -140.28956416757546        129.21235393280213     
   88.125845144154596       -142.92066573387658        135.66761056357501     
   97.919710339337996       -140.97970664940260        142.48064407531450     
   101.39050066702822       -140.49759451707462        149.08732060352185     
   101.89957601641390       -136.98730308130447        156.12857471038259     
   100.25715307360235       -136.66684522015106        165.03094525474793     
   104.33572061057487       -132.54119382031172        171.33414420552973     
   109.55847611860440       -124.37126132943189        174.47427096309536     
   115.95213576228105       -118.04724260589373        171.80861996346192     
   121.82678380172672       -115.97838639331087        170.58455505733428     
   130.38760240196399       -112.47375165115398        166.06216457150975     
   141.54471282250040       -111.02604868915358        163.44115661803630     
   151.39644258748871       -110.06277487735011        165.23875373286489     
   159.36856148630193       -114.91741982961388        164.04764256748535     
   167.28847447654545       -122.03512021842857        161.88477462313401     
   172.67117962590549       -125.55790850842391        156.98897406705575     
   176.34894466907605       -128.26791056235362        149.12136098544070     
   183.57841183578603       -127.67136556319683        141.84582660522105     
   188.05211306471136       -130.33824045536306        139.78624110230297     
   197.78510773224201       -135.60827824763624        135.68653150101571     
   205.35800456836597       -141.39629057719210        135.61482811015293     
   212.02516137840394       -149.72006235700127        137.77862681863323     
   215.70191191348886       -157.79370705522166        136.37739163891399     
   218.29402891129558       -163.73119151708605        144.81110561589571     
   223.05761548053277       -168.20835982475097        152.49002602408964     
   227.67181891962508       -168.20837380258990        162.08336952732284     
   233.39690832392353       -162.25296071133405        170.05402820815038     
   238.29013420015360       -155.31946956104406        176.20331966172753     
   243.05951394491439       -150.99583540237722        181.61933387669285     
   244.51261187784928       -140.30605560017028        184.09747943764359     
   246.98718190978548       -132.77194761481348        184.81351692073531     
   244.18404028150638       -124.35358497325332        189.90069737201134     
   242.39348783468665       -117.05991069422694        195.08680448073306     
   235.93052859329919       -107.35796822902644        201.00796401546111     
   226.80152208263189       -103.73191550466096        198.84616623969882     
   219.27062503326061       -94.942569435050160        196.82418488976811     
   213.30017638336608       -88.270912927892368        194.82177719349551     
   207.96939221259817       -83.094946366027301        194.32565633434916     
   205.37013904387800       -73.712272447975522        193.13413124469423     
   205.92407364650899       -64.168812525040295        197.81650665005930     
   206.13574607242651       -55.974235240641491        202.33373443242186     
   208.12727018043267       -49.088295607859408        209.77165750099601     
   215.06433834845143       -40.788330735915366        214.16630308566661     
   218.70725195230114       -32.212860390723563        218.29606457256989     
   220.58768158249131       -23.094616943940878        221.26954231682876     
   218.67841956358302       -14.371305462143795        216.57093557502196     
   218.11287750107209       -8.6435212058973150        212.58058786031484     
   218.88607484080001       -13.508024788227914        203.40334542046543     
   218.86277749698769       -20.465542443044512        196.03012224534140     
   213.19617036092416       -18.910336758537824        187.26360193564415     
   210.60287306986362       -11.783782372893967        181.17945839742984     
   205.19998627943824       -7.8991676602840926        175.96353829435799     
   197.29505937435522       -7.2128670322818778        177.73203857425017     
   189.24389904758237       -9.4465640488880354        182.02117306856260     
   186.81947907965014       -16.000946277540834        188.08756672435280     
   187.23028614273989       -24.113497476649457        197.26444697655836     
   183.03609552427321       -28.581713751005054        203.02522115302375     
   179.06836017727596       -35.857773025842505        205.10391798310985     
   172.88923824876110       -40.925467475737264        210.56573249998308     
   168.70868077521226       -41.074541179738105        220.91262536310825     
   166.34108849720116       -39.710118934796782        229.28891242230023     
   163.14058502795802       -36.922908079539468        240.08073162934102     
   159.06690958016350       -35.135534158255069        249.47216039115006     
   157.09088504379281       -26.783328939641109        249.75254879339877     
   149.57041102787224       -18.408325543844569        245.23699337874729     
   142.05810854532757       -11.766719820079771        239.96541021029304     
   133.83271208769520       -13.120529599803461        234.93804702180617     
   126.09883230497621       -11.989811874979353        231.90835698845365     
   119.02107213893788       -16.062456061086692        225.86745303311687     
   113.19220467206748       -19.535191594154924        221.07708462060927     
   107.09882017697942       -27.184829494913089        214.88428416281874     
   111.77830482146112       -33.213192095784194        206.24886935965219     
   115.01777196402332       -40.975597337358920        198.32167231668998     
   121.77071582692167       -47.963463603352494        198.74762720237729     
   123.34053529241640       -56.977546584393025        204.31630980815737     
   119.61630302171523       -66.877788249647324        203.31100996809406     
   115.16540815053884       -74.994172742050466        202.07303639602810     
   114.33667296567666       -76.329209959683482        209.86564241321241     
   118.99240290715090       -77.828219594106244        220.03076784957273     
   123.65771487740659       -74.745133509425031        226.81174132768342     
   129.47159298344656       -74.424821551329174        233.96384287532032     
   138.08256157048356       -74.788454530348119        239.42915194669024     
   143.38622292118765       -68.744210460076260        245.99660167503816     
   147.00294531690724       -61.231785945628701        249.36833022115874     
   152.05324245752405       -52.726165356995580        248.28141731145365     
   152.10788893172600       -45.368964909178828        245.11893445847807     
   157.51604026122027       -42.758687147576637        249.98079326780220     
   162.74716077759092       -37.976008219294414        253.11946737866273     
   170.94827162652359       -31.997805003177831        256.03068430258554     
   176.74453545678278       -25.113268703792670        260.27507682076276     
   179.93967383374155       -14.696706525645197        265.42765646856935     
   179.70557365767445       -7.8413191712607784        271.50541905660509     
   177.74597145902851       -5.0032973761724122        281.96541863556820     
   175.68550785125944       -3.7877159840776642        289.41574956288298     
   174.84678930044061       -2.0296494206276918        298.27453829557862     
   174.03660668971219       -2.4393267375623111        306.02811285460086     
   170.00622965189677       -2.0759835344583166        314.36589622378068     
   164.34111657964831        1.9565181973794665        320.04887324577737     
   160.68444795972880        7.9701398054988317        324.75098830103656     
   151.71289028343477        11.514008389263552        327.00510987060181     
   143.03415327436142        14.376308474466384        332.23996444836303     
   133.43892790100347        17.890213121472755        337.81968983938651     
   125.07728184543407        24.753613174951738        339.25815354146289     
   116.25829081161322        28.157753215548638        341.56583565610907     
   107.23675604611407        31.261027144317808        340.92792006784566     
   101.38685606428885        35.672400929332269        344.35945985362468     
   97.773382434734231        42.936747706761878        343.40055867388469     
   94.433980062389480        52.081234542361472        342.32943777165713     
   90.478630994719424        58.180311203169481        347.30101649706523     
   86.752805723136760        62.827609573170605        353.21844409850621     
   81.920566840292395        68.103068981932040        359.64770655893210     
   75.227065255850334        70.283874191300640        368.41630098064951     
   68.584062496479930        74.106278649988212        375.27916256608876     
   62.084994953357977        74.931068960577136        381.06445479695350     
   55.782495931192045        79.911339211272718        387.60031177022256     
   46.997692303857548        84.502896673248756        390.28424676545751     
   35.754598190740296        85.775848668916467        392.07461883897508     
   27.048040452673206        86.337910467019015        393.14318519191829     
   17.128750928780221        84.685319506481392        396.71360820865709     
   9.0450139985982219        82.409572389689856        395.98556644877755     
   7.9238052369126990        79.094886131858004        387.78607490627826     
   5.1183522971908246        72.361322325839353        383.58094036097657     
 -0.51628731803998562        64.364760568760289        384.22613823537074     
  -10.817990620135959        60.834604333192544        387.61479986246457     
  -18.156822797919091        62.920362626615315        394.68102665809147     
  -26.566678582550054        66.226262166643380        399.57000600269856     
  -35.394862540235863        67.828204392522252        404.39076620005551     
  -41.909004821853244        69.723903343202608        411.20234432218234     
  -44.659490568316642        73.750222909582419        419.11610212110838     
  -45.869496845827882        79.299808615525194        426.55976868127215     
  -45.236227626023805        83.511396864634321        434.57526950099896     
  -45.177097932638162        91.276670094477254        439.87729000663342     
  -45.180309507181875        98.626010772975860        447.42068858948659     
  -49.861314199865916        106.90667148316118        448.43952377459141     
  -51.038326276048764        109.08604329070857        439.19826015582572     
  -48.441358041661999        108.46175884202074        428.88688681218463     
  -46.378315938071410        104.30476100309954        421.22982962236398     
  -46.327452944534940        103.01967960036154        413.85955648176150     
  -46.473370687255056        104.98678581982676        403.09021526204657     
  -45.761009873214306        103.06209005499448        392.84597172249494     
  -41.357596755330150        104.58855676744633        384.37339036503550     
  -33.708627433837648        108.37140994858908        377.80489164516553     
  -31.219850482275604        113.59667043696999        372.07344658084617     
  -24.197330487256778        114.95011875334740        365.25854130982930     
  -16.929834814674109        116.01088312988270        359.52358443088497     
  -15.389163943086771        116.45101805997496        350.57207081593447     
  -16.809465154262483        112.77957166309281        339.34973687043754     
  -18.530277066636501        114.45497557704869        329.30098560785865     
  -14.451567859613618        116.21613919197426        322.20059574998953     
