   3.6297518210784556        2.5372428167001164        4.5244319607260870     
   2.0513552929307646       -1.1493260741468454        12.564295769790181     
  0.26598175549918757        3.7682759353034889        23.167931386019223     
 -0.67986593277131147        11.861308650072129        27.879448546568181     
  -3.9694870918341123        22.616576494046740        29.245128788407570     
  -8.8587990726463453        29.141444384471335        28.982359859033231     
  -12.384665692525294        37.867819748816302        31.248124817709467     
  -14.661213448932779        46.503514550487182        33.350370512134212     
  -13.843406034702824        55.023629507515608        38.494774533472935     
  -9.7813052352165464        60.187290110518020        42.493827530869780     
  -3.4712338130473928        66.170855395225090        44.166352630658309     
   3.5604648824550962        71.582602935649490        41.229132907242438     
   10.478473830550229        75.460747695911948        39.881596603220096     
   20.802915465876172        72.935990626178352        37.671162052273857     
   30.237062913276333        72.682522250948523        38.751919287958344     
   39.104914030427310        72.643360241564594        39.647987632585810     
   50.089554669809530        74.104578642777241        40.352148203414735     
   58.058322877158581        74.503646519225327        42.341232873788286     
   67.409353320382621        74.598997570375104        43.528041237255806     
   77.580946943921305        75.224763282551365        47.580910566403546     
   85.380369965758206        76.343030593034314        45.079487026733389     
   93.553397712275384        78.594382032204450        40.559787785258109     
   102.57804518724834        78.011303121363710        34.333816809460693     
   111.89665462646349        76.667802573180040        33.253420712320235     
   119.62421785872532        73.260867022303273        35.021468009663934     
   127.82465830441809        74.054650166116318        33.277965666738602     
   136.74139314463471        74.132400425812079        31.726402607151996     
   147.66244351347677        74.813035578772812        29.580666168511918     
   156.32488832571462        71.691211312000021        23.695442276570645     
   164.03126313298799        71.488875232732340        17.516287215267766     
   162.52982159153547        71.762574751293840        8.1068894725592600     
   157.08001107622511        74.209540482433255      -0.99244692397772383     
   154.25969885895108        82.371718215270874       -4.1951163876225053     
   152.19534470583818        93.885662566572790       -5.2641684314391739     
   155.50764505788248        101.31741175276247       -7.4567135262330453     
   158.20355019684743        104.36695502224819       -13.376380785049946     
   159.10864473858152        107.39773127484349       -24.175264528658602     
   158.56675377572071        111.92220468958044       -31.636023436416878     
   155.89201656654242        114.31661086270074       -37.130364990770460     
   152.85402020868992        114.05307188035866       -47.314430906395927     
   148.66768123830647        108.58726068904238       -53.809351191269570     
   143.71538326991697        104.02324020933642       -61.162054008768251     
   142.26790419649427        95.708886033885165       -65.626338481731452     
   134.88531907081850        90.621172963139827       -69.650860591879436     
   126.93680143361098        85.313339231933043       -74.680382043485025     
   124.74053343799353        75.422923070544414       -76.282686024283592     
   122.46619038460202        65.010764019883766       -75.832277920933194     
   115.40729818131143        57.334379672566712       -78.508975045930725     
   114.54371585451459        49.442258459386437       -77.416772330344060     
   118.09384598562023        40.204872866574135       -72.681540826112141     
   120.60453735475804        31.843635072753358       -70.790534589486285     
   129.91729831471707        27.215688283487623       -66.625708478706898     
   137.15022995577931        20.505552726288187       -65.450937149363483     
   149.32923396566210        18.106905761705121       -63.668523181635933     
   155.68200766994900        14.568604709413876       -59.862714927322060     
   160.76919496434181        17.020119482402123       -55.353978618746538     
   162.73058835134259        18.403463149555506       -50.264287912946628     
   170.18320774746888        17.702708278575045       -42.023442821839922     
   178.78830390629514        24.207500594861671       -39.424031425116880     
   181.79453481847051        32.194928629023053       -42.067396221947604     
   185.23581693157732        38.361165423083264       -47.120216282189062     
   186.55648727573276        45.885034399376082       -53.393933694949027     
   187.73222728747643        52.236334238331892       -60.809881095297811     
   194.18755011536126        59.745887666560463       -62.652829767352813     
   197.87275185812720        63.535456172789964       -70.549308117352410     
   199.25064398779091        71.395877298307937       -77.720822426983318     
   199.59532093016111        77.527510177032582       -83.609455636272614     
   195.03815933727057        83.245740859937456       -89.122004044330453     
   189.70524751954278        92.268701291363527       -92.375270251898655     
   191.63421643593952        100.78519917482257       -94.938766708094789     
   194.48705344888486        113.32819879799681       -97.362806355346009     
   198.18576265197368        121.16291883947179       -97.672046121186185     
   202.94074871785443        132.04342099650927       -101.60874580984125     
   209.22068851733690        137.51161590139259       -105.48627960951556     
   217.93622312914061        134.90410124281982       -107.12620670259246     
   227.02029615748665        133.44733262129762       -108.22063547176957     
   236.81842848581195        132.28081859986014       -101.36436829727732     
   241.40913835150036        132.47087074432369       -92.984476787321213     
   243.73551529691107        129.26017777679323       -84.402981849617618     
   250.47812443485643        121.68908873348175       -81.052975983820033     
   250.03285872923470        114.46193121596821       -74.697102960129712     
   250.03834210651542        107.48529516918521       -68.174339472555758     
   246.80383694522521        98.867063849862689       -65.568456520076253     
   245.54719774565228        91.224842610940613       -60.383007974256088     
   244.00638887201296        80.871066399448438       -54.978625067139973     
   238.25439110867492        72.448326540404821       -56.764582224655243     
   230.66323980491475        65.014583787988613       -58.027696581023207     
   223.40837626375216        59.733503518868304       -57.660755906287449     
   217.76271045922795        52.864720187765812       -58.136032698829666     
   210.09817574539588        49.423059276378353       -55.895285428124936     
   200.81236201145768        50.000738206105609       -51.226221659988994     
   194.32151146866784        48.307590294876604       -46.697360416906008     
   186.33231918724618        47.563659897440459       -40.912210078522833     
   174.82823259503161        46.792117095670420       -39.116873142453358     
   165.87260033439367        41.681570802355765       -38.185226019419872     
   161.38874163347811        33.613151108064471       -40.106316470768149     
   161.84624935842288        26.312832445317326       -45.221139170811654     
   160.51700874332306        18.555387180833350       -46.322223967389817     
   167.01574958628515        11.574306922663595       -44.954853274778145     
   174.80252801628069        6.6007808631354692       -43.138484864964539     
   177.99713445308811        1.5818751240371114       -36.021365384357892     
   183.69709134737241       -4.8505895857448991       -33.103331916838300     
   190.49599155949898       -3.3876223443288893       -22.778612619660663     
   189.50426508190137      -0.13228433660401606       -13.944395281901137     
   184.97071913314988        6.8397107627526452       -8.8918081217527174     
   179.73692642616200        12.382254790924208       -7.5731678470615691     
   176.52620547381713        21.177922073620124       -11.273418041319047     
   172.85007325003710        26.439075659449543       -14.047142167490421     
   169.85342834537124        35.242213811975375       -11.610398181300638     
   166.33734046105911        43.880060603892645       -7.0881513252540174     
   160.63326944139408        52.191193389348655       -6.0236811148118647     
   156.46688089153614        60.374541436419037       -1.1697044082746686     
   153.66335236932053        69.530320937195967        2.3315998491034406     
   155.94243267526633        79.526267909067172        4.0707497385998579     
   157.50272455867480        87.623068521353360        7.7126951115230895     
   153.64789445724824        93.788817851809767        17.775937980058700     
   150.40037211452437        94.169698984556675        27.696796387446085     
   145.44019350190581        97.991412297306510        35.912020242840299     
   144.44016254745912        104.38411210745764        41.672732130751598     
   143.18385980661333        112.23086948545435        47.472338003581427     
   142.97315824551043        120.35524031015524        50.901635300352041     
   140.24620516102846        131.36804947647505        57.038171426230861     
   135.63971835063839        138.96965043099436        63.486235302273542     
   128.22196967753894        147.10213922849869        68.948628525249603     
   123.69818500802708        152.96658701357643        75.253990352416679     
   122.39988846826704        161.63898946368687        77.667102895397761     
   118.52093569221800        170.60902795616238        75.681246133555419     
   114.37581752622630        177.35293005062488        73.880508765540242     
   110.26457265484221        182.50042993304885        79.559926322946353     
   103.54152089666329        191.72831884651384        81.159363094782520     
   99.131689005322158        199.40508194818506        81.271275528288527     
   91.193812918403822        205.84117283146480        79.629217533073813     
   82.712805602760767        207.93247032545838        75.987471205126326     
   79.652086122351065        211.44756710645925        68.275054126231908     
   74.430045538520872        214.82027897134435        59.724361256265951     
   74.456439995737171        220.13969557022938        50.894704526505620     
   72.050453600898891        219.14856594709670        43.584953231632824     
   69.975352737045370        224.02572417378713        38.297163838543327     
   67.334532700336737        230.63067074077549        33.403109310159863     
   68.898913971288607        239.51704723184997        26.608100722561858     
   72.193933066458996        246.13633285258658        21.439047513482450     
   78.268840773707836        254.47727212867665        17.214775615463822     
   82.803691252796426        261.37701178570342        13.191935238091077     
   89.541299588563390        269.52986694917752        12.295274934926397     
   98.263190351220857        273.76200041776491        10.856481879300702     
   107.57823584588793        276.96040039298612        11.830172942166740     
   114.46784909338787        278.21571898920371        16.105202276646196     
   124.25148307515236        275.49725473680871        19.974322504209113     
   132.88934535500516        269.37527579166147        24.172010857152799     
   140.44186273209172        269.22020671516509        26.386831799122007     
   147.61358959634251        260.18472554267544        30.046357515164885     
   152.81412772321360        253.36349344950401        29.087606284221437     
   161.80464876601650        247.32002187153159        35.396645353110841     
   168.42932876472759        242.64472008773691        42.762296333952776     
   174.43283055795104        236.86337277279205        47.070379846399419     
   178.17731473347226        231.33322962257836        53.728494791520603     
   185.17151150248742        226.25103953403237        56.344499627443696     
   192.57765407138345        222.16746372185969        60.004704186124030     
   201.36464074479963        221.00395097319307        63.445253604567910     
   208.16830097736661        218.56647386573798        60.224071859612650     
   213.42802706383949        213.52676703780344        54.684938957968171     
   218.72450584108574        208.09176278898065        51.282816372009847     
   225.10000277014393        203.42046087110793        42.927184937845851     
   231.35353062170867        199.96057883878967        36.770364997640200     
   234.18100730717040        192.56781855431427        32.936613649192452     
   239.87985894599265        186.24884728602115        27.979969981065949     
   248.00158018465106        181.56150741798626        28.793957034883164     
   255.47661009095930        175.37105214774215        32.539420733598831     
   258.89505954748074        168.60279872173402        29.137405349959778     
   261.30188944102974        159.63071275652294        25.477823925137045     
   266.38465279691195        153.00440392693633        25.371622630809128     
   272.58723510541529        146.81505042481126        26.524747960011524     
   276.21904649641300        139.54663786973560        27.862333076198013     
   285.06642002339322        134.34140537324049        29.113034005670954     
   289.87440581696387        128.56513230750363        36.774438336097376     
   285.31177214320394        122.25777514801564        43.522666941597379     
   277.43578172989157        119.22723870055171        46.493899570243769     
   273.39262494068930        111.30049068763472        49.592486867267809     
   267.39018096306688        107.55639554877374        50.249044661932203     
   257.86812977244506        106.93272869830452        52.354773582502901     
   249.86386411936624        108.05334779019972        55.852923218538479     
   241.78672402573451        106.67193996699550        55.151383834405351     
   232.53508021659607        100.70132928374497        55.644347547793842     
   224.41511200948949        95.974011648320385        53.004693029504580     
   215.88327949665529        93.630760693699642        50.795273966319343     
   207.86483905043596        91.229417096042368        50.052712884206187     
   197.61556666419042        89.713746629173158        52.652352126470532     
   190.37082420371942        92.793882679044088        55.689706512143999     
   181.44095152577992        93.265417600011318        58.740256825302851     
   173.49463948966826        94.960285637233596        65.163388309035383     
   165.92272917030232        103.58191644166999        65.374479522391056     
   162.82308765345027        111.05438737839859        67.667895786685563     
   163.57613342296705        121.70579816413914        72.165491700704138     
   165.26144109842764        129.11603281917314        74.291147455360374     
   164.54224827525823        138.58398096718975        74.563656288015409     
   161.82194339541741        147.79997273454677        79.069229403221925     
   164.38869887195119        153.82015630035403        84.361447031608861     
   162.93054288629395        157.85711989294452        92.580856342193556     
   166.51445814992942        162.98375665760722        99.833560216730802     
   172.14180021871712        165.85748264214749        107.83243477206918     
