   2.0997023425383219        7.2327824855992304        7.9190096211337391     
  0.68974253621534132        1.2952403086837023        15.609191014877382     
   7.8687103594949903       -1.9690521440066817        23.936794475766391     
   17.985507529355658       -1.6873484240028347        24.183678555583953     
   27.352672915751370        6.1783096298598537        24.350444916175888     
   29.744494273271812        13.444395787580866        24.258903496079114     
   35.936163719209389        21.346408149500775        25.207424131801645     
   43.196707506415962        26.093697670586536        27.135464327668643     
   51.365127441267859        26.309388613094043        31.548658363049896     
   60.383715689824101        25.018000003848272        32.034837180392600     
   69.947820892268311        25.793933675981464        28.091541493773718     
   73.407209150259888        30.884418603761929        21.768784059213061     
   75.840844848788606        33.140686469707077        14.639457605548557     
   80.269391040539915        32.752395125113708        4.8163756350069775     
   83.948676385494736        34.825010361027886       -4.4705983133622560     
   88.185839388281025        37.463370899178464       -14.428784594532925     
   92.122786566505525        41.167728871430647       -23.475437710839042     
   95.029185763085522        41.802572715032902       -30.717625090116154     
   98.096971680049862        44.821961380650244       -40.603108313474522     
   103.22814701494461        48.438916008155196       -47.662302854299313     
   105.90946343316644        50.612095787418703       -53.210102611587544     
   109.01905396206247        51.819900925876674       -60.014050628503739     
   113.48865160388245        53.289820501033610       -69.464915683209270     
   117.80869773426939        47.214007675871294       -73.219726622140101     
   117.96773245310190        39.197827867940440       -78.421062129036230     
   122.80817444779485        34.631805817795573       -85.938634841661141     
   123.16098042115497        31.035019232496001       -94.042230364102295     
   122.89728793035833        29.482667070829141       -103.67399511192990     
   118.07318064349035        28.025676791659567       -111.43444391921228     
   119.28345441169957        26.387951345078566       -120.68509442970078     
   123.97657573543005        34.136776937810161       -126.81273013112940     
   133.27999257907723        40.364674370948499       -128.01556541041276     
   140.48604767374707        45.836049130919172       -129.50828681475247     
   148.94381374065856        52.823633993244009       -132.97999337482491     
   149.68136071810829        57.594373801185363       -140.48871319519387     
   151.05198104512843        59.603082481013907       -148.35720327255811     
   146.65758674954230        65.722915953342692       -155.74064512836242     
   145.60910626183440        74.662527797305074       -161.60030784660503     
   138.66392864051784        80.513611899906223       -166.07706998329240     
   129.26880366004164        82.921439346433928       -171.89782778953543     
   121.79173400556643        77.719869010064187       -173.72901129031447     
   116.65356855958991        71.453466308110862       -177.71936400747290     
   114.02247500004243        64.993525458380930       -187.22791122804608     
   110.35545298057228        55.597268867419238       -188.88297171514006     
   109.89865680611716        45.024953236097865       -190.69136924523093     
   113.78302373442129        37.142608822944872       -197.12361204722288     
   117.17891482767790        28.041081382874470       -201.32402331603058     
   118.88293623571873        20.054066343438340       -204.28342034331462     
   120.00482038571998        15.327237044555549       -211.90675923008780     
   121.27548905171061        12.533595556128677       -221.79339935769065     
   120.70993545948569        5.5914683618656760       -228.79229413082376     
   124.19765018809871        2.9322601589678960       -240.07051535301511     
   123.99169802330358      -0.70251240371060308       -248.15840335126757     
   117.63768526909037       -5.8333658830840029       -254.80069802090060     
   113.26586128265701       -9.4961794827342807       -257.54660368082932     
   110.80607157776903       -12.614629660877295       -264.13531891572245     
   106.59650391170403       -16.791973390162820       -269.11725936729653     
   99.248139937678232       -18.905548566088502       -276.04319891373081     
   97.467137410744172       -14.032705272177520       -286.81129346587170     
   99.256857369621187       -10.762018265435035       -295.11509265541440     
   102.34731855125288       -3.7773487251411275       -299.48978062141219     
   105.72631773250556        2.5854836397137753       -305.16438329387472     
   109.58347548619888        8.3529499964880607       -311.12323728648499     
   109.60667327380345        16.252298501264338       -316.77732869192880     
   120.65348375716722        21.430323741377538       -320.20111241856716     
   123.42664861096300        22.158100975999108       -327.89228851060142     
   130.04195622002788        23.044383423716670       -333.67325374134157     
   139.30427984297106        20.160026365101022       -335.84366890720554     
   144.53803716406409        12.840443498250071       -339.66154023416135     
   151.54440256192672        9.4184969756308483       -343.53343004377888     
   160.20326345782789        1.2965572601736532       -341.15853311980459     
   164.89522043534168       -5.7824758841513493       -341.47089753421801     
   172.79517257963630       -15.028875546679831       -343.30932300144229     
   178.31124142101589       -22.515718221837975       -344.21291839932303     
   177.52069048992374       -29.668940105981228       -349.68676473086106     
   176.33178825550704       -39.012509274626403       -355.52268304171133     
   166.44105387339181       -45.110775623857712       -358.65433278139989     
   157.81530417523871       -48.331352361860645       -361.27729462402868     
   148.90810539514808       -50.886154183777052       -364.03346074029690     
   140.66122277150197       -52.400354993840104       -369.32835767486580     
   134.73478250077611       -51.275566334559727       -373.73315095096694     
   127.31623779998567       -51.400650630353596       -379.18143736861867     
   119.77625477024644       -48.670351314477870       -384.32002523274861     
   112.03652840837192       -49.041014576741347       -388.68364375911682     
   101.46131114967137       -51.185106787134991       -393.04288737409075     
   98.562573998950697       -52.978655851818296       -400.58623011077674     
   96.757565549072623       -55.348263963414084       -411.25330366894690     
   97.654594163273217       -55.676428654382931       -420.26817564564755     
   102.07891626920922       -58.821104409825843       -426.41563443383319     
   107.40703654309711       -63.813187557319957       -433.92274286959429     
   114.80877383242462       -70.660637494100953       -437.08576547172152     
   122.57340571766453       -72.552434508793695       -441.79948298887979     
   131.29236152858752       -70.096573744643379       -443.42844262726965     
   139.95498999317391       -71.306405781036887       -449.71280948142038     
   143.26439913388393       -72.430721459944365       -459.03159526650023     
   144.10586448594154       -75.438990238519679       -468.50428167662113     
   139.51497866762924       -77.115686872638889       -477.03211157891252     
   141.14365718812843       -77.461874217859560       -485.50881357644846     
   135.48704420032590       -78.753116746251450       -494.30960104558585     
   128.72659430008582       -81.315581355504648       -498.49746771608483     
   120.64905239534066       -87.369226411617575       -497.55672749992607     
   113.74984776676767       -92.119495940950159       -493.04216986074636     
   105.31626547363426       -89.806538472515840       -485.20480838423725     
   96.980045473656176       -91.235277021411520       -485.66373646270279     
   89.706257091903908       -92.452118436502701       -492.36278400542540     
   88.233485397992482       -89.675542981275470       -499.83575334053239     
   80.516540941064093       -84.973343091890754       -504.26646199946316     
   74.503880223372477       -79.681781307014646       -504.90942353620324     
   68.986410766230392       -72.824315026101658       -505.14558214911625     
   64.453035997718885       -66.131836246817187       -509.92370933580349     
   63.195358820034514       -57.923313531218696       -516.16637765770940     
   62.976364937337109       -51.351807618684553       -524.66508723683046     
   64.135843007546868       -47.563575288696313       -534.82927477799922     
   61.036865592020916       -44.281026962169769       -545.10463412560500     
   60.889469832171258       -37.747950855803673       -551.48283512250646     
   68.723422709055413       -29.199681954662857       -553.64882326884037     
   74.268555832307158       -22.144824635374228       -552.41474800088747     
   78.194263797397170       -15.110146918403057       -546.00851930821739     
   82.984000978986899       -11.225983690741966       -538.57850026850281     
   88.668129834933225       -4.4454383861593136       -533.41423603902797     
   95.556213810775617        3.0507559645136446       -534.07440015858526     
   101.86690453069379        11.046222797239228       -529.13495880887433     
   107.09794426220019        17.703557745198243       -521.38931538721795     
   109.16024967927295        22.757532018872599       -511.76756977988907     
   109.35945088218448        27.106788152848200       -503.87505021269129     
   107.70051987471255        36.049054887866411       -503.81969807500184     
   106.51810032515938        42.931656999158058       -507.98623445339803     
   104.32501586063968        52.582804103426149       -510.35368219515470     
   100.92921429004348        61.150580290745062       -510.13819149852969     
   94.991840557709409        69.483870928280069       -510.23464358640575     
   89.173941240307741        74.476918805173526       -511.62851837209581     
   82.028404279227743        79.945422542940108       -515.62039137181375     
   75.590879875701205        82.294094544505569       -523.59948811720699     
   72.154332973856626        86.615065144411986       -531.34980816171412     
   71.096641151815618        92.128805057976976       -540.75126818400065     
   64.426353381101208        89.300351141573756       -549.32502069871168     
   61.176770497199428        94.196247282621371       -555.07443419341632     
   56.433828700206718        97.304413296261473       -558.74848877785473     
   52.918560686881563        104.71959910933343       -564.29204130759501     
   53.705701835087268        105.21781214753106       -574.78223591903713     
   53.211831969654170        101.09546402058491       -583.28986155649022     
   56.776647130307779        92.157064527978704       -588.52638628284478     
   58.826344641821308        85.142659322549534       -592.42944625005896     
   60.400844528892279        75.365638877126131       -596.25034070259892     
   60.151931155266638        65.339764733348844       -594.05173955801808     
   54.336985421753724        56.250049475085298       -593.41849006660777     
   46.086782265851326        54.738069264798220       -590.39802860156567     
   38.580758553859397        50.456459617705555       -585.58982649771031     
   28.679911269999877        48.648140245376176       -585.69181503506650     
   21.515701685279474        48.206064261829958       -580.63435990326309     
   15.037197265155150        54.725520043379753       -573.56253687109472     
   9.8178003413287698        60.583756361817201       -571.60514328525289     
   4.4288226884062212        65.742996138126983       -560.85032757003989     
  0.54703453808943414        73.677295443283398       -554.65078063626788     
  -1.9604936953282819        81.885325904389774       -555.95856630907349     
 -0.37752357894054733        91.722183356051957       -554.04236930763102     
   9.0223025727006051E-002   101.29798244246881       -557.11349506790759     
   2.3205913524697124        110.79461761027095       -556.38753874123086     
   2.3141090814273610        121.36580760862519       -557.67228239739416     
   8.9329200658298404        126.45298803377035       -561.12591328528811     
   18.667247410387809        128.51458094066840       -563.72698100417654     
   27.259545449632625        134.50972598954496       -566.76721317342583     
   35.442705963852916        136.21894198249433       -576.61397731710724     
   41.688656176245914        140.57309882424849       -581.00635634346361     
   51.673283553348639        142.38065861537316       -579.37986049954463     
   62.171181872570116        146.40718406705290       -579.63427411487885     
   71.379413364670910        149.95917681326063       -580.16897670380274     
   76.298725571529090        156.21751907982966       -579.58575558872224     
   84.395664062922449        157.25591239658635       -581.32078502535114     
   95.464543414892759        158.84787314545517       -584.41953798525662     
   101.57245158811590        159.95762280706566       -592.11368512832621     
   107.43928861621460        158.93723530584060       -599.18429554049317     
   114.11701697015728        158.60419333735757       -602.94893065828126     
   123.04323337301263        160.94938584010882       -604.43704117872369     
   129.75778478018395        169.11773420231728       -604.25366636315550     
   124.36037618444065        175.98873622778376       -609.16275699406731     
   119.14788059742206        181.64069898591768       -609.12124532614473     
   115.51824659025472        188.23504982988868       -612.90889326608738     
   114.29323328980865        193.55926305022700       -616.43137437631856     
   110.30091292870343        199.24894615347048       -623.66392695002151     
   105.19553684298496        204.86958936723164       -631.91587183649278     
   107.79436212739191        208.83778867677543       -637.51011151264868     
   109.01190162076547        214.87959718332161       -645.68100374310188     
   110.13561572105701        221.18757264150713       -652.32740421083940     
   112.51096604955231        228.90267933167982       -658.22717921622734     
   116.19020507322107        237.31927387890622       -654.57984821470859     
   121.75582191216481        247.76630855618961       -654.21131562736093     
   124.16508835610836        256.49347486293448       -656.01090801161831     
   123.60551663898254        265.37678815907691       -657.73451415733155     
   131.10931343562333        273.99117398169858       -658.34904190454961     
   130.43073235260908        280.89572237218840       -667.90678533768005     
   131.01692699014436        281.98891132280824       -675.94505008350791     
   134.69351348866419        283.70202021290493       -687.11559930453666     
   134.95944170733534        282.49667464807578       -696.21597155724965     
   135.42237100972568        282.64731741787273       -706.54604275809004     
   134.98769054897878        281.46786245848841       -717.22863257638630     
   140.11708973284880        287.00919289479270       -721.69913839420678     
   141.22054759031994        293.80966519183278       -726.97439967876016     
   144.61244476295641        301.45162313799449       -724.39306816655801     
   153.48297746634086        305.70700764635023       -722.37365252744451     
