   2.3392141834120821        7.6846906057647573        5.9400391802042805     
  -3.7256987345073753        3.0419366952903886        11.473612843211072     
  -5.8212672454392873       -4.6307752222122929        7.5622895390029043     
  -11.411413200187894       -6.7439351637605967      -0.77219213329271952     
  -10.028582768452679       -4.1997030107199009       -11.874515799670917     
  -6.7061126093161647       -3.3811827810445720       -17.272975538046012     
  -2.2921043172362943      -0.39224400538722648       -22.994713818945684     
  -2.9725563159424837       0.85251707255721954       -30.509462037210824     
  -1.4369516387346266       -6.2898272209181698       -37.266401633080250     
  -7.5195340095565371       -12.107220528979639       -39.934733255838978     
  -16.126611197049158       -14.610946087139894       -41.471407271499402     
  -24.600693960811952       -11.404191242633971       -43.491164176213601     
  -31.422140905034894       -7.4278365063425440       -42.397573718926651     
  -36.314290997637841       -1.3870235451549320       -37.950173413986704     
  -42.050721698053906        1.8528420597855302       -31.165684027731459     
  -49.137187625366835        3.4887002441895696       -22.850075785451850     
  -53.111146431904842        3.2481456153957673       -12.824564298031078     
  -56.560858094071648        2.3486294283842390       -4.0283464050986595     
  -63.595464982397914        4.2200928012817052        4.1688109850057344     
  -67.500070858904735       0.97026514340600656        12.177569187396330     
  -71.500978076285548       0.84191686959729495        18.542920208874079     
  -71.361123865669413       -3.2921351340261005        24.135579951926275     
  -76.492557107138225       -7.6420412635902188        30.538977638169172     
  -73.014295824980252       -13.500910382872693        35.410571249923350     
  -66.547070820817623       -15.331127160498486        41.270564959016951     
  -62.082997619498940       -19.448230246809846        48.129182595904354     
  -59.801190705915303       -24.749418494006367        57.225275255224233     
  -59.469339252461339       -27.609784461202924        65.484102185641063     
  -59.006428139441425       -35.094987507699827        75.492446192287161     
  -64.285187021796105       -42.320917844297746        78.226087435095906     
  -72.364074618469544       -43.010836488529037        84.128236351032228     
  -80.863724509847202       -34.910252687564153        84.667134229154840     
  -86.388244148846695       -30.182985612128878        90.296227842043095     
  -94.626189898771713       -25.984005505916443        97.016764326938642     
  -97.736406072771047       -31.022157491537268        103.36290819723342     
  -102.96166211117946       -41.122258808281551        106.75151497098670     
  -104.75563675639302       -48.551692318609497        112.11729600063745     
  -111.88841619876263       -54.776767236862305        117.00066916425692     
  -114.52647486548142       -60.878422722777444        124.09501356670091     
  -116.60883218163195       -68.329304748951273        129.07554941319188     
  -115.28226540689829       -76.016343889572056        132.47866954140670     
  -110.42440590026342       -83.964196119086139        130.26933270137783     
  -107.55071516076555       -93.867679267683059        124.89707582554968     
  -101.93853521629495       -94.713611640628898        118.19579311379550     
  -99.435371403076374       -92.436195394001743        109.34895313242407     
  -95.355717575876554       -94.363179621982852        99.933661229013182     
  -92.491521558392890       -94.381203189050922        91.871590446297205     
  -87.661348156474560       -91.648813977488487        84.537458994077952     
  -83.148276192978187       -96.129621257046466        75.331413134612717     
  -81.701223515752872       -101.21031875767903        69.893918672511631     
  -82.111120499838307       -103.66251867560803        59.973995331931064     
  -88.280743734057751       -104.05299058692873        49.953240098353717     
  -87.847511108248113       -108.30411752003872        42.368110693783251     
  -86.538006192879834       -112.73620138008194        32.077808526235231     
  -84.380247052632797       -114.70742587795507        25.639870846945087     
  -82.494797456260983       -121.79956546986955        22.006855112243557     
  -78.552127632858401       -130.39402483810397        20.583102399764698     
  -77.445128930221529       -139.82734095089396        16.610970256159703     
  -80.899595236235939       -150.00754855080967        21.121652167772481     
  -84.020975711136259       -154.91399823140534        29.548939414578626     
  -89.173649015153842       -152.19781582082766        38.286600941216079     
  -90.445811945997150       -150.48349494515878        47.980666460518705     
  -92.738487552756624       -148.32627386887876        54.802772418938162     
  -96.922263900761493       -146.95204285244967        62.606815840243712     
  -103.24598527222645       -140.11064942159146        68.893979051707447     
  -107.77244773914180       -140.84336995306472        77.314254517017048     
  -113.58380923566779       -143.06797493181963        84.334191964731190     
  -122.07960742786364       -144.03621302656956        90.160824566295673     
  -131.43208415303067       -145.92865365060254        95.088904118717892     
  -141.72975603997875       -148.68217967249461        98.859318676503904     
  -150.07648095148710       -154.75273276089345        97.287598069299634     
  -157.42454638934731       -159.55529031489380        96.895862233399839     
  -169.83911922656407       -162.68558137430762        99.087145160039086     
  -177.89345982591024       -166.73435413903340        100.73606633468830     
  -184.59466936991493       -173.58098542497584        105.40593254693158     
  -189.11759054294677       -179.23479492235342        114.11867156706990     
  -184.20669446185371       -181.60179404072119        122.81701111016400     
  -180.47690479355921       -178.11595571583862        131.25691189192059     
  -177.71030658134313       -171.41661621030295        137.20314152794788     
  -175.25526943813571       -161.38182796026524        139.84482917202342     
  -168.58219505693654       -156.46035111072106        138.66482824775483     
  -159.80710777786342       -153.54331336369009        139.77564910297963     
  -153.16159976763058       -145.09992899392751        141.84765124172293     
  -148.08809927389404       -137.33035018237018        141.74983985906442     
  -138.19183695810361       -132.64782392882961        141.82994504787428     
  -136.83403398996248       -124.13415401656944        142.69083794817311     
  -139.09268449445113       -113.58276734247706        146.02505534643285     
  -142.58155640105301       -107.29459354485350        150.68415282142348     
  -150.42594736711155       -106.79102342343279        157.52140171909991     
  -159.76866760666087       -108.27628291070860        162.19346035999513     
  -170.42424784488767       -111.72338054224711        164.59186047753161     
  -180.17089433975059       -113.03548141071354        163.72943893890596     
  -187.31602996670432       -118.57146336926053        160.22071135077613     
  -195.31281807528225       -121.90159775927999        159.65670910166182     
  -204.71034169363406       -125.42592097590500        161.36491687528263     
  -212.68644029727298       -126.19911059568993        165.25689975873382     
  -221.16164119597795       -122.31901537263975        171.09838126242619     
  -229.36680162969839       -121.72020547768881        170.49691151845474     
  -239.03943574623540       -117.86210117630888        175.10189226358449     
  -246.42407041072698       -118.25559156756923        180.62577894257822     
  -251.70803282920869       -120.72032098176814        188.75474956724560     
  -255.50423445854426       -128.31052445379453        195.51776102191900     
  -261.33037124781674       -136.98843039517351        198.69579206002197     
  -265.86133781211356       -144.85003091365928        204.45716618662618     
  -273.83905641399951       -150.09216416211035        201.24336294145974     
  -280.82188178489537       -150.52130584863380        197.14706148077005     
  -284.55188636924333       -146.15269580218680        191.02399854880747     
  -285.03094610513421       -138.34792938651560        186.87885621969411     
  -288.23983339876270       -131.49395765484218        182.38025736863131     
  -290.89195321887689       -123.90455389768691        175.45859672394408     
  -293.74959347713741       -119.69940825471082        166.07797152312492     
  -294.09940932614739       -120.34660480600934        155.60782086513404     
  -298.23433997244064       -125.60463963956431        147.32633401284409     
  -301.36454325591927       -129.33526805565043        137.94421951357276     
  -303.62262445299467       -130.42861481991380        130.57729743358550     
  -311.73127239591946       -130.27298681846690        125.37002522847990     
  -320.06188336723756       -131.69019453675651        122.08947946336252     
  -329.14648301333142       -135.64580785207249        120.99512400458468     
  -331.96476281398418       -143.61949426697026        117.36921414313974     
  -336.42078800818007       -151.02307387602465        111.96388936315520     
  -344.21410353752879       -158.44619898164959        111.05018917017458     
  -353.45364777118562       -164.52047203067920        113.35945729395883     
  -361.42930295437293       -165.58794606072638        120.43478275310918     
  -368.75993423401638       -163.59297227319726        125.98124270939104     
  -376.12010400025326       -166.88201718606436        130.01332154419333     
  -384.66791457426444       -168.07504696114876        130.99385501174504     
  -394.46202313353223       -165.64756404561129        128.29466151403824     
  -402.18902680547876       -160.47330016816443        122.88050878417573     
  -405.76815330026443       -157.13202697919206        115.32013857027471     
  -409.54764824242733       -160.95337888104737        106.70271526761314     
  -415.39051306271006       -160.63297561829998        98.957970510000223     
  -423.38690181318481       -161.17487996639886        91.974051186418933     
  -426.43547274049791       -163.90118034511636        81.911889605401143     
  -429.48166427250732       -160.13639344486205        74.209610344271368     
  -434.71756543534320       -154.12669112508016        66.553199799011622     
  -439.80336019124076       -156.85829085821265        57.339058823394566     
  -444.90183857746302       -157.36147215956683        50.762068401946976     
  -448.60073413691583       -157.33946647147624        44.992194203715030     
  -454.53201671012090       -156.74298908841001        36.034522198264881     
  -462.17066761409512       -154.58187306397821        29.674663527796270     
  -463.91210457130808       -148.80282634680407        22.232676328187381     
  -463.09429143281164       -140.94852187799097        15.498939180995762     
  -461.35336087890596       -136.17744709522404        7.7528046179320427     
  -457.98298933235441       -137.09266518146205       -1.7597323016302653     
  -450.72862679852705       -142.04088297819254       -8.0955160756075202     
  -443.47702413841762       -146.90502395222779       -10.631080587249699     
  -438.30654162550286       -154.39759406621795       -7.5127480828797388     
  -433.04228942734147       -162.57643346222784      -0.97044765879002171     
  -428.66013384928141       -165.46877380794905        7.8681904655152266     
  -421.42990276154148       -162.07056748312164        6.4804933659220296     
  -414.33068771479265       -156.47149901257455        10.101129193883139     
  -407.23064310859280       -154.35450327714886        13.436490679182725     
  -396.99244770104985       -147.59958269767378        16.334107200793028     
  -389.71563773929739       -141.68304944315940        18.860622009122267     
  -380.71199489593124       -139.34562750300981        20.083855675682457     
  -373.27863215264523       -132.39187478761090        17.617096028885385     
  -363.55759273249885       -130.15013788765387        16.884344989670012     
  -360.71187871613944       -125.84187649441783        11.200638891143512     
  -361.27342660376991       -125.92403119496008       0.84529219284422652     
  -367.54337788100321       -124.07305231508634       -6.3440700555252079     
  -373.61101919982849       -119.44642345781449       -11.746144833018889     
  -378.33371853315225       -117.55099261847202       -20.336814147002883     
  -377.86585309435100       -120.38824009010639       -30.234448402045700     
  -381.18543444281897       -121.31081507366358       -39.501297323526160     
  -382.87394654541788       -123.13817697042198       -50.255095747359633     
  -382.23049314938555       -125.62793398975428       -59.288906440301503     
  -382.43960874024299       -130.34085540449749       -67.543996306911481     
  -383.57496415579317       -134.71828327799400       -73.010415476083267     
  -379.26482851654254       -135.46810369033111       -80.734344407800450     
  -375.40899820659467       -135.86523591724313       -89.882955420915096     
  -371.98376319457549       -133.58591176822517       -98.850821515085045     
  -367.82096764135423       -128.32738465324036       -104.29586220041756     
  -368.02442022213324       -122.69159644255454       -107.96969676640811     
  -369.21397744404084       -115.76736823511243       -113.12835829029189     
  -371.29122274495194       -110.92134711158195       -123.12739133576883     
  -377.06828358713483       -103.89135234002725       -125.90451975977885     
  -376.42065510635382       -97.327322292511425       -130.93562371869052     
  -372.70655265440945       -91.354556055543043       -139.58934951140714     
  -369.27424781685920       -90.206638975965475       -146.44921205901210     
  -364.76494922992470       -89.703870163978081       -153.73997547203658     
  -365.77660373108881       -85.880546664072483       -161.68471349262973     
  -361.64365199287141       -85.861447370251540       -169.26754990599159     
  -361.28148350915774       -80.215271434276872       -177.79366461775703     
  -363.76846633810294       -78.509028515575253       -186.19276564303459     
  -369.26233681069021       -74.159767650233064       -191.88459566436416     
  -376.45932834819803       -69.155130678286980       -189.96309274960834     
  -386.03728161312642       -66.875858844438511       -188.79743999999755     
  -395.42719345230904       -62.319260706223574       -190.00726345794044     
  -405.62679648948682       -57.844943468606971       -191.84150796581525     
  -414.47699898071642       -51.928808797309557       -193.60735006428979     
  -418.09460730014632       -50.089280966706241       -202.90964133112391     
  -421.32907947722640       -45.164072517551830       -210.89914464378262     
  -420.75792831265449       -39.490741143082104       -216.95273073464989     
  -416.87464522889206       -33.445655517190033       -222.76235763403145     
  -411.45531680331521       -29.628082925985169       -227.19614188389653     
  -404.17514019532604       -22.374297233185615       -232.63770309758161     
  -403.42421460617231       -17.593830719130068       -240.47547213114001     
  -399.95366172826073       -12.074195292502765       -248.84680125541593     
  -399.51248977317505       -9.8174994183548563       -256.89559687266387     
  -401.57500228940455       -3.4791756187105989       -263.01180787011981     
