   5.8165729451652624        2.7282971486612837        4.0602763050528665     
   5.8205653058083158       -6.5395683459829002       -1.0563207995701873     
   10.218442343170238       -7.1936532377738729       -7.9473668255895404     
   12.897933541563930       -4.3179803021168368       -16.883593708498154     
   15.189116022911605        2.8811078820556588       -21.479506255803472     
   19.509498346432053        9.4375857866476451       -22.293515474444575     
   23.235170032841893        16.114203797267180       -21.446320235085665     
   26.030952635032463        22.617827360250814       -23.328386618992852     
   34.642293516465429        24.804302442359571       -27.663576036629962     
   35.269118699646583        24.361939108601604       -36.188579240561580     
   31.894573583218687        21.180284944405741       -43.594054629342054     
   25.928390827717863        18.385032479706524       -49.791859727370792     
   16.361754218231567        13.994218916408897       -52.214554288663891     
   9.8218614279598455        13.143321875863364       -48.984586297340201     
   4.6621552236236994        8.3924180910308905       -43.667264680557679     
   2.1234654208180928        1.3195791630820963       -37.194809671929619     
  -1.7993704610696000       -7.8028574869740055       -30.929661938240997     
 -0.95154923084845677       -16.824909115531000       -25.135952721018441     
  -6.1751783336111430       -25.395097704189368       -22.124556943204396     
  -6.4921927166082014       -33.747940807995150       -21.351563207334522     
  -5.2927135984924121       -41.217522899777862       -18.768734882556998     
   1.6069133172903207       -44.799471667575119       -17.928647480136817     
   9.3518936477782972       -49.116080010918353       -13.390729962740039     
   15.781558977804025       -52.050636317532280       -14.008323764985533     
   21.145828765493491       -54.753948139375893       -16.288181364838977     
   29.246763846352849       -59.871479700481530       -18.466830709366263     
   39.291077561788541       -66.036801617120432       -21.073387004477297     
   49.398337502073559       -66.820352615965930       -19.177972689265260     
   61.504579229426781       -69.699145809723774       -19.132016123983192     
   70.114755581436668       -72.035010897564604       -15.010586646719332     
   75.923252193192468       -66.386559305967324       -10.845310652046663     
   75.614523062224180       -56.392102791445922       -7.5170391169907589     
   77.105042658957757       -47.524159043356008       -5.2206189188873680     
   78.468172540648311       -41.787980467819381       0.73324310572451168     
   86.929168605466202       -41.822503416535938        3.7382113559212939     
   96.434730510710438       -46.708343854754304        4.5469575754745790     
   104.28532335237441       -47.574939823974432        3.1409562812031879     
   113.83579886513940       -49.296002395404429        4.1369685537526664     
   121.42297339661451       -52.946684534908059        6.6895594275227666     
   125.75358776546813       -60.968415790915088        6.3930874322081479     
   129.73353529860162       -65.177943785142077       0.74998081115717241     
   134.79638177673797       -61.234414818961568       -5.1849087921211492     
   135.47310966492500       -57.581183695361432       -15.506164713488516     
   133.03643657846573       -48.226591186028116       -19.029775642369913     
   128.94603760812794       -40.781887842560081       -20.563614881975894     
   126.23099909280290       -30.406161761069484       -24.511339681867128     
   123.42656955468243       -21.908063837921162       -26.441959423789740     
   121.14288784664171       -12.881405327372079       -24.021778219999078     
   114.48528778976089       -5.0826891507628886       -25.724624960468134     
   112.09538448987701        1.2324675904604590       -29.724304049709872     
   105.90353486461709        6.2750340693533815       -33.019520459712453     
   95.242366273882226        7.5349297335082213       -39.952399859395229     
   88.807376527235533        14.062206512570754       -40.285457254735434     
   84.471364550074554        24.284486519147123       -42.774974243877779     
   81.839099322922777        31.626756946376773       -42.251167396535322     
   82.612014147137131        39.885505151875037       -43.313207176874101     
   80.346660360615090        49.653876133508319       -45.170379780843433     
   73.899280924788400        55.434169650790778       -45.630386604647697     
   66.124053440733576        55.780544960031136       -50.372919546343581     
   59.749614903877443        55.403890522993763       -57.122245093938119     
   58.880187862749381        50.065206018776408       -65.748272402053743     
   57.967030240557733        45.164104550322776       -74.331835090871579     
   56.809045288592870        40.026675507192067       -79.693420928720343     
   56.747857099517773        33.304005116617418       -87.565220046180087     
   62.435073319255821        25.480312406182748       -95.107744683905111     
   61.593777593222683        20.037613047944120       -104.66857533845835     
   62.737621714430361        14.416135508188745       -111.67485224067219     
   63.405139155749566        8.3728477738916922       -119.53449044151849     
   64.064443880097144        1.8061300103455551       -128.49022887419130     
   65.996868451596299       -4.9125463181447344       -135.04846469752033     
   62.588470739493857       -11.818139611176633       -139.43035933866713     
   59.664107878940740       -15.564159532240211       -143.85153980753148     
   57.301642588638572       -22.452758607575731       -154.34460150325418     
   55.182056242891349       -27.503156247552880       -161.35736546894020     
   52.405286062753646       -29.150832822334024       -169.74034097290289     
   52.226463812330621       -35.368138303251698       -178.97778688123014     
   55.380304421968447       -36.260863539546904       -188.92584945006445     
   62.443561275950685       -37.694970183432929       -195.72798916279896     
   71.076478724180959       -37.571173114450005       -200.09947554497396     
   77.063741963810685       -34.323076373296800       -207.41800826952775     
   76.896480387399606       -28.976950245263112       -215.75066145338195     
   75.758386227096366       -31.223658782543197       -224.95468271116118     
   80.024093048138695       -29.211832097816711       -233.42517263925967     
   85.629566104027163       -26.806216236336724       -240.55316862768473     
   88.133714277033619       -27.417072736977531       -250.37530288121843     
   93.980578606895676       -24.606342442577215       -256.78586830318756     
   100.51054486400659       -21.503209258740981       -261.76028419506042     
   108.69423070394794       -16.096182691470290       -264.62592960341613     
   116.52713740721811       -11.309915190487914       -258.75084351667806     
   119.30515833131841       -6.2368859065002198       -250.47655873882476     
   121.39808989089937        1.2202138350640155       -240.73642210430651     
   125.43447854776906        9.5836667234015920       -236.66512010097955     
   121.92828851298498        20.009381716707480       -237.99744827179799     
   123.21347859517090        29.792356213847114       -235.96767105319694     
   124.77805970380564        37.816056049486463       -229.52097735766631     
   128.97371358553931        41.449620710807878       -221.72381454785855     
   135.92883904485686        43.240666322593952       -213.84148868584160     
   135.13861400383530        46.343302114551321       -204.87706125279803     
   139.32644527599513        48.174603704756677       -195.36494043767738     
   141.40277253171237        48.629280246017700       -187.61003449354891     
   147.69713865704566        45.033555304745249       -180.08135006531907     
   152.77252014329554        39.898228007442015       -173.94631047097116     
   160.30150788374263        42.159420120902624       -167.29978880424486     
   169.27017455713505        44.689700091538327       -163.04691095823443     
   178.47790320637577        41.683433601585591       -159.11222674837100     
   180.47405412219229        37.158211389161465       -154.88042264198515     
   179.92570870106931        28.340595382853621       -151.32900047671293     
   178.58274002209393        18.277467093391124       -152.39462030994187     
   176.58263295820291        10.425337144825079       -157.34594282220411     
   177.57659488632174        4.6923435356495702       -164.75816018209215     
   184.63456580092412        3.0392812773445144       -173.86746101158749     
   190.09218919984707        1.4653300979053654       -181.68949170822452     
   195.95924676842432       0.74314294165458250       -188.60813766081424     
   202.80827388082048      -0.79883956911777432       -194.04921150014633     
   212.03048407344161       0.88585309527047684       -200.30138803914005     
   219.41223322504848      -0.49437490927121530       -206.27202124831982     
   228.22688523911407       -1.3231719683780909       -204.43334409773985     
   237.19372600657005       -6.2247455292066149       -199.86913869359537     
   239.59905871992302       -10.239622511891582       -191.85400202622745     
   236.66220395566549       -13.672813236040099       -182.52221572916829     
   236.81468684773600       -14.660046851591090       -172.58733585131992     
   238.36373386802336       -19.650188667307873       -163.66218262088410     
   233.15611382538370       -22.864129358670652       -156.28500689254145     
   231.09611940362390       -28.848884396841015       -149.32652835675015     
   226.07680746552043       -34.327215054743959       -144.37679126322416     
   221.63289254872080       -40.077369189246895       -139.82875915396227     
   216.35790527101304       -42.375467077196674       -132.56775177807810     
   210.90491609081593       -48.583142367815924       -125.29850404926519     
   210.78228664326991       -57.068598858521540       -122.33652922258938     
   208.58895061272065       -66.732857591136423       -125.58594263145812     
   206.33647974608550       -73.568295040533968       -133.34406184281457     
   205.12826600528530       -78.018615963446052       -143.88716217026115     
   200.25887366338284       -80.573702027157680       -154.51134666417553     
   197.28038070931387       -87.240729335912960       -162.77110125090348     
   198.10350348508084       -92.494030768769449       -172.07435459769007     
   195.88129035335126       -85.797090201956706       -178.24609109747684     
   189.34611640223758       -81.490225728922880       -180.40516388668615     
   184.92930544572383       -76.726011799458036       -180.07559607201185     
   181.08152480717442       -67.269779200488202       -178.59573996685211     
   180.74724249658553       -57.115123431422745       -176.43201673598639     
   178.89507846509244       -47.756784785358789       -184.56134821523378     
   180.24494361820248       -37.648295500691006       -185.24070832860488     
   177.73468539601521       -29.866880852705147       -185.59566265608001     
   175.16866389267872       -19.028271536739197       -187.94741970117795     
   168.68516594252384       -10.282453717026367       -187.02687701683817     
   165.69246975566401       -1.4132509963751261E-003  -185.67100961168970     
   158.44030481137202        6.8575541355301830       -186.54560080088945     
   147.49743248798080        10.181403023672516       -187.43158253118509     
   137.04403762435967        12.752278916705590       -189.48944561625294     
   130.42983560553546        8.0165041265798465       -183.75464937339331     
   122.08840180785164        5.2974300929246212       -179.82558731614196     
   115.53254210481738        1.1616758524895197       -177.53570561879496     
   111.22294673901858       -8.3389851978211986       -173.17870951285786     
   108.69374544063071       -17.069408986556542       -167.95080292421304     
   100.98332531645580       -22.744202394440396       -168.11828115687263     
   91.137681772937910       -24.569687878597282       -167.30967790012565     
   83.421278965605936       -27.839621119831641       -171.36542385183685     
   75.116326365218384       -30.027133652543288       -171.67782889499060     
   67.555964956497633       -33.144880599567500       -175.09729802717777     
   63.087247753987739       -42.835305013488863       -172.34937225298722     
   63.670504807677261       -51.509590714974749       -172.59252263101868     
   65.062642227298781       -60.674483125426406       -175.17924982725262     
   63.784034043203960       -68.912320970177646       -177.69569115142801     
   64.242699901180202       -77.681212874292555       -180.59860466169692     
   66.630083455235123       -86.148619323043718       -183.69553290761257     
   65.772653481653734       -90.820875312177051       -190.05871773408032     
   62.740606480435886       -97.886326692930268       -194.98648462386541     
   58.793065012125204       -100.72522726210723       -198.82578576582918     
   51.606218275710447       -97.791046929927447       -202.41250304975227     
   41.895448714087188       -94.289114873831608       -201.52852486302410     
   32.072169415436036       -93.603616510051182       -201.75633009424146     
   23.740340656911584       -97.860563359436313       -202.13574263012728     
   18.111787895677239       -99.833374585314601       -201.04214416238690     
   12.051609354596422       -106.15286073326902       -198.39313892898809     
  0.73976804411621888       -111.35176319484226       -202.07196428555685     
  -2.4644893409196280       -118.89984920288529       -196.45700783057882     
  -9.4252981534860645       -118.69893451578650       -189.73722483107261     
  -18.722671763984984       -120.77251981976480       -185.17490755538796     
  -23.564535678663027       -116.99443731168645       -179.06386874774950     
  -28.529281191701525       -111.98118987621923       -172.48341258700020     
  -36.756897865176171       -114.11576800195292       -166.17733127258805     
  -41.504874926600031       -114.28257488346375       -157.85822260457252     
  -48.963240622080299       -115.23008500946084       -155.41715273600340     
  -58.773046032155641       -111.73867032463917       -152.99668483843763     
  -65.880233364351241       -110.35129675707162       -152.31659619506368     
  -72.458974913063642       -113.52885160885509       -146.53612730633185     
  -80.080410763927119       -118.94965278048522       -143.27419936810475     
  -88.935010924342379       -124.09902849536188       -140.32725995501227     
  -96.344540564193920       -132.24884574189818       -138.54001966727421     
  -102.88980755626415       -138.90785659985343       -139.01882752912186     
  -108.92835802550384       -136.35566471526585       -131.65478333608243     
  -109.71267932015802       -131.83938066615769       -122.83403352104298     
  -109.91612336697065       -125.57732979905900       -114.17191084430925     
  -109.94847072490002       -121.69112961796789       -105.14057255686835     
  -104.26946103303914       -116.91690488447263       -98.070136080394818     
  -93.928166063210099       -109.90899339673271       -94.410472074605238     
  -89.743283218491541       -101.29053846595299       -95.127824557122821     
  -88.078637788256614       -97.160744136323316       -87.325003257452778     
  -86.048481533855636       -92.218133946749788       -83.060113098239128     
  -87.238472657729432       -84.606031950725850       -79.082516745222108     
