   2.0422198736270119        6.9238836354824684        6.2271979175037018     
   4.1284639138200632       -2.1461354692286250        3.7517967078436527     
   2.0235478791998815       -9.8804845002337061       -2.0733313212379016     
  -4.3645382735556870       -18.745802650285299       -2.0525798040020504     
  -11.607781669930759       -23.914746206995517       -2.0422636990347200     
  -17.963912948202577       -25.768131146502299       -6.0899100563174215     
  -24.244586045571971       -25.833698806707531       -12.654724541296218     
  -29.625940926172952       -27.031845286874329       -17.959324136001896     
  -30.889130417601777       -32.821349051854440       -27.384877934661176     
  -28.426526675952211       -41.188580153211717       -28.701672082321181     
  -23.765861332957819       -47.193811335489499       -21.783897318845334     
  -18.892414572436515       -52.070166879324063       -16.326352022242702     
  -14.730643046712991       -53.638903150063044       -6.0648728810144803     
  -15.514702869218173       -50.313613613448609        2.9060734301951356     
  -14.721453403810543       -47.696557369000402        11.165791025470583     
  -15.875253873020707       -44.369246155623841        19.795922002241184     
  -16.969333482062538       -39.263969837780905        29.709977275072163     
  -20.529720971883108       -35.263408869744381        38.989758602972188     
  -25.917133013416660       -32.650629846304241        47.707745154965664     
  -24.532746729886345       -31.010292457894792        55.992891721248441     
  -23.653413062607342       -26.622028211966040        63.024577426503782     
  -16.941635439316045       -20.598630269625062        64.972147653760459     
  -11.423210609897147       -14.659246546084972        60.769718367523012     
  -3.5826872266012550       -12.421958659732496        60.618663826099947     
   3.6367696150897544       -11.685881359329187        61.969140083652348     
   15.909079123005636       -15.015835056173103        63.501599494563720     
   25.766051967462253       -18.074316610971408        62.976440544438844     
   35.391813211433949       -15.456511149346625        60.805811314650924     
   46.024599438870311       -15.269103395686045        53.020028438232714     
   47.910614587292301       -21.194866408140740        48.199343163251825     
   55.059843742559266       -27.104051172647189        47.938871574871769     
   59.725176019565843       -33.107481198797302        52.721339141390018     
   66.527577105374533       -39.408240688585124        56.361747714927020     
   71.397997028317590       -42.799425619005348        60.380797182047644     
   75.995956921748103       -51.787446738252868        57.802556337059457     
   79.252388882789745       -60.857276561113110        56.670274771171137     
   82.952412145292016       -68.707503043119488        58.767017488037226     
   87.795535219109610       -77.935106905395656        60.146202313114628     
   94.645864859816911       -83.402179098638129        56.878249327479267     
   103.91965680916968       -84.868177749484829        59.100679678234513     
   110.28948227445518       -85.348518707406555        64.730621584415388     
   117.23037004714021       -87.502455220104821        68.985150844401346     
   123.27943325693421       -86.553074504177800        76.495899072706266     
   130.03495896037646       -92.291494341285471        82.365893472597008     
   133.02606019671057       -99.368220240089158        86.123636593897203     
   139.03375899599078       -108.03351938523394        92.885245741392083     
   143.82856477937270       -115.95112679185010        95.872942177077420     
   146.52624665576917       -125.18371991646603        93.979721617172373     
   146.06650495047634       -134.20167457508259        96.945550183289924     
   150.81733668900617       -139.93407255389019        100.97688468007786     
   149.68511503601871       -145.82525235820020        108.56190249838764     
   148.57842621033188       -149.66758963539877        118.97557100100650     
   149.64599627740517       -153.53316324684903        126.35547616193301     
   156.09349005690146       -157.81875484990815        134.83492778885417     
   161.55095307716959       -163.82729697748891        137.83315427898378     
   169.91498060835343       -169.07862087130755        141.62205822703254     
   176.79745664495331       -175.06788297708013        145.62938950858407     
   180.21188812576597       -182.31744490818429        142.37198092530213     
   176.66128609924610       -189.49515813049919        137.74211181906381     
   170.57989678498237       -196.64692644319049        135.72785779866615     
   164.08137734385414       -201.33750012222509        140.86029827313621     
   158.90526311433217       -205.10559845945627        148.38756111444673     
   153.86139281705545       -211.08250326370700        153.63240442734934     
   145.30008224894021       -217.36936577496346        158.85389001982946     
   134.34324821626126       -216.55302666472249        164.44344555333754     
   127.41496560230406       -223.27361622166043        171.43529768341233     
   121.20934814453220       -229.23110387323942        172.04716478274790     
   115.98976250513232       -234.30947612099033        170.01098657428756     
   107.47696879939190       -241.83308658774055        168.23086676759422     
   104.53309316654261       -247.65774271392161        163.08908499868568     
   104.23414374789473       -251.87042078106091        155.99376672275054     
   104.87391518716744       -256.85757228402605        147.87729989414854     
   106.66890195593029       -265.44109789117283        139.14213770351330     
   111.49604151234608       -269.85524884930203        133.32001889219347     
   118.06973056229404       -272.95892214642834        130.69446169894900     
   122.84752714793184       -277.99610641832385        124.88007202056789     
   124.56693054364132       -287.51521556602603        122.24077428555870     
   120.70487940008256       -295.72658705289814        125.85852595128677     
   114.79237803221096       -301.08020293388773        128.89488930622133     
   112.10221545950982       -307.26843181480621        137.01826034990299     
   115.82500369328034       -307.31645572311800        146.62989721361706     
   123.85863967876202       -310.32700836716919        151.63001171955989     
   126.63844412718889       -314.36684550678217        160.47317932126137     
   129.37089786429854       -319.34459363373082        168.75109914875222     
   131.76338791591334       -324.74477953507312        174.52390411179255     
   132.19748423569283       -328.38780522541219        182.27548955858703     
   136.56644749872694       -327.45383392983888        190.22914318418714     
   140.62125294353959       -325.45110975481975        198.60044085598850     
   135.31151234295498       -319.60255768625615        206.96576836012977     
   130.57532768770142       -313.69658381569729        213.53932693095450     
   128.21099716844103       -306.62325534090542        222.34336382466188     
   129.79818352090558       -300.03016868759960        229.52753150940941     
   134.41911116492983       -291.65173723987419        234.37840536223635     
   136.13450366338125       -283.96064128847058        240.46144065156142     
   133.85992681179425       -275.85514866258245        246.87756774295292     
   126.02208867732259       -273.86774272012946        251.40587064279009     
   122.50114313397816       -275.71163367134460        259.88505593115940     
   114.37592397867297       -277.91968600515060        260.77182224203978     
   107.04062057390337       -283.37559846334432        267.73893705919801     
   99.836187420987912       -288.24336194589409        269.57336724634598     
   98.832129838474970       -297.92666629163830        273.30790185343199     
   95.642313703225042       -308.08840071751524        273.54155221950322     
   88.370596935421034       -314.25396043069054        276.47300795502633     
   83.689692283173301       -319.34458537502564        283.30289171980849     
   81.843214885648990       -325.02057166123501        293.13879168614852     
   83.079679838446282       -329.06628041651265        297.37433998199737     
   89.340074295103733       -335.68041890633452        303.00293168054480     
   94.829675801816776       -338.88474527581923        309.60278667293699     
   104.93521440615385       -337.98350551250348        314.53201489819554     
   112.20177530807739       -333.60906331157287        316.43589210739691     
   119.57640774082144       -327.66911636477255        316.49222849601773     
   129.25598800158326       -324.43546477655241        313.68552797306762     
   135.32510956618052       -325.52799789413552        307.29976578788205     
   140.76290042262892       -326.12583703199363        301.06101810942255     
   147.09543523751731       -331.97901636699845        293.36248661660142     
   145.74760158582575       -336.14191778248727        287.25498990819875     
   142.29152922130464       -336.13692575847864        279.17858572179034     
   139.86208711281938       -335.64232876655694        270.35562674665391     
   139.08956217123963       -336.69785874160323        262.51545082935957     
   135.93460653391628       -337.89407052252812        252.98934510339529     
   130.58835417410418       -340.56737347928038        244.75070199946310     
   124.46058515731437       -349.69511354647909        242.43515685060200     
   118.04451578379833       -355.10426993338331        240.28657370755181     
   109.37661025589546       -361.23169699832164        236.76936180200610     
   103.40957723772738       -365.54227167047668        233.22094380840659     
   97.462850843037714       -370.90445892422395        232.00975224189119     
   92.118466891398086       -377.78595577688361        235.42448041506600     
   88.361727174286457       -384.47991174756783        239.27913866385555     
   81.427854877890169       -383.21636221413928        245.53675486618295     
   74.229614709538822       -380.66951748902352        251.72479719079678     
   71.170944549394378       -385.24161131346648        262.11418216432651     
   73.492565658864180       -391.40472363155595        271.53202097826704     
   76.641721307392601       -397.16496210767059        278.34671152363006     
   77.389684568675747       -406.18539063803263        283.59563787294707     
   77.138458915150125       -415.35544905966731        286.43499324123474     
   84.452570804371234       -418.77356501270555        288.47807397445564     
   94.876629337753499       -419.29868095681582        288.12747101184470     
   100.77189381813859       -413.75682241977677        287.06651403892107     
   107.46451299752719       -405.31895952973139        289.93138156163030     
   114.44154269257730       -398.91688179780090        295.88930096865965     
   123.62784539080499       -400.24661584299378        302.41324059043097     
   131.34022088727653       -401.96247535121677        307.96709387784972     
   139.52069985664386       -399.41363422773554        313.05802926879272     
   149.95960285169610       -395.03537225212898        317.54582392700809     
   154.45758572427354       -388.50467051062799        323.94180081409689     
   160.70797883390904       -382.95078414735747        329.66013743492329     
   164.14174576018459       -373.24088196698710        334.83145104386841     
   162.01770033100163       -363.00812733813598        338.13500460813844     
   162.96670019049787       -355.65518914473239        344.31835224034387     
   157.24518455906099       -349.73673028412486        348.97167793703750     
   149.20166915526110       -348.21128830509139        350.91869786980214     
   141.55098112884937       -346.50338208946664        351.96110947030661     
   132.87500270216174       -347.34038303132871        347.78099663325656     
   123.95012074979536       -344.33781261797992        346.12284252615962     
   115.08097014292412       -344.63012652413738        349.76361967009535     
   106.16593328159075       -344.11387518053084        355.20511793452118     
   101.58475159082917       -339.67889859853364        361.41850819310309     
   99.126636413413948       -337.52437061711061        372.23541342115203     
   94.486694016227915       -335.23838805894241        378.91902369573040     
   91.998409204206837       -326.17911131262446        382.37984388268302     
   99.683153834407946       -319.42165605230650        383.39642791924348     
   106.82319213150080       -310.70067394237805        383.25728452078670     
   108.34509589833695       -300.46929200420010        379.48780253281637     
   104.99421316609408       -293.26567668774646        373.83377376727856     
   98.858322547109992       -287.34846782166778        370.46631884624401     
   98.507197652584054       -277.79755942562690        370.11908752678761     
   97.563063408292550       -269.51954936635974        365.24596403279065     
   96.186949555219257       -261.98297264098539        363.09280645047164     
   96.719865168538831       -253.76894327502313        364.91444668075519     
   101.03897835554071       -241.96937454316065        364.58397711753196     
   101.97860495141191       -233.61695421392710        367.66906789202318     
   99.989172541514364       -223.04604352255728        370.96229547199408     
   99.178265742948170       -216.03880223843476        370.39525967741065     
   99.295120751010813       -206.97042363775944        373.31540205468565     
   100.71415164010719       -194.80100623746560        375.09427249685046     
   100.45303791675221       -185.34269532565909        378.24764429873272     
   107.79417036943586       -176.72034403073047        378.56308542628454     
   113.59987588446408       -166.91666669786622        377.95668996451070     
   119.45890119626539       -166.93935240658487        370.29305829433110     
   118.95780320886786       -170.65405587245368        362.11841445867651     
   125.05799273665406       -175.06348071638831        353.92103723506619     
   130.54403875862110       -180.44759045563998        351.01613313260293     
   136.80348629737185       -188.72456922307435        349.19873750404201     
   143.32116282575251       -196.07039419533865        344.39015055742431     
   147.96343310713516       -203.06825294302308        340.72478325063014     
   156.54673523855934       -206.48885082034221        339.28404058074841     
   163.78044958373675       -202.48417481429499        332.72295143729036     
   170.83794644093504       -200.14088800355796        325.14132289979779     
   170.37051022521902       -196.80332611667853        315.05246043312047     
   169.09348632538973       -195.46444710992665        305.41750617762165     
   167.99075292313296       -200.56730329366360        296.75092565215738     
   174.63264437670310       -204.80482782272901        288.26302580751775     
   180.41024090127470       -209.32632000170574        283.52280639988874     
   183.16793829958704       -214.83687429759595        275.02868486190255     
   188.01054530782812       -216.06066405148638        266.02950987045625     
   194.69096403905453       -216.92942829160177        254.15895576972389     
   200.24856970494196       -221.57728901192220        248.11428564128192     
   204.17478317390828       -223.28769199385076        241.50912717984809     
   206.35223042680460       -226.04592842230122        234.91003037818791     
   207.43497032193778       -231.28348874167148        228.18384482843814     
