   4.1706845673928399        8.2744899830449299        9.6986797380401129     
   12.239059181388924        1.6605299369610407        9.3363995648908542     
   16.359799975254511       -6.3886740315911652        8.5588803451587552     
   22.815651586416781       -14.805924294360125        10.474669367113137     
   26.683780901633835       -20.245820881183477        16.756789505321009     
   25.918869903760410       -25.592036142066661        23.860616708004940     
   25.340631671057331       -30.228960205031683        29.613049321090450     
   23.322295209996103       -34.785964195734834        34.412955304234643     
   17.819117190352571       -41.803643817627687        38.081373473983732     
   8.3077334671526302       -44.933698753028352        34.055312444667337     
   7.8608545892682997       -47.667663425029559        23.763915886516116     
   6.0568394133536145       -50.051867345848393        13.909955760279900     
   7.0817479109459924       -51.875688996764666        2.5967725935670103     
   14.313841973915061       -54.503581680827779       -3.5644348406623294     
   20.168649261171609       -59.775731083362814       -6.9542329683978465     
   26.412941565483603       -62.720348885734097       0.10352033767630076     
   35.844632764711690       -61.807282180273262        7.0364189438919595     
   42.655692776308612       -62.885650798673396        13.174973777789106     
   46.863938732749496       -62.518237901425721        21.775787570166699     
   54.165238880867307       -62.450521627974126        26.339152428901400     
   61.160908510862740       -59.094828154294532        28.794723473752853     
   68.591057858399694       -54.072832830793175        27.605137754018898     
   73.674145941520209       -45.122766811742338        25.730133911894839     
   80.714458121534861       -36.944292519711723        27.973266867300843     
   85.541511856415298       -29.149729286757406        28.938481248889516     
   90.211888295883682       -21.760944536419743        21.546991095374764     
   94.067459277653597       -13.393129371652606        16.345985299659446     
   92.128411493675230       -3.7123217786332248        18.452866266409004     
   90.457382108303591        8.9643738217685609        21.127972134778275     
   85.444081899633602        15.709588371045356        19.096123234369827     
   86.985208459683335        22.788008705296022        24.737451861941508     
   92.340255761107954        27.528950194872948        30.362549445440834     
   97.951113179487820        35.694664296888561        35.827874674869740     
   102.22861249294807        39.842444482154633        40.519160394875961     
   105.98375473933186        50.780298638417946        43.541664863471084     
   111.87263937516082        60.148616119783355        43.925707978958151     
   118.74336737901447        67.366825943542722        44.519869432707260     
   123.26767047566577        76.099425413812241        46.385398256334938     
   124.76834743912512        83.989958803218428        48.629130409730642     
   129.37392181776320        90.720348131219737        48.610665609542551     
   130.83628555695375        97.131697997679396        55.728708225339417     
   134.64414552839690        103.21412451299506        61.189369071247100     
   135.99956784949796        112.19753814487422        64.260352268843846     
   143.48241065892938        118.60895184821271        68.972555072874883     
   149.46694674891825        123.09644733121951        75.373536569761740     
   158.52406661298707        129.27825012004706        78.594370691101261     
   167.02415706803504        130.49598975470894        76.876071568969380     
   176.39035731985359        128.31465378611369        77.053948942284322     
   184.54212101437867        125.34245737555165        82.455856798687762     
   191.47508394299805        125.16467720524764        86.092894779092120     
   196.37484324551804        127.09942814395583        96.183090069684184     
   200.13848690084652        129.95257281127391        105.51036959107709     
   205.97474355288765        133.85030986162843        110.69090640905043     
   213.71172477118108        139.75566123168608        111.41157026147718     
   223.14626488670419        141.89929811462491        112.65531065844019     
   233.18017641910961        143.19055502103012        112.93761292249992     
   240.45414067951387        138.03704923004562        108.70118492200396     
   242.62772892001408        131.56546575779004        106.10133057161764     
   247.58201813543772        122.15859539882456        106.50494369805423     
   251.39776737014785        118.22800191594388        113.47796493552860     
   258.12031997529095        118.20458240945919        122.53608370607247     
   264.78398652830606        119.70711761638086        129.58224824742962     
   270.89965263823262        120.54897407675782        135.94309655080195     
   275.51618793304681        119.14031417111556        142.60796865025659     
   277.37940408665463        120.97433659038757        154.86195118429956     
   284.40893134172745        123.16581281622177        161.96345180590728     
   291.26104502085553        123.20585870313664        169.29033240915084     
   297.41227489298035        119.93459021817677        173.64439850160477     
   304.28730362524141        117.53621522038384        179.75320209560556     
   309.99204803356531        110.71963123736236        183.98241670539306     
   314.61611338210832        103.97826674221045        189.31266205231006     
   318.69267114826204        97.133362043527256        194.60579393928202     
   322.24436388360181        87.713788659405225        199.09574304592377     
   325.23306954112468        81.983242264409114        205.63222402914579     
   326.14810725788658        75.633121517945483        210.60460480104180     
   330.77061726533969        71.923344650336105        218.68820382883450     
   336.59651502634313        71.914426617325731        224.27458408335241     
   344.33541037101935        77.107814870045743        222.87218225982483     
   349.76541560701241        82.683036555723746        221.91338205226813     
   357.70031355996895        84.083033957310320        215.17122061185219     
   361.71918962633544        80.172568472487526        208.89405141832660     
   370.83360139365567        73.524434111136102        204.65537333975340     
   378.24073538498010        66.797479611589907        200.79458752655520     
   385.20724597983133        61.694046604022056        197.57130088389638     
   392.61469821563071        55.859957784696356        193.72760501038968     
   400.32463991634489        53.369102994619261        191.90566428468043     
   406.73248777074127        54.791652047883879        187.45844356024469     
   416.47867165362027        57.727270172720360        186.02908018179889     
   418.49513904223903        68.368822639054272        188.69765637049170     
   423.68639897712927        77.425594786248453        188.00221225579227     
   433.97839582436001        81.563117508378255        187.64703929660291     
   443.55950491382680        82.091036617784837        187.41120836362791     
   452.79602326526015        78.913730688373519        182.89158432093760     
   461.52890997864824        76.836738597209106        179.16926507944831     
   472.45871408061100        78.053265786145190        176.01678119498192     
   476.71823554255047        88.028651787714082        175.65516996599092     
   483.31233126078570        94.847333224262982        179.57489811026429     
   482.93936925263631        102.59535510193690        181.53380418469916     
   482.95506335844948        105.77312945393420        190.41826178538403     
   484.65748643833280        109.93740187346300        197.32266242215846     
   482.56276542772457        110.25621826453825        206.49891634674833     
   476.16694677534349        110.20518212549759        214.57342088673124     
   474.82847687523986        113.84661738430300        223.98744768121128     
   469.22793719268986        112.86173959609609        232.71441138970434     
   466.19980062848776        112.58934220573100        239.49909121467337     
   461.72140527659667        109.55845743511391        245.68496966493811     
   456.11496122820245        107.48669937430743        256.77223929777142     
   455.06603574559932        101.80017148006108        264.67065943903270     
   449.20002156794470        92.136843994570953        267.47020783610145     
   444.33226873339453        84.300283006683188        266.83045396526893     
   436.38165003317863        78.097453118541083        266.18842632241820     
   426.74939444833910        74.146126448967337        267.53442843065056     
   422.36912087127229        69.804264135471740        275.70188719805560     
   414.18752221267118        71.946027395339016        281.34841656648166     
   406.51972164492224        69.303511879757380        287.58027542452965     
   400.07595269423109        63.471006747706447        291.31316031354709     
   391.97092724942542        61.283416878297892        289.70316734515944     
   384.82512820066660        59.044284819740206        281.49004937533266     
   377.33088021494041        57.025104610443812        280.58717176096081     
   370.14088765701467        57.586135957658264        275.68255329957742     
   365.33863920029933        62.444708481829089        270.24997561159728     
   356.97653868103788        57.939299125260398        265.55888735203166     
   347.84675800803319        53.115318604935631        263.88743198383133     
   337.28217842037009        48.442816440020586        263.48860652191058     
   328.15933338503089        42.840564418646693        264.08468867394760     
   323.92607351186120        36.080083474238052        261.39809054482851     
   323.20930601782857        27.213625286678052        261.34215378733273     
   318.98249704275599        20.848193174781500        267.03459860637275     
   320.97505763811643        16.267796932935937        274.07730309641306     
   319.92509176842981        11.833772844740338        282.27394184378261     
   318.71869842965646        5.2290148983776703        291.75588348082562     
   313.32745312547019       -1.1627472044033880        297.75348377956419     
   306.48790800844540       -5.8972395151644719        298.90601315234210     
   301.58139526474781       -10.363820639242078        293.70661509706002     
   298.18302775067212       -14.366476606954734        285.19881665338772     
   294.06801543291351       -22.596434815749319        281.38488711393461     
   291.48920327304040       -32.700148854980512        279.94028342777506     
   292.79594289585316       -40.159631015179968        284.14199469605353     
   289.83792246169264       -48.179367100437844        292.81557499605390     
   286.25564376891163       -50.845101426481392        302.45051340374926     
   278.34405819190204       -55.293441422485387        306.89903052615932     
   272.44784051907959       -62.132633838399613        311.25115535449515     
   264.73296534459791       -65.010892383819680        315.81602228234669     
   257.36433176327250       -73.508746771272911        321.39540778142640     
   250.79447803489685       -78.340813736887185        328.46624199759520     
   250.41009458669143       -81.933051577863012        338.10644803537082     
   252.35443020347776       -82.917824778733859        348.93310270572124     
   254.30843797528672       -80.870483913880832        358.46743233203256     
   254.68832668803375       -75.731696903561669        366.02998751194832     
   252.66972103419073       -66.430592701510591        371.01672658749749     
   253.01036657789649       -59.388162798881751        369.91114484459911     
   254.23620116271468       -51.894802978880250        367.85605090602530     
   254.99895203870784       -42.623916167684115        371.40364947338924     
   250.69209021000032       -35.109098930980508        375.97519315617785     
   244.85279957176238       -26.992221868826675        374.33521165210936     
   241.13818476460904       -18.701339956376387        369.67973505108239     
   234.34129261960533       -14.086722553734035        365.44372740680211     
   230.20691700047004       -6.1642235823259171        362.12278080562237     
   224.96071052277739       -2.1178475189863093        357.50469305984944     
   216.31537849934136       -4.0458230784833518        354.03395771305020     
   214.81080805866765       -13.637709902532094        351.02688606463977     
   218.51690583157682       -21.640261772660267        346.83815092727195     
   222.42844190340011       -29.399942469402561        348.20997780654812     
   229.66583359439176       -35.903295253511146        349.86921605811386     
   234.86661481057430       -43.752991732138582        350.83488044631770     
   236.33503727668139       -52.153811194947025        344.68916911783788     
   233.53280420906171       -62.462540576756908        339.99909279672841     
   229.47062240910458       -71.297309993383010        339.35401439651093     
   226.71864655447825       -79.917096348925270        338.01978787792871     
   230.53605069820736       -87.464908919622587        327.89576373080700     
   227.19043715652396       -90.523452452592153        319.85409164324489     
   217.99194342775445       -93.391357530672281        313.68497039048134     
   213.53729394683097       -92.753138532841490        306.08734102626977     
   214.97979126800050       -90.028456496298361        294.18654123357010     
   216.81621962220939       -87.579551210671525        283.47405893676728     
   215.46855543918949       -88.966064208676869        272.46906079724818     
   212.81283668366288       -85.522623937867650        261.12799446307025     
   206.12304080696975       -85.562524397021036        254.02561104245132     
   204.91128645071052       -90.182026380103252        247.62516370963462     
   206.45243585626491       -94.287893514720736        241.72382710866424     
   206.91886063781303       -102.55237835580527        234.28520685286244     
   204.39562749669059       -110.90106427325355        226.24151761467067     
   198.59902428750763       -116.80604208652488        219.77134029742939     
   196.12536778279471       -124.42305196703637        214.29951862653783     
   198.29675605722312       -131.12637518048416        209.50525030168160     
   200.04910612297115       -139.75015024946879        204.26711177705408     
   204.85639248759520       -143.53541567510865        197.72726119767873     
   214.61149720909719       -143.70976383299001        190.72448321972291     
   221.53357269665312       -147.52694005698140        183.29795115443471     
   225.19363619786805       -152.92729939074059        178.62898907090630     
   233.77136275824401       -159.81964795400540        177.48190360903189     
   239.80096261622373       -169.34720842051888        175.41183635239054     
   245.61266032217688       -179.22071197896298        177.46282098244183     
   247.13115189156062       -188.10936601676326        177.13146597386594     
   250.25860033948339       -193.20479467844848        185.43134749268646     
   259.84288857528236       -196.23163789248088        192.36239699481081     
   268.27122389853139       -198.88661235766745        195.23467690212047     
   274.75746291442715       -202.13600011745177        199.57122930654322     
   280.12283677987278       -204.43317155638590        204.20973484026683     
   288.39618068414148       -208.18388838774638        207.48794594801080     
