   5.5992693216598184        3.6545106217760406        5.1232310842747424     
  0.74726144629502755        4.8228400151287190       -2.4692038875761497     
  -3.2143649433436394        3.4681086674838753       -9.7038581204200156     
  -6.4217839963879726        1.6940339428465734       -18.631928777628087     
  -3.3312126398597854       -3.5505495689821487       -26.347813602750346     
  -3.9593259022373104       -12.126609703978460       -30.400735465812332     
  -1.0340810522860693       -17.396303175739632       -37.516755110282460     
   1.4208819264843555       -22.804767222437079       -45.307094571377604     
  -3.9658238962894075       -30.139357417519534       -48.417147326416270     
  -12.080527368756265       -36.137754201689660       -50.442440889999666     
  -20.226066066741595       -34.172597468502687       -55.169129086955152     
  -26.509252996355201       -34.325553017467627       -61.874096826257031     
  -27.448239398943514       -30.235223206176329       -70.673525478395007     
  -23.195591925301329       -29.180140074083909       -79.770739341940015     
  -17.428144379766735       -30.571583355117582       -85.941649170339417     
  -9.6057272929330964       -35.024326666288033       -87.402726712144073     
  -1.2244813030491173       -35.024549117069085       -90.477778133563632     
   6.0800013361517244       -36.101061815003561       -93.377744620008258     
   12.918320242721052       -41.139865625601317       -94.688124366381729     
   20.725131051329697       -46.539533073474530       -93.158807431311047     
   26.092928220172951       -52.616152451555948       -90.858865442273185     
   30.995497189637035       -55.730325482341200       -86.311589916966085     
   35.700224842091473       -55.659268256554540       -76.738725594606194     
   37.054311957873949       -58.639648681703505       -66.935406335957182     
   41.276149261000739       -59.446980518158611       -59.282903452725563     
   44.987372160675022       -56.580920255672851       -51.001164538616671     
   43.900673336529735       -55.909287407752927       -40.084100950738382     
   36.210453305972294       -62.026090077085428       -34.277388385950537     
   32.069617415193648       -70.525190558145894       -26.675236463653963     
   28.926573460199165       -81.526106944693296       -28.289241135572119     
   25.929729388479132       -91.056868224112222       -25.937413374150662     
   22.840315874983986       -99.422498586781245       -22.243058385335683     
   18.286840756688406       -104.61588643153588       -14.795988859402009     
   16.009743855320721       -108.01289709092272       -9.3434792092643875     
   10.387551969656442       -108.93397405580605       -1.7430936191254389     
   7.0795149159442587       -103.64245672615209        6.7404651733811818     
   2.7074459996773044       -99.517835459025051        14.576355676385290     
  0.45791369595346509       -92.308760071970369        20.396862375166066     
  0.46788895631766536       -86.053978216611284        27.178321337215024     
  -2.0716548175130072       -84.049269104829065        34.972515973248150     
  -8.4870106392320110       -83.734876412495680        43.215273222107754     
  -13.374574807446180       -82.063490997408095        46.690221505541999     
  -17.969043647615337       -77.040216446625990        54.396058844795007     
  -22.857022076924522       -75.995730827426172        63.285123596291768     
  -23.609087473362848       -74.202247369717739        72.428341850769641     
  -23.731332279033154       -72.234417149804585        82.310515366912625     
  -19.306621034679495       -70.443257733865423        89.665830016368773     
  -14.147368003109079       -70.818186046838250        98.628816512540652     
  -12.020515870640367       -72.758930095129756        107.68857878963374     
  -11.180128642019326       -72.626597265048034        116.44974304951481     
  -12.253940673369129       -72.202152285594366        126.15464253350851     
  -15.650288334885516       -69.018789697496146        136.13840938014778     
  -16.725381689946204       -61.321546452896996        140.81935052263768     
  -14.018561631257143       -56.807233343654900        148.82113415121154     
  -9.5168801908776857       -51.580287765392598        155.89245980904812     
  -5.6004122809966361       -48.828504189728079        163.79864864554835     
   3.3392123319728171       -46.824068577864210        169.12676510358085     
   9.5569015588996535       -50.575973047510615        170.94896402019967     
   12.774795084459669       -56.605622382162437        178.39324818766335     
   8.5199648874751404       -59.394339263660129        185.65630613027906     
   7.1996517620127065       -57.961619030584430        197.01168135926861     
   9.0943428076659529       -56.554810504783148        205.81935101239799     
   10.573207767618840       -54.515130883256745        213.49879199694647     
   10.038686212471049       -50.385183469738678        221.39403779616379     
   15.418005635713513       -41.264568040468362        228.30839565088343     
   22.978340529502731       -38.401232247565332        236.24584619807047     
   26.507457503757394       -35.903513850236749        244.20635611208314     
   30.362790279246951       -37.107338504190125        251.63973065773075     
   34.136361351411438       -39.060400805640171        260.10179026027004     
   35.254112283584334       -45.221374841500591        265.39902032109995     
   37.455390476810351       -54.942175981625795        271.61548803624908     
   43.029973069258347       -63.421566937344522        274.31407006150016     
   44.243269119863214       -73.732985313095327        274.66085344250484     
   46.432956922278493       -81.149500327676435        270.24992626717068     
   48.889440319288894       -88.171049160524873        269.77289021702472     
   52.178157724792698       -95.284849820685082        263.41485617628251     
   54.480613383551827       -96.661105591010454        255.65056492088240     
   51.457383165626879       -97.338203612912537        247.49051322792690     
   47.804205320587243       -94.640460321837068        240.41283656635926     
   40.424472097017258       -96.789224927131897        232.84287525472951     
   32.350714585697062       -97.555789581687804        225.83932318738420     
   28.177781748897416       -91.123142278355346        216.70449089650526     
   27.974888453722542       -89.843341304210099        207.56928487007781     
   28.516539879755442       -88.064517944203985        197.40434503161649     
   32.350664293070508       -88.629454276901328        187.33819577765752     
   37.326053324682562       -81.475627694930409        183.24870672585081     
   37.383691483658993       -75.187377895528186        179.62682033117449     
   38.026316592319233       -67.846861690989954        174.15273021673585     
   45.590424629168979       -60.950732072302941        177.22221274682326     
   51.667364350586297       -54.760621406275263        178.83940680493188     
   57.736201221272324       -47.664881138425756        174.30461256552829     
   61.164428633932516       -42.374137268446702        165.94941393554453     
   60.876767603211135       -34.282609485266420        160.40709639570812     
   61.805838841551235       -25.838601013300803        158.87298478760781     
   63.664852476738417       -14.607953316326075        158.82777530309426     
   63.886182704585451       -6.8919029258852049        166.76895785029086     
   72.332898498551856       -2.2491034629035767        166.55799197936238     
   78.027824171139571        1.1215455055466350        171.06534553133270     
   88.300472798222927        1.8716822246703373        166.13199970873274     
   95.624726722796481        4.3970310562831116        162.48776171652094     
   102.11948706262029        7.4320503120985393        158.28783117344196     
   111.12935007591352        8.2964456419975647        155.22999387848623     
   119.51500487635587        12.705842712011503        151.26901226510952     
   129.05037798308598        14.240370908276617        150.76756262892755     
   136.14446586362050        18.531768503872712        151.27790530016301     
   142.03426364501502        23.990824244834698        155.85923838479803     
   147.75543084391234        29.824030891378186        163.38427536007342     
   157.64499949911527        27.538174132276907        165.79459930228120     
   164.94632791640453        25.661008341941908        169.58795757648423     
   171.94104554004878        28.049059237347308        165.17096781253474     
   177.89299533151171        30.830961338042698        156.26306202845578     
   183.33006244934506        30.358526240082313        147.81579159672020     
   187.72425858319485        26.436697922557300        139.41282987084861     
   193.82738743015415        29.901426571616327        131.42218763958570     
   200.84512128023238        25.797681824873536        126.98993084945846     
   206.19246529500145        23.500238092289266        119.93934582792326     
   213.17372712711517        24.801128500785950        112.76200671777048     
   221.55986758255710        30.164498218579240        108.88874674999548     
   226.41855458344872        30.602148695968935        105.65326959251331     
   232.11309139612541        32.348555939903491        99.138757790358341     
   237.46410455599471        30.023272263223106        92.695782206950014     
   247.39128880512089        34.139651707082095        89.330289829564322     
   256.21022138550092        38.377123314938814        86.638342264199565     
   266.82899991743756        36.231727338559296        83.437525854470891     
   270.68851661247203        35.033410066560464        74.457491895916718     
   274.51047645155916        33.718124874608691        67.393146675504383     
   275.62736767739233        35.643180693465240        58.780500192742679     
   277.15589910192170        42.195166229796484        53.444886609572237     
   274.18420840559514        50.973923964317095        55.030573188457680     
   264.76561353951047        56.423588983417602        56.677375698644553     
   254.63910087139777        62.194600550005447        52.830957251354093     
   251.28453462728731        71.139498662568400        46.684267324367895     
   247.64878135336829        78.763723635296969        44.671902688051020     
   246.41369523922140        87.350228604265624        40.593630690332148     
   249.81828624299129        95.350689060416130        39.628440947060525     
   249.69713052595154        104.62602506825698        36.156904700552914     
   248.48948877624360        111.63020366668729        27.980170402598304     
   250.85036259247192        117.01169938234432        19.050948212051182     
   251.88078816129934        119.52093288945792        8.9405686661775192     
   248.43271986082277        120.63217421870246        1.0326179352332119     
   243.56468449015136        127.00795183770157       -4.9013936919801253     
   241.56074172953896        136.03942159238557       -9.8445387422473161     
   239.93396624194014        144.50589371869768       -14.406047199809919     
   236.22044796710253        154.21923733710986       -19.230027630699379     
   231.48011843626114        159.16868745074078       -24.992646143659673     
   224.88752765216373        163.35062291822294       -31.462016592755127     
   220.01518613015986        167.95894932812615       -40.615528087369761     
   217.10592438386948        176.94832590645157       -44.883597523928159     
   218.49459631855677        184.88499287283511       -46.377829673157898     
   220.10462365628757        195.49886558896796       -49.545521856811128     
   220.48595319981803        202.72123918338514       -48.445811757339705     
   222.54122495408845        211.17198975382721       -48.465135595914695     
   226.71080203231355        219.80702770823305       -44.992108713987449     
   227.77734956697779        227.91821374171005       -46.175221970546509     
   226.01827988043922        235.94330273034512       -52.981060508993281     
   230.96258556566113        246.12674960778551       -52.223228897807800     
   235.27218609498115        252.45246297395630       -55.765505407530782     
   242.73249197305208        260.32856689822563       -55.598343260010381     
   249.29603981449236        266.23859981655340       -54.098351168464262     
   253.11480032888412        276.55333908784871       -53.354700606141307     
   247.61094238807812        280.63930761389912       -47.299795620270771     
   238.36677460045252        279.69030250061860       -46.152196073628119     
   230.97354343434992        274.47279685555981       -43.936211906785488     
   223.54497770093585        267.26313612004225       -42.194191672241075     
   214.92094089567129        264.14040264364456       -37.811993894882477     
   205.96221943778718        268.18221104055175       -39.799368461429097     
   192.44673323365595        269.89343882906900       -37.764893148461432     
   182.41823873754805        271.11529598745494       -37.231676396227435     
   173.10277205550130        273.30977657996948       -33.214739845193023     
   171.43047268052638        279.42054444271616       -21.818044707901784     
   173.04203020694337        284.49964869440203       -12.998766331991625     
   167.81572162598007        284.64346373271792       -3.6528819017364391     
   165.10450682953930        282.79204403652454        5.1776661455927488     
   168.25979084692119        282.92820446898594        15.079188869439493     
   170.84688203995242        290.30331508724777        22.328670847270608     
   175.34855962799460        298.08630641799624        25.892408821768207     
   175.49356436829208        304.79402714695311        33.648999962126410     
   172.52437201829073        311.15296051713437        39.912018644440380     
   177.15078083462538        315.54650358568568        42.903550281609810     
   184.74898345292146        318.50922842406681        44.368609523867185     
   195.19478111677296        323.13423843277661        47.084791926078225     
   197.38549058843330        333.13380419705265        48.842917100393933     
   197.20849400540007        344.08439015158552        47.175451100609124     
   197.86102622412452        353.68171472764004        43.851660905506684     
   193.96320076116476        360.31155579776657        42.518033807116410     
   191.77518633611396        371.14238366667144        44.499370986505497     
   188.71891921503840        379.47877323496851        46.594559728248370     
   190.08342301490498        388.05576066049696        55.041777970879096     
   188.33397802084809        393.19224294813813        64.339751962363508     
   187.66239840835016        400.05274376439132        70.614761749353590     
   189.76223776110359        406.34408380477601        78.174874416512509     
   193.46025921567684        413.17482220231932        87.680085261709252     
   197.61800512570738        420.18153738958353        94.724999990759997     
   202.61652445185862        424.87209367471388        100.57329557148159     
   204.33383601461878        422.82230572687098        110.11534399403050     
   205.51692882488607        419.19838976458652        120.26290035001917     
   204.86720091014135        415.92742051053364        129.31077385692984     
   204.03043390287945        408.76266663492271        134.69863251446779     
   204.04988064544455        402.36719063681693        141.08367923458562     
   204.91149638591537        396.52751480625039        150.27392306261973     
