   9.1012126416760566        2.2654487116333364        7.5649840923645968     
   5.3245357835641585        6.4020203570702989        1.8156378116913743     
   2.5043399137626352        13.068274804308544       -3.9671727681796654     
 -0.59655556759508954        21.119418182015927       -8.6391231334999645     
  -1.1475842954001791        31.622151740299302       -10.147435002176053     
   5.3467493770247643        40.488029554213703       -8.7092356505569626     
   3.3950488652187119        48.470296132814831       -10.292550391214519     
   3.8838362983971706        55.802219498887837       -14.981456188218601     
   12.690420829761081        61.270225208162586       -16.751905958634154     
   20.996172708527240        68.453464052201483       -17.724234102470433     
   26.442637060121172        70.767287288197821       -23.542508575428684     
   34.042789979725683        74.698522450049751       -27.195894595149468     
   38.557153412374390        81.590100391278199       -33.600262484162727     
   40.887050463876477        90.550662062645031       -40.032193852274418     
   39.935429259006526        98.643449204057632       -41.455306837978867     
   37.627777335106288        106.42141215155809       -38.317606831448444     
   36.915537288620186        113.65360076490452       -32.514390922833655     
   35.688788109346177        121.92877632656959       -28.635077434827650     
   36.000790146415710        127.74375619046245       -22.199139056910695     
   38.940860342004271        131.53242591000242       -13.459525322716019     
   44.322479883985324        134.12536284979467       -6.4001657301994328     
   46.750791874452318        133.76870919039115        3.3595539227266613     
   47.725407780071890        130.79845903835545        10.112704817503811     
   48.526179644389146        126.78888320592372        19.541876978485817     
   49.763909382459502        125.04080005403725        28.494701722382416     
   48.479661837187507        121.14411675891506        36.796399386934581     
   45.615744875077638        114.02999627013926        44.486510633799583     
   45.689605231484165        101.90277131154360        44.863820220418944     
   44.024871552674028        89.733676290754204        46.848873634517730     
   40.534406340969298        77.219440904777400        50.890302269552137     
   37.617472813624147        68.501201297389841        55.298735347854503     
   35.555721378571462        62.600247563564807        58.769927526366416     
   31.669751920748325        55.327453208747485        64.218994052309114     
   29.008503905098962        54.445581272525573        72.203920370615009     
   28.246987588817348        57.162914828724070        81.148299982164843     
   27.779419042399013        61.755995123108292        89.076127294508765     
   28.628584852341646        69.587186821678344        95.137140845693992     
   32.603204785837818        77.630591549756787        95.819147546999915     
   35.406997869313329        85.998331887939159        95.564638151007216     
   40.884873264055244        93.041620691911518        95.772261246825678     
   46.748919271712964        101.82509469974605        96.227032355393987     
   49.852901550623471        105.47292347955340        93.118042429217780     
   50.258503838754081        113.96694081008503        87.537957355812011     
   47.907752952459873        120.43002131061215        79.831396849078700     
   44.219604087466763        128.84666046239832        72.923941364963497     
   40.243711053096803        137.32953666520299        66.792423139178354     
   32.965517431778153        142.53207931369448        62.886775569082701     
   26.087107411800218        144.14810724999458        56.543560817693290     
   22.899937528097666        146.00392795874947        48.401716297548774     
   18.957330128473586        147.84591585458097        40.017328073839252     
   16.272095898098911        152.46754448857507        32.740849872568447     
   13.427472584381462        155.94467007426937        24.123622964447122     
   9.9454023614837013        161.47508487382518        19.979023359179735     
   3.4844440744869587        163.96873543083049        14.482689227050997     
  -3.6154302530729581        166.37047690248019        14.979596795437914     
  -10.930083115734647        166.01166898410901        20.617501196125687     
  -15.472735167033818        172.22790549177193        29.822798020279805     
  -14.353876031512357        173.95728525968147        38.400558252778580     
  -10.132467443987650        176.55880744705206        46.622928583906344     
  -1.1246721777555422        176.58257080608584        50.479398370177137     
   9.9005978100733785        172.81007853089983        52.960327617684882     
   18.425455625983915        169.77373959468866        56.255463425702374     
   26.295665819951296        166.70327361866183        61.081111057674207     
   31.789708213326833        161.61112996796268        66.944463444309903     
   43.300170124118694        157.51301256012962        70.207245711159771     
   48.334865601495807        150.50421864790991        66.565962137485315     
   49.989463334993246        142.86318606935069        63.039338005045067     
   49.209275615663927        135.07583977180937        60.387759049175585     
   44.006178597385343        127.26126070454652        57.010012922334880     
   37.723237409258246        126.57898021685057        49.840906797904637     
   32.636636742560825        123.53666553547146        41.157435862669956     
   29.074602103986251        119.90759444502572        32.959384504075103     
   25.696149374268799        119.14602840901586        23.177750664312185     
   26.231076915224691        121.72952581945142        14.848740528014872     
   22.118953464976329        119.82571334869291        6.6253329017723956     
   22.753558412495607        122.48880791005899       -3.0881434474449350     
   25.667955636370863        124.72848881339786       -8.9218611188680086     
   27.653365337332531        129.28521727299963       -17.503715341356894     
   29.332139918417028        137.56169766255715       -21.291828746431122     
   24.687306972466359        144.72572974886043       -25.876479193280971     
   23.411066729751752        154.40792374250074       -28.882134819401074     
   28.280128722139949        161.86023407230513       -34.072340663226214     
   30.955612086297265        169.48655710232816       -39.827929001178290     
   36.376353214868999        173.19256379138389       -44.948309066891028     
   44.300049261349074        174.24724979722609       -52.057453674635781     
   51.795065865041977        179.93333263207887       -51.734714674056960     
   55.843479353629021        184.49075827593276       -51.966721620801508     
   63.551483290515364        189.24561925435367       -53.132935778936400     
   69.736692368206377        185.11602849414294       -46.855736234295478     
   76.034399929253254        183.18113382261663       -39.974733738807089     
   85.315570342401088        184.90495591561441       -38.729289719925305     
   95.130249055035961        188.40405428765567       -38.409246227535590     
   100.97769735937158        194.32898120995191       -35.148851884908822     
   108.63644763572734        201.07147284045914       -30.456699168973557     
   117.20892667834198        207.62650120283689       -26.666892206903924     
   122.38939081889646        206.90432943963904       -18.938338657841427     
   130.33571113211116        206.10773842313819       -16.438235674194033     
   137.49525325378426        203.02081162465726       -13.992256766551492     
   145.00693064576154        200.18164341512355       -21.039556676765358     
   150.64786712371307        204.12177848526227       -27.175752688779284     
   156.33609533135916        209.61939858993253       -34.339769981613955     
   160.31953226663154        210.01027506677417       -42.653618739851851     
   165.38233800611368        216.93489609911359       -47.942053079504859     
   172.88149765595284        227.29376160418786       -49.794612365071174     
   178.88214196592185        235.34352925178203       -46.449717629889591     
   187.55069851663870        233.31970733734971       -43.956193985467451     
   198.19538942534308        232.04647729987659       -44.694162211148694     
   204.05069726809126        225.15170883927999       -39.496479193024811     
   206.67711978329788        219.86998427846999       -34.159786239822949     
   202.79008458400489        211.82786414448174       -31.059292706715155     
   196.11900453625191        204.58346485075202       -30.142061363302844     
   193.74426024940300        195.78645492545647       -22.994320564820327     
   187.27148262230821        186.41092771481109       -22.213045611482869     
   184.23856069140297        178.75571120916797       -27.209782230534945     
   187.82597532287389        172.14546629039248       -21.880282035620723     
   186.34997475883884        167.43643008101648       -13.763259201168241     
   183.63057558286545        158.67088103073601       -9.8692788725418392     
   182.47488814353332        149.25029827467461       -7.8925866612816709     
   179.17945425450836        143.17333753327969       -6.9691673418055213     
   168.84142897434955        140.55458830964074       -7.4630846182848760     
   158.71450556571813        139.19798792546612       -3.8531015717282706     
   151.00563028591444        135.75792636984568       -6.6321778114808154     
   144.53786304204223        129.75935423338916       -11.264089030775203     
   136.39480497280485        127.86246732858892       -15.530062062533517     
   129.17072221159503        127.82686494002971       -22.285767613275034     
   122.31826199945749        130.95308369759655       -26.785502644629435     
   113.63691161180921        134.59600661546881       -28.642886409031213     
   106.86078442373484        139.86777563205541       -28.379751003556585     
   95.992997961968612        143.57870504297921       -29.051964977224035     
   87.714387879439712        138.47248913621468       -27.745032441378012     
   81.509830482796630        128.18699972805328       -24.144452891865729     
   82.784055480842085        118.55434264449045       -23.579253268510143     
   82.051587134342100        110.82238725957386       -20.238990456896175     
   82.809406630559380        99.255565132424252       -18.555724702677587     
   84.199349339061996        89.276505206413844       -14.813630908677140     
   85.079870990683105        79.196815536279104       -13.455633583229272     
   86.568835917842875        70.897041635293277       -11.953052766368344     
   82.739519983129242        61.356318949469582       -14.409501363780301     
   85.699018210852131        50.304719787406739       -18.504512713497761     
   90.742746911383037        44.112822723533675       -16.063460212844646     
   93.374932823409068        33.963101625615934       -13.126193678809365     
   93.078925029906955        23.589270710229730       -14.658971445270396     
   89.980314388919425        16.987492961945541       -19.577636679950089     
   81.680323842707324        9.4005408942773201       -16.751044271022472     
   77.712051618545829        2.0261300165293754       -17.543724042973750     
   77.206533969439874       -7.3214296831656807       -15.127769050646698     
   74.837759749511378       -16.576195597542199       -13.776813412349760     
   67.336444814690154       -24.183739564482849       -10.799173646132388     
   63.374621177464917       -28.664556320152673       -9.9180542898683512     
   55.577887073279179       -34.880102979919684       -5.0162178571514318     
   50.964473272173201       -39.113704019876423       -2.5653685112302398     
   42.594697371426243       -38.905048133855260        1.9764341738609943     
   34.954082307628269       -36.836346824908830        10.636991169441757     
   32.331346731662798       -36.117116592567818        18.795000722224280     
   30.492641712335644       -40.007690625399547        28.053260320307970     
   28.961065496313942       -37.623651121601682        37.927808776756805     
   28.622226094401309       -37.907794438759105        47.048907246675526     
   24.879420638116088       -28.647864583908849        52.465288781289090     
   24.608583324501065       -21.064106705778119        58.933744632212338     
   22.306885244760018       -15.225182520601107        66.977244105852520     
   27.020854734751758       -19.313494117829570        72.916021764121936     
   29.524674975799293       -26.116971135718703        73.138904582238979     
   28.453488210137593       -35.271283616558748        72.770171939653352     
   25.724917019317182       -45.309555611576400        71.733731307566927     
   21.941798477973833       -53.333874889424663        64.371341620252281     
   24.459423459553303       -61.767914422193456        59.947768866737150     
   34.011069813855194       -68.322812286913390        50.666751783129506     
   39.498216388885126       -73.465437969157918        44.953018525612578     
   47.566752678542485       -73.082415840877900        39.091176388100770     
   49.966559682368917       -75.980817822247360        26.565404295184884     
   51.210912708364333       -77.994360100940298        17.714806866615788     
   54.535812882754634       -76.459467204982857        8.2055185302531726     
   58.183660525869087       -79.391306068654757      -0.74825777414089600     
   56.189580585526684       -83.952731257157595       -7.5034020747292587     
   49.162045216883158       -90.961100495147434       -11.709736696284708     
   42.344834713518729       -96.910296998198646       -11.910722575709869     
   34.780682870086977       -101.44998883858284       -16.642182647042333     
   26.826333117729853       -100.97599153433757       -21.738690633154121     
   19.575691354289493       -101.14280684228642       -19.497934972609301     
   12.641004735637313       -97.974872800971625       -13.473436551240766     
   4.8232461564234406       -93.698598372119790       -7.4463731565596021     
  -1.6382398861282148       -86.824357998943526       -12.973329738210623     
  -4.1566319451988569       -81.946088548841203       -22.760456990574781     
  -9.1708437009313162       -79.354678296584424       -32.604626074130124     
  -15.338242152504417       -79.978633036011757       -39.967548600034632     
  -19.369202558410080       -81.910091175893513       -50.172488446719214     
  -24.613584706282033       -83.184879529882522       -58.591474339693818     
  -26.857214497799724       -84.720812421907311       -70.446513363575718     
  -24.500282564278873       -85.482828103643840       -80.445593592693157     
  -25.702767858571256       -86.867046322105338       -88.481931190927398     
  -20.889233682919667       -89.372035376410537       -97.452435622944677     
  -15.719255483257694       -81.369094364657869       -105.06649022388389     
  -12.600688087449836       -76.911581184076041       -112.58343771115291     
  -5.2052998571605968       -78.094184705205208       -117.37109709050870     
   2.0402720085874364       -70.173827175811326       -116.34816852091767     
   6.3689936116436883       -62.449467779417219       -111.32753288857171     
   14.716943050155500       -58.727399899639849       -109.66221933123538     
   23.706621810093019       -58.313979158394957       -108.79844352980203     
   31.319690215856411       -52.866595234128582       -112.57561013931959     
   35.436948391573885       -50.540979048900361       -121.02667311208378     
