   4.2424582069657504        4.4798467520139980        5.1495053313765595     
  -1.8749783099524393        10.612394347555973       0.97602880174082429     
  -5.7850099324342068        18.779359001885059       0.45866689836498153     
  -8.6414177977999884        28.552513131894855       0.66813377802574792     
  -7.9365337337536630        38.640704149846449       -2.2656054704690547     
  -6.0227788715131396        46.094356056548968       -11.012579084781208     
  -4.3598870177315803        54.700540693142898       -10.688207510160680     
  -7.1557315252439366        64.501465669091033       -10.847548951194085     
  -15.352036393736341        66.570278438519296       -12.503594190639362     
  -24.855461616615088        66.722886760597703       -15.993461025552207     
  -29.190481477772636        62.328742840265619       -11.090266965215520     
  -38.305046601862529        59.000278652648376       -6.2133942969762899     
  -45.739716591756547        59.213124292372655      -0.34172797253631870     
  -48.975903973324336        66.372320623937725        7.0579576825383583     
  -52.498110840932696        74.636808558043697        9.7298725631829939     
  -55.197830312081720        81.206192473626359        5.3470368420568946     
  -59.805266043115381        88.485013463917653       -2.1756156556663626     
  -63.132509235616681        94.661950349126229       -8.9126778898844350     
  -66.566307221517150        103.19756304232925       -14.821832494310911     
  -64.242219196851636        113.71166201461750       -15.869236135515735     
  -64.116468990673894        125.89669682417914       -16.420223475174438     
  -63.718786678894418        135.47395524021076       -20.199907684235512     
  -61.896200818143228        142.15812862518334       -23.179095285370749     
  -57.458433688631430        151.49331655154202       -25.626014523038549     
  -55.038279005789121        159.45535993798916       -25.837373753359770     
  -55.337810231667419        167.19859914250111       -27.475327660902238     
  -60.637150155510170        175.68060380240192       -30.395929992644184     
  -69.671795672329836        180.80447563908155       -29.670645764242721     
  -79.797272569355215        183.51864187305131       -30.079521350794977     
  -90.668673983679241        183.58027173507082       -31.465607066056265     
  -100.79085344179339        186.79955707865867       -35.148794139832930     
  -106.60392732055223        189.98677560387333       -37.215029503212151     
  -112.79633476821161        194.17775131328861       -44.852504131679027     
  -114.92567112862869        198.18238437941739       -51.717332537122843     
  -116.77680584842363        199.46695038967709       -60.228568582446769     
  -120.68269033547861        195.56344747298479       -64.855932709123493     
  -124.18981306142584        189.25831767147312       -71.177580965238050     
  -123.43487277199702        180.34670111356050       -71.521176769970765     
  -126.12443084070736        171.38125901945793       -72.828781217003652     
  -128.54303925569639        162.95514873913854       -71.719791492067188     
  -128.07567327438480        152.88088052016280       -73.233846524066962     
  -128.00911060997225        148.48070302466218       -73.430246927304978     
  -129.23700614932380        139.77965547982575       -70.483423882202686     
  -123.25115668514627        131.91676166965982       -66.417264876343040     
  -115.19518803314620        125.30478242158432       -63.939396452144337     
  -109.19027245777298        119.26803070221337       -61.302909508472993     
  -105.70671467722048        112.91753836316389       -54.734912712616634     
  -98.910611208254437        109.21162716550346       -49.994806402650909     
  -92.621628846435726        102.21049887867576       -52.092649702681598     
  -90.718318637797637        95.470428888994590       -55.433141549478137     
  -88.967896860843581        87.477947139343343       -57.982350894002707     
  -88.044442901866546        77.846786506013004       -60.677330958205133     
  -86.684878136002283        68.288998278743051       -60.978638645381977     
  -83.561424539202079        59.626005182701419       -60.303151844186161     
  -77.360166944865000        54.551516936767555       -56.964536373480570     
  -73.063256323299953        52.509385390705731       -48.627554296944766     
  -72.027812203193037        49.066842166043827       -40.197369124372202     
  -73.763666754362731        50.916416416832185       -30.911151903433876     
  -81.033973445123451        51.937251307982180       -23.894314467817935     
  -87.182868673141201        58.932516230568837       -22.245675501595088     
  -92.561239187324418        67.210149789409826       -22.796003901261628     
  -96.278351772412208        76.034166153029616       -22.988435921451810     
  -94.719253241110067        85.669119154371060       -20.938719392656509     
  -90.494691076141976        93.320242922977457       -16.329788094852731     
  -90.536775278534293        105.67319181059699       -12.498151865175103     
  -87.105679478371712        113.44574973364591       -13.320818543236427     
  -82.107324746578456        120.24098533183025       -13.403941714358098     
  -75.199758301417461        127.95419527284992       -14.223387947350176     
  -65.153339313478710        132.15544393972360       -13.254525483804002     
  -56.625415639390923        134.59281303024912       -14.461890874054930     
  -45.739966884079365        137.01953075274366       -16.005671054986053     
  -40.139850716662210        144.01972928116979       -21.319021414138561     
  -39.706048890798485        152.56262640836815       -26.178155676242625     
  -42.416696383136269        157.58921150987780       -33.922054731019415     
  -36.266870641485838        162.78586717433808       -42.500196013224240     
  -38.311095300552040        169.40793464375346       -50.047911569552696     
  -39.300884536341954        176.11866303612254       -55.054659508154671     
  -40.428054975419514        181.19574891427754       -63.046889066435782     
  -45.777307279359007        186.81489025105103       -67.780145017209094     
  -50.625074709530679        188.49005032583287       -76.156638192118848     
  -58.056241471501352        193.72124841944608       -83.487308771769577     
  -61.222737621846562        201.27820382385863       -89.476232742277091     
  -66.042169766135459        208.37896238322398       -94.142034943586310     
  -65.804469988628654        216.37763929084420       -95.713961456089464     
  -62.891047456545238        225.61874112679089       -94.375373189735200     
  -70.721018104196858        229.78872275922819       -95.092498747627488     
  -76.711505040664619        231.42798007288303       -97.437100912715820     
  -85.479089648176668        232.82411184183545       -96.819679516319724     
  -89.988220107126708        223.59089449068836       -96.320331348349868     
  -96.686858839899671        217.09532488437512       -95.974149416267934     
  -106.39450886896041        215.33191027887875       -98.114480132353776     
  -116.42102759285753        220.74805347837298       -98.785132825364514     
  -122.92860971173276        223.16343772816552       -103.23331409867701     
  -130.18782151611362        228.54124026353824       -108.23467655891380     
  -135.20378358040136        235.65409142932455       -113.72696432575873     
  -143.13142386111122        235.71135936636031       -117.29344314479403     
  -150.33188468034666        239.62449927615899       -116.19815902784650     
  -158.46532647646387        241.77225091816126       -114.54183086421719     
  -161.69795383675168        245.14493041462191       -105.15744601044878     
  -161.71580632314468        250.85259290905179       -98.785274488101322     
  -157.80502804104202        259.28765687420611       -93.386294308547974     
  -154.95802268605229        266.66814146946348       -88.559919638631570     
  -151.90075903426725        276.86577087099204       -84.303992588292871     
  -152.69611069114097        290.38751457804102       -82.872181895451973     
  -150.36022026041886        298.96216245362979       -76.716489242058159     
  -156.27044493260354        302.39618840615611       -69.998113092024226     
  -159.26042439795907        308.60883423665763       -64.308192110479368     
  -165.54488394680305        310.23481567615454       -58.419939971886528     
  -173.76972749875907        310.03084878196620       -55.104566302774323     
  -177.26671266532725        301.66558842669997       -52.739292085067611     
  -178.78400708143008        291.00490599464644       -50.213069876937602     
  -182.78563671570049        284.48696700240527       -42.969523101649109     
  -184.54424886943411        275.47236498705411       -44.768258861622293     
  -179.04075765669364        269.71923026621312       -48.956835633450218     
  -182.30086193516024        260.49468502309719       -48.768490203264271     
  -189.71728108054032        257.99782295278953       -53.832110558218908     
  -200.30582340883433        255.24831843646950       -54.266427739790991     
  -209.35546104154426        249.98431669015736       -53.102394540891957     
  -213.84581194927438        246.46797437690597       -55.220479223251694     
  -216.58849549758341        244.86211714326910       -65.137069653840257     
  -220.49894302178666        244.09628651283833       -73.181722180732024     
  -225.37379939595036        239.88575159012962       -79.792703772107487     
  -228.97787616064488        236.98607088863503       -86.879307245622513     
  -227.69548665350590        235.54385134665412       -97.035401934175653     
  -222.86857921421304        236.80940176310696       -105.46257037020783     
  -222.55042477932651        240.12600586944117       -111.74568639274047     
  -224.66322793076185        248.78312052361946       -115.87914640038238     
  -226.50349409547721        256.74696176152707       -119.19441312962222     
  -225.78617982891490        265.53072431583200       -119.00162139626264     
  -224.47762420748890        275.87876672525869       -118.66743729339045     
  -218.20167722313661        285.57820733540370       -116.78665739451178     
  -211.17833466838977        287.31830259712052       -111.86134954700341     
  -203.89683090592922        289.87263789499247       -109.96365117867145     
  -196.91699237331454        293.35733748759213       -102.79097276704461     
  -188.85610623752382        293.16214331531120       -94.922010658747396     
  -179.38906423039975        289.23363039394076       -92.117067628377512     
  -172.50591154204145        286.01469014707664       -89.016810844988257     
  -161.92843868108312        286.16283307978580       -85.368813465429056     
  -151.08848072979583        286.87272616636886       -79.094681142950733     
  -144.53749744834218        290.12545498666060       -74.678963744709222     
  -134.13318433226362        292.85474405655657       -69.269370816848252     
  -126.65318725842941        298.23228812096312       -65.429528984830682     
  -119.96160656350041        305.15731460976662       -67.703225111083086     
  -109.28048612486263        306.42272662276781       -67.250675271867479     
  -102.75485656684874        308.00909807892663       -63.166193087913392     
  -97.241940576178720        310.83358482406231       -54.758700425877102     
  -91.277138376663729        318.81148689997343       -52.833368944709768     
  -85.938273893967207        328.52287453814472       -53.738596144200535     
  -81.329626283745185        334.16448383827077       -53.674273641619202     
  -73.905127678612260        342.19375228606145       -51.481598703747416     
  -74.640523706072187        348.18873254450921       -53.187590583224711     
  -73.029658531112986        355.76563065838985       -58.001829010066295     
  -73.021792785287076        364.10490207976420       -66.042869091615614     
  -73.925890512057506        365.40941390273821       -75.150446766684524     
  -75.772910051470845        365.56054535690186       -86.307850187051585     
  -71.356902102142598        368.11119799090204       -96.224149368060409     
  -75.303222908576615        367.73813489631243       -104.49537906286471     
  -80.356996160021552        361.62691888736458       -111.66190139703005     
  -85.186949630690364        355.56696529864331       -115.68116541718753     
  -94.361587272788810        350.98823535673614       -117.43767603437355     
  -100.60363219252390        355.97120958958328       -111.69766371929505     
  -102.81676894581828        362.37981631025525       -104.34585039844454     
  -104.49836775409788        360.86465146237094       -94.813961166850490     
  -111.52743685068235        362.01954472005582       -88.056623827093091     
  -115.91735253186555        367.78715344270739       -79.847534933667447     
  -116.82238269274065        373.95034689928605       -76.885825420535397     
  -119.40475349379825        383.41142010635701       -71.645615991808185     
  -124.68971542249211        389.27722250754192       -66.507829853920583     
  -123.24536403612363        395.10889323725092       -58.413648695297276     
  -115.71088270937982        397.63973962725663       -50.943555059517386     
  -108.12755127831865        398.56121448036185       -49.056705587660197     
  -101.01540260340811        402.09572943259246       -43.992503771886142     
  -90.372355450108003        401.79805986407013       -41.407124458784004     
  -83.122085881076217        398.39307369196263       -42.655366719855827     
  -76.223163633420270        391.90433028483841       -48.817935664819537     
  -71.056296745700465        386.30032591473116       -55.251694385331085     
  -63.546455415395478        380.67016534798682       -60.180535621776507     
  -55.386600761625708        377.36143259738395       -65.721982100082698     
  -55.528104273945409        369.29356868992141       -67.040921742841022     
  -57.128998154395383        360.45384322339663       -71.097340623170410     
  -60.739104904618635        352.95580786788787       -76.791621047109189     
  -63.895658600161447        355.97905632871147       -85.085825000128949     
  -63.580062540497913        359.42170844534041       -97.371561766645115     
  -62.340068476550123        362.02920553308815       -108.27732874015378     
  -61.881352591505184        368.80331951265151       -116.47043663641377     
  -55.994095998090806        369.60226929260403       -123.06348201916397     
  -49.992726010379748        369.43963405102841       -128.30115079644528     
  -45.738631002112015        368.33560955314533       -136.78939304215396     
  -44.670870660093605        373.65258756717691       -143.31332534404839     
  -44.026529398150068        377.71597659526174       -152.28881608241539     
  -43.001684414979593        384.85409962322723       -161.07398211802706     
  -49.497267661621535        392.82552998607196       -166.65749382757082     
  -56.627076018889554        398.90838996913442       -169.54978384043417     
  -64.459509934844945        403.77454256492979       -169.92634894686842     
  -75.177198728094027        408.45128003204707       -166.17911740854103     
  -79.730021470558398        414.81968127995924       -157.91161638870727     
  -86.571895574822548        411.02763517913621       -157.90629455329565     
  -93.344428630663955        407.18422576998177       -158.65752664814832     
  -101.03723894216850        399.25592971162695       -155.50023870702438     
  -104.58446018118551        391.99268845674101       -152.15013612573748     
