   5136827400.7290049     
   930121643.57950962     
   610491039.61309636     
   3521512419.1051497     
   40623689137.255592     
   3249390211.2531748     
   11498306853.567013     
   209553826.44933239     
   1089166688.1175554     
   7196444608.6330414     
   3561807531.2620544     
   183451466.36198187     
   15221883355.260628     
   173279520661.95148     
   25137675477.106110     
   1521787637.7586279     
   4501650665.1864519     
   3638645802.6428556     
   135493017527.66328     
   80076828938.631546     
   1876828402.0176706     
   11513493471.219124     
   338783501266.10999     
   94073517815.444321     
   219935941.52647480     
   11155399493.072107     
   1095994869.5720267     
   27606315402.766953     
   95795066811.146149     
   30327277394.734901     
   16445758155.002542     
   11175163687.286156     
   19578892665.313446     
   8834608077.5699711     
   6611493067.4298468     
   14245693626.298904     
   141487483298.56128     
   51821402877.884644     
   6271362114.1312075     
   19296429693.375122     
   10272683065.103436     
   1517612677.2648621     
   13044320294.339743     
   18303639809.035275     
   1054819385.9861093     
   17356511785.538231     
   58523749564.986504     
   1199219736.8736267     
   10761482108.290722     
   11633043264.776045     
   2837718457.7657361     
   2702597982.2259111     
   223757884.60700232     
   18243066487.289021     
   10739700023.689293     
   177064158.78812847     
   120380032539.14110     
   47509468687.944313     
   4557450718.9221706     
   2188810719.3891706     
   10791884453.286274     
   1631729272.5965176     
   292899739434.41925     
   31849225501.893139     
   180943694.23634401     
   7426429778.6378117     
   10251815776.606241     
   25845670381.786083     
   281690032.51993221     
   23302376898.609844     
   38280805612.586563     
   8666944017.0693188     
   5493997573.9459705     
   28115603793.386196     
   10902840134.163820     
   32309880727.087070     
   16253012907.040707     
   5077671195.7226324     
   4591297198.3989840     
   75647670694.013199     
   32371262869.946304     
   4478305994.1422501     
   949951298.50450361     
   15259698877.466206     
   457600953.00682366     
   140733057.46161401     
   8292680575.6367750     
   4603049085.5243769     
   8092400287.4781036     
   7520928803.8267975     
   70554112668.683395     
   3955345160.6300535     
   31473059958.138741     
   167040432034.78033     
   105164484462.98256     
   107156871358.36768     
   32603245782.405758     
   1099737864.4690616     
   15153558917.144035     
   5265718997.2930536     
   369862271830.30206     
