   7.3969896683856007        9.7652774939569440        4.6357906643881392     
   14.325262681892724        6.6055115308640779        9.3817715054709083     
   24.457195304301536        4.1532504176178975        17.246237171513144     
   30.289678142532523      -0.77280636420812243        25.011508722160499     
   29.694726879900998       -7.3409326797722940        33.482386324305651     
   25.811721098740719       -15.332475218422758        40.305963416874874     
   23.912627512617092       -24.046649684525335        42.095607627003631     
   22.664365803905355       -34.932058876871906        45.845353789717421     
   21.500381763620652       -43.212391034443868        48.221697715727203     
   24.228010777227212       -49.581956567034723        52.688646829423305     
   29.881097431486296       -57.449873217618716        56.848576621263703     
   37.933910044557180       -62.800280150171432        59.522270514347554     
   47.617097855616748       -62.925527536038487        59.659182076322281     
   57.166119303661418       -61.799031090946983        56.843829317344557     
   65.206526931668122       -57.080665584443523        50.955312597654085     
   63.432867516396755       -55.975447157137353        40.457003727682604     
   61.477214299136833       -55.564649921289657        32.058901340046134     
   62.196376410389007       -51.165405331843004        23.165673873325034     
   68.962972620797942       -44.726995506973083        19.555725396631772     
   75.627241647498394       -38.176610187434164        16.888389553502748     
   83.556800827258641       -31.864285758466309        15.759256584629327     
   93.972467251381900       -28.782831830984833        15.975085787919795     
   100.86853998997120       -31.618414100827124        11.744867488746877     
   109.35705147303453       -32.573818743062191        7.1936096948812178     
   116.56960016566265       -27.784882546854192        4.7328886436880566     
   125.47748673917110       -27.199867969313829        6.5037015115776171     
   133.38936887135208       -28.300632738250812        10.320504181180979     
   139.52851306100283       -26.340126342031397        17.419704778218261     
   145.16366311616167       -27.442096018843131        25.554669344860827     
   151.32059477265713       -26.546211267132975        37.522848179486289     
   154.09606495068914       -33.087660280450422        41.487375791179943     
   159.80698322785065       -38.097589131111476        46.997155003548016     
   166.53110036413639       -41.531742165069147        53.620307811840860     
   170.59133599953611       -45.052051908917093        58.949011968915784     
   178.51781882386396       -48.884372036874765        64.731311339111130     
   184.84103116753153       -52.499332031883938        73.494377389604779     
   191.19254666506859       -54.626070349225614        77.473739309353618     
   200.89404271222094       -51.168681378247925        82.764296804393723     
   209.56835978030421       -46.343460926776828        89.075927151113490     
   212.77459514452880       -43.567144309049127        96.939855003239160     
   217.68983722415524       -33.680217523650327        98.104340594186198     
   225.29619906681614       -29.517334844190941        100.93340564441303     
   233.39321465924144       -26.117320994312138        104.21013342483479     
   242.49160125362476       -24.594848597159825        105.86752491081856     
   250.16701555512040       -23.411316208300860        106.87695254332493     
   257.09222965399755       -23.899207035023238        98.449384717968087     
   263.55309788352110       -21.353354168431565        91.758059581084638     
   269.10294888213411       -21.714271775158693        83.823531291367431     
   275.96301830503728       -24.340428809757924        80.012007019446855     
   275.78031658699695       -27.119979800840497        71.968640723215628     
   278.42627587391627       -30.105605981794213        64.018969637564510     
   284.46341419828559       -35.297808410430349        56.239691539847001     
   294.94351091938364       -39.043664424843257        53.041271317263579     
   304.81728556505880       -43.960141777765500        53.962683429893900     
   312.66040656856012       -47.813669730962346        56.377273224683222     
   318.71870051711744       -53.485256861960039        52.099510651838443     
   323.05253745775258       -60.837332815902613        49.351903081382147     
   327.89959812114887       -67.151211605792128        50.046700362188176     
   333.41866227325329       -76.010217077960675        48.905224348281138     
   339.49271031741205       -82.018533552501509        49.032557988518363     
   345.26539692188635       -86.303519865728475        47.413225123722270     
   351.54106385838918       -88.245064388278649        40.897234735721213     
   354.50040163675658       -88.338265680552581        34.346542063222898     
   357.92467531859154       -90.028856933057000        27.934237777602277     
   362.70198595545162       -91.206557108138043        21.625279751253743     
   364.86260529292576       -88.617318463113122        11.989015316542861     
   369.07495885391631       -82.918615335960169        2.3514500720831393     
   372.93507985607147       -75.312536615814139      -0.81273156400516200     
   373.25704623763681       -66.982866198739941        3.3162383490166008     
   365.76736200947437       -62.780377320136012        8.6297150984370319     
   360.99221947639114       -58.297905276813196        13.731700007830227     
   353.98088423891073       -55.698849736647020        20.597738552788257     
   351.25438909782429       -49.562548825757773        29.390287051127302     
   346.40655553535129       -45.395478058499407        34.195083008762197     
   341.17306358568538       -39.080497693298014        37.385834063021605     
   335.49544057264825       -31.531860885492421        37.332846090558292     
   331.31626404151058       -24.265345954760420        43.878172068556523     
   322.32136256274953       -21.368873802796003        48.269156456899566     
   321.25625766256701       -13.332665764675539        56.351436631730905     
   317.99331958173377       -4.4192032744003598        60.283711995063243     
   310.17170902863359      -0.11555438870004764        68.950736249170291     
   300.96512082494837        4.3815493337945952        72.713833432086517     
   301.63129398453202        5.0167077923456418        79.711866293691173     
   300.44091451609336        1.7989222054383731        88.289506454239074     
   299.93057763232122       0.68590988105512452        97.797095629938809     
   300.86815507934716        7.0567740829021091        103.17056146891591     
   296.56893792667915        13.416361221223013        108.14093707789459     
   291.29934536697374        22.479124758410450        112.04144258701606     
   280.90549099331542        24.283815291058744        113.59870163831994     
   272.30987603433078        24.974075650512574        111.13667661082843     
   263.88521475369447        27.882867580391718        107.44041268941564     
   256.03158141672759        28.572997019966820        101.17740381353622     
   253.64982379435730        28.795976743995240        92.467189246474334     
   250.51005553359465        32.560750967843774        86.030376102639877     
   251.86180567452777        32.966375407682989        75.968229499954589     
   253.91349693474950        26.970555228743692        66.834523999499652     
   260.19882052171295        22.856812151622677        60.822046486121224     
   265.96093625620131        18.893090470966740        54.896796564310421     
   272.06045112012993        16.438228904103752        52.217334588563062     
   274.32757422230634        7.5126891240723808        52.094795813935377     
   272.42126469035071       -2.1840235544798929        51.790350371291311     
   271.17985943120948       -12.410317681020047        54.472418142127367     
   269.99168167865020       -16.942111633661909        58.242129629783449     
   269.85751646575903       -22.016100355408067        63.784906777161723     
   268.60366763350800       -26.143006878220355        71.193038874085829     
   266.78895273638238       -28.743163246197074        79.889657821137291     
   264.44869744387660       -32.292584712836437        88.879344515631345     
   259.88414309244996       -35.523680175305621        93.300022817913430     
   254.94299711307721       -38.053189087737344        100.30272641480009     
   254.90097589579270       -39.899233308186645        111.04714109015279     
   255.29469828150624       -45.234758023003195        119.67982091923034     
   259.23454427775459       -49.454850492391415        125.90709467570936     
   260.16405497237054       -49.164914392021210        133.76696951253999     
   261.26340228675861       -49.685942064727534        144.90734446972863     
   256.76854121258827       -44.966077741903639        154.89815504456007     
   254.45059305813589       -37.000467518782578        160.38841540167016     
   257.24825156786630       -31.776883488412551        167.76548173582859     
   260.07472314052524       -27.710827846798594        177.40006639476277     
   257.04026609462449       -21.188688152121014        185.99418460867363     
   256.67709884290480       -20.564548907359992        195.08653754480608     
   254.90108926399074       -19.415836595884649        205.03690794787835     
   257.26242884017546       -21.405379746807739        214.57490246205998     
   261.65718559911454       -26.196080252113131        222.84427312232205     
   262.91814283985781       -28.623197726257242        231.76750168525652     
   268.38804044303259       -27.871703996182291        241.93847969833021     
   273.59504254800731       -26.334685015749024        250.35621959687447     
   279.60455330385594       -23.742549547238905        254.17555126910486     
   285.38035115415113       -28.273866215328017        259.29470326472057     
   284.13173375603054       -38.008892426655649        265.55792530939647     
   282.29486198282922       -48.961389829950569        263.71294722906998     
   276.37706324595308       -55.187204360427714        261.08093085845212     
   267.30334969172981       -57.649793783753566        254.84415581248277     
   263.47180805999869       -63.746966873840137        249.94908812579379     
   260.96055481027508       -71.215761563475709        247.15021387578562     
   253.36310714191305       -73.712202046610983        241.70219444894988     
   250.32007747617934       -75.328419778933750        236.06433218172376     
   247.08055017522707       -76.982553758894440        225.06284772146284     
   247.22288804875598       -76.360108923206298        217.21311477204168     
   250.57649184188750       -83.797605212942884        208.71113600513939     
   253.25405202158314       -91.053321615380241        206.74007032991790     
   254.18237633522679       -96.967783086751211        198.28870317577895     
   253.98318237750490       -102.59145439046976        189.58220379926985     
   254.89428956389935       -108.85737686488196        181.95089697859993     
   259.62328429774078       -114.38161949012085        173.80759325412845     
   266.81338502588238       -118.75033695563276        171.04414438700820     
   276.73592693605917       -117.67613450015855        167.77532926032168     
   281.84435142156741       -114.35535971559466        160.06324696479427     
   283.62804218605930       -109.78319739992421        150.82057720905919     
   281.85994139643924       -103.03952399139963        144.94889988175970     
   283.15244062804288       -95.507223690922004        138.74360028559619     
   276.74834457330593       -90.503045113172760        139.91434157560266     
   267.06953285262489       -90.559095306958227        144.34712276873421     
   263.44174509649395       -89.339065792409627        153.21450208168295     
   266.26785864951069       -85.864719925255741        161.24529422744200     
   266.36826025222859       -79.062819685450336        168.72710416962531     
   258.11911083535068       -75.450207576250179        172.78620314653162     
   250.19319995273662       -68.224796508480125        173.53062688271123     
   243.80161167318224       -64.887003250868105        169.02227629581779     
   237.34959483142961       -64.442091172220771        163.15569110427199     
   233.49169959834182       -70.960851143484419        156.45033127904776     
   226.49621616680233       -75.716195391794983        152.12076235272809     
   216.21786684727854       -78.992157819362845        149.65561831416372     
   207.68083712146512       -81.955683570325547        152.92304932682086     
   202.06655792794575       -81.524825198145336        160.26125860608082     
   200.85881584565149       -77.989471972809497        169.95157769254124     
   200.38485980915846       -78.939738766086137        179.95041033558624     
   202.81707229773980       -80.119427075253185        189.64343319641944     
   208.58945679664666       -76.819824197897432        194.41012144631929     
   215.84825946108808       -71.388321565603462        193.53107545639597     
   217.86062759999660       -64.410077078665481        187.38864509573750     
   219.79371721788942       -60.047169815020638        183.49167688988857     
   218.97400656325320       -54.108091438021802        177.05519579044639     
   217.20931651092292       -47.351688849925885        166.72611614936486     
   213.49778476329254       -44.722916447127936        159.09393134603030     
   209.30180342962728       -37.813675261828614        152.32390511456819     
   208.43388690229264       -33.048767990949528        145.78548447792295     
   200.99399475448084       -26.908268471690615        140.67852902596454     
   192.21187708012897       -22.701154891201693        135.40668919529821     
   183.70890276539393       -16.171250198965801        131.46270849889709     
   182.92883596362046       -8.4994612483032554        127.50076921851796     
   180.27761448155889      -0.47085656860182112        121.86766559047388     
   175.48559547750898        8.2293778927419403        120.77931216024965     
   170.10207959763932        18.554016413672166        114.93071721113220     
   162.67758348218410        24.449297900738067        110.53599991302403     
   156.04562540877990        30.404670382660832        105.78270058052483     
   149.50915758996319        35.835767878902189        107.38778419261247     
   142.74585512977987        41.805062585552839        106.29915592668142     
   133.25514078323241        47.856345558435486        98.971538799144824     
   123.71900295146186        47.441945021731456        94.567624320089777     
   117.38648318246905        45.296297128131791        89.993374728638102     
   110.15717501219795        41.041929692705558        88.581467907612989     
   103.05508183922174        34.432287485208434        88.386301825605315     
   100.03012507794173        27.867117845344652        90.903467418424995     
   93.894142292797952        17.261323184115700        90.675044198806688     
   95.931543234757797        8.3167005169456392        92.783148558794636     
   98.138631039007038      -0.16632640382011976        99.465226567598251     
   96.884119692820690       -2.4165556867971096        107.77731263408586     
   92.799920943483002       -9.8539407789849118        112.35737284295348     
   91.119713234556542       -15.922777100726030        114.42604823409884     
   85.603331573552666       -20.615187111823278        119.03823906217757     
