   5.7860429693839279        4.8454498411736466        7.9627225667639152     
   7.9313989745935487        5.3908214629663291        17.471385505600921     
   6.9305818184043630        9.5272652922093641        26.779371669625178     
   8.2015900097208885        11.298794279291599        35.482028656398313     
   13.051872673716019        7.8800968059955281        43.353139672270771     
   20.007454536113308        3.3773045055945801        47.835979510756800     
   25.377918591339352       0.22667324664228516        52.181970695626234     
   29.793036148652121        3.2946607522950870        60.280779983661311     
   32.570623468670703        9.4142669427736791        62.484262563708882     
   37.679194288295243        16.482022306584426        63.845854203851630     
   33.474851561853505        24.658737281920764        59.463503242141549     
   26.133763054665629        30.176744246231113        59.879690918613953     
   19.073708980603328        32.577308909128234        62.262426349910399     
   13.499996027243427        32.213047274635628        71.523485827104778     
   12.041312107464051        31.230962926998572        80.269410553120764     
   18.006705607459807        32.082910719715699        89.100457495094872     
   26.041307282243778        34.754185082544218        96.015056240212459     
   33.706316099095872        37.605738085627046        101.65234608788558     
   38.874456837872181        41.012685948172518        110.26082415581146     
   38.487386075336310        42.831425832999471        120.82324988679849     
   42.486402273228663        46.626749164072208        128.55930221031628     
   50.770812815810636        53.141449007326301        131.52878360346318     
   56.596117194936625        57.752604053701965        134.61065148710151     
   65.965347232613141        63.268564047759085        137.80402131011380     
   71.286925859359570        65.633251985139793        141.44288741989308     
   78.202651528714171        66.968699864565110        146.76432718068224     
   85.333020197616236        73.356950942238825        148.64656749446735     
   86.469966378429461        82.889797612447467        148.55817202938840     
   86.503982597441407        94.179659117396710        146.16232800280844     
   83.759681226524393        103.72737121576256        144.43054623651841     
   86.776465175194957        112.17885426026864        138.61695342623810     
   86.867685908051641        120.50781480239615        138.80085561767311     
   88.953376112998143        130.04410699725264        139.36674382562006     
   93.865828565105389        138.88080651864806        141.24016617800649     
   95.284617856745996        147.94499349988118        139.29587096243083     
   93.289825728068394        153.98655306540275        139.23409861875865     
   89.041083753223703        160.38772789773921        140.69400912144721     
   80.928004414559325        161.82498686832915        140.75671540412554     
   70.685080212072847        165.48461860232925        139.10467796135379     
   63.861342820156111        166.53579404134842        133.58481537905354     
   60.055295211444871        171.59463662111526        125.65147175038436     
   59.210837420335707        174.65593530728790        121.29020202918238     
   53.461618816228764        178.62182341835612        114.44987386525605     
   54.649081681871579        184.34772921697555        106.56606889688763     
   56.812080744592066        190.05435760069048        97.830909021071164     
   58.764382455127304        188.85881914920995        89.072694129688614     
   60.423760787528551        187.66393529213644        79.025855474301011     
   63.461698151052410        189.83102209870441        68.312754108533696     
   54.726653297249911        189.45854050397020        62.839979678331026     
   48.027651728496338        187.88267083005707        60.040769998737623     
   39.003723430760459        187.79385001324957        55.387997901993515     
   31.747074188249648        188.25427121979499        53.393033842046549     
   25.904135622096277        186.69155449940666        48.689968242813251     
   26.562493272474555        182.34171328870985        41.741392898868682     
   28.186180857875264        175.47444558752881        36.860972656928567     
   33.234422683978515        167.30337513127643        34.814827875815297     
   37.727039765824912        159.06538419761023        32.189215558971284     
   40.992023485109115        150.94286215041598        36.461286237031473     
   40.073504878528190        140.18201808934987        40.568962165746370     
   31.384213159934113        136.42965752326842        45.845998495430067     
   24.772990425366359        132.80302281791140        50.859446066785949     
   15.310896988994680        130.47495008138264        51.829234991837325     
   6.6521304153654990        129.39992244359325        58.540374252168512     
  -2.1696451334763855        128.11387591582002        64.407487254357051     
  -12.293535310743087        122.68456886992902        67.470875448394210     
  -18.543047528122862        122.36480898758117        70.758333191806202     
  -26.373338256078689        122.03803545135972        74.368014601089769     
  -34.170983746969775        122.45136962591540        80.363113549259481     
  -35.915479186702761        122.13920682670792        89.188081824151851     
  -36.642615749438583        126.02365039535601        96.046843085368579     
  -36.123347936352992        132.17097624191160        104.16189818034890     
  -37.393735243565523        143.24223304361237        104.55081082730018     
  -41.357989353882552        151.09227058199758        100.84665521896119     
  -41.833538341450144        157.52098666790135        93.852246391845782     
  -36.156956802236188        164.55129306084797        88.321619368331312     
  -39.210283682674053        169.21134280332814        81.493482899227871     
  -45.185408696637616        174.21053614422343        78.103274669236043     
  -50.830371341871476        175.33316459696789        70.621068106845343     
  -57.683822005492338        181.45529301434220        64.964702690006874     
  -65.073513098985259        186.19710953405135        64.271846889895997     
  -68.747746861108752        194.17277832814236        59.346855403769169     
  -73.942880301303020        200.82850020270979        53.631529104466424     
  -75.940787063504771        206.61297332591934        45.599784005668525     
  -73.836030928872972        207.68152293368107        38.294551289983360     
  -67.403927284809285        214.46521161403865        35.965736844334742     
  -66.923029443177384        222.14353350005118        40.789480683683337     
  -68.244964203076350        228.40214042746177        45.335463463988049     
  -73.875922297900459        234.43020625651903        51.338741525652722     
  -83.357834707109845        236.12192334358969        49.521705811825129     
  -90.034086899128283        243.50195459555550        49.503937618237885     
  -91.015754917710780        254.25231461464193        49.735521577212310     
  -88.327768193225069        265.27905261611977        49.647615388261769     
  -86.484295004057230        273.20144461312714        48.689243651060352     
  -84.073446196935265        283.91244916851883        51.344099924499588     
  -80.878916609734006        294.55495819745505        50.910721306874976     
  -81.862869734482189        302.33605288481021        54.778797837303770     
  -79.356687383522797        311.28557329477576        58.192043670686516     
  -82.096493978346018        317.84784920173399        63.083167281390637     
  -77.487492902998895        325.78501893573770        62.894808367678479     
  -71.202346393612601        333.04361098859141        59.858453054781279     
  -60.539527757112609        335.51022371451614        63.452957641444037     
  -53.819481020685458        335.00912781723275        71.531465477934745     
  -53.518503166846443        331.66053672318668        81.468410500117983     
  -50.732455534682714        324.65535451022697        92.311051854127840     
  -50.084185485223202        315.12547966670468        94.143804894297062     
  -52.664306814671676        305.41840730094958        94.153333928723669     
  -55.081193039033622        296.22375972653776        92.788892197107714     
  -58.493639005417862        287.75561034172995        89.415847395445923     
  -64.454253830750332        282.50812472621988        85.217960060156415     
  -73.827266198130616        280.57749963494314        84.046624902347062     
  -83.913270562993603        275.30014155566914        79.490469379097448     
  -95.519577453552358        270.00739411509494        82.989738457099008     
  -99.187777590577582        277.49021777258571        85.301398441147015     
  -99.140973097130541        284.26534776668188        82.432590511109453     
  -101.58995761040850        295.92403677108177        84.282663975090770     
  -104.59664026181673        300.82395638308998        89.947392220178045     
  -108.18998786803311        306.53164803901063        96.587319949650322     
  -115.48670092611493        309.82092114068325        103.32494217173482     
  -119.11941969664173        314.15887892679683        107.25134476116077     
  -118.33235601746730        319.83152993318367        115.06508603994195     
  -117.40539897073816        327.47463782488592        120.65759849358658     
  -115.87780283666362        332.31310060366650        126.95080761789809     
  -109.40533238993370        337.62130702903477        132.79975740114060     
  -106.01174881402954        346.57242386197890        132.92279139324643     
  -107.83238065497017        354.98642661705964        136.53905633304976     
  -108.36040792078310        360.51831782849632        138.68484541872928     
  -108.08974303575314        373.14128018951374        141.32763543694674     
  -107.87929773523200        382.32542820261108        143.58862311388057     
  -106.78880010166358        389.38733371043230        147.57343715907584     
  -107.01833985866438        397.01506125163024        154.54644340090235     
  -106.06917137642901        402.02089313578273        165.85845935514851     
  -103.09906580658023        400.16943192364596        174.42348688584394     
  -99.032531221072986        394.93267377728006        180.25463657388988     
  -99.875159735742727        387.36468417003954        187.88120166273035     
  -98.896350846034494        382.18284351325855        195.94870290195627     
  -95.879040382231494        379.77824234210755        205.93755729060069     
  -92.727155553882397        374.81413813142245        212.50968923706210     
  -91.835787680069302        373.49188766357986        222.60840963620899     
  -97.533951015155253        369.49387852750908        228.93210127319972     
  -103.92737906727982        364.80346434084026        232.82995973532826     
  -114.23324659444560        361.98219508632388        237.91325248455749     
  -120.07699103584372        353.10263793942721        238.73430927173303     
  -125.68478124894793        346.85835574576754        245.26303689336493     
  -129.48979213034346        347.19487980467233        254.60891051201563     
  -129.60082436078301        346.49754511558609        261.45056429949636     
  -127.50750090539518        341.60972802646108        269.82600411347164     
  -133.20102926363276        335.90124203191215        274.96038419778893     
  -141.20601687753830        330.96546738132758        275.35575587634787     
  -146.85272987226060        327.74942502689237        272.40305738957841     
  -152.91991160426292        318.56568339637244        270.44786397955977     
  -150.00455136146979        311.20161842664817        270.33917332338217     
  -146.65751024870198        301.82255602328712        273.59142351481353     
  -142.45833734651561        293.20166296619971        274.43937766471981     
  -139.11132807856691        284.18469162691122        276.12054063302469     
  -137.27342240068521        272.57125192744343        276.86583189270743     
  -140.38856291867751        261.87212640973326        277.27148842793628     
  -134.13093447569699        254.48521735576844        279.96640173620995     
  -127.00301011591506        249.60793125863327        287.91289324595539     
  -124.86445854401217        245.49609161814763        294.61584554237942     
  -126.59543826182784        243.14763347766726        304.55708444485970     
  -121.07145031421877        239.01605094461237        311.52141077684257     
  -120.71405438975179        229.50651875277535        316.45869525012955     
  -122.59258254970999        222.09448350773337        323.07928518403412     
  -125.71959449198360        215.53411317410098        329.07063408106467     
  -127.88777595581914        209.22037342290929        336.57628441109102     
  -125.57509741860852        207.42116065704843        343.45098476714276     
  -124.48067117795838        202.75341644566976        351.92789593395901     
  -126.03693932077417        195.04296273392092        356.45430683556333     
  -124.62115303445287        184.82004397393521        359.92088529921529     
  -118.31285733464259        178.36762958529752        363.62651809818749     
  -111.06240031435877        174.98204787295612        366.71488747158435     
  -104.14727438280946        171.71527993819075        372.01397671942959     
  -96.527156177757007        177.08891365574669        375.71571221486533     
  -89.398287681452558        180.78734305991415        377.04813745856239     
  -80.734903186444313        186.83825277205435        381.11645433231871     
  -74.989656050101729        193.34093933563497        381.80604025432126     
  -66.060077722323456        198.27937099378826        382.08522385986140     
  -59.145584545790712        202.85454090940127        377.05024557065872     
  -55.897034743070009        206.05711120603164        367.78012505084916     
  -52.789966139487404        212.05450542653605        360.60189454780959     
  -52.223547040715886        213.01755247633136        350.89121992985480     
  -56.144503753834186        221.46836419528788        345.79488775371328     
  -52.071678289242016        230.33130954075068        348.62185414802786     
  -48.345267977273124        240.13149665942450        352.68448908481685     
  -46.539324198193228        248.22816731000916        360.18993924786275     
  -47.714306579213485        256.76262852786539        361.50525949104707     
  -49.996035317149421        262.90001690118225        366.84592939203742     
  -50.653361903103871        269.38509551051004        374.79389975355974     
  -55.013371746347872        274.59903492150784        378.29549634599084     
  -58.598949199464045        280.53712141967259        384.22577661942091     
  -59.040851047589484        288.84388426837290        392.29018114434740     
  -65.336898173756936        291.42788298064846        401.14533067222561     
  -68.395571387330875        295.18617648616038        409.07818798513415     
  -66.485317436029675        299.26136263692530        415.77467295504232     
  -59.934762466715398        299.07206104718404        424.67673041631531     
  -50.152482531573497        295.89897543643917        427.18853442986091     
  -50.326000607254116        288.95949699351411        431.93557114277979     
  -48.531662352877191        280.98513062396847        434.07230312021505     
  -48.237792308355125        271.80308759492669        434.80398805677396     
  -44.735716358442119        264.41504048832360        436.53025011972636     
