   1.9738691384509934        6.0286781877570377        1.8735909815745515     
  0.86665084116935986       -2.7510750297036282       -1.4425559764534199     
   5.4357124137689254       -12.249671568601883       -1.2286553338533679     
   8.8072825467077109       -18.853958057259092        1.5047301886595079     
   13.482344087396882       -26.125530972107683        8.7863120129206891     
   16.433774194917504       -31.550078429985319        17.003208231677092     
   15.100835674883143       -34.941856105889030        24.506675394951259     
   7.2290453328264448       -41.421605147206336        26.599219100257727     
   1.4416116484558472       -40.922132450820357        20.712060691500028     
  -5.0639423719921695       -40.168995797901971        14.354074391296137     
  -5.3663884307539433       -36.800413273347033        5.2803090120845866     
  -2.6473261404372579       -37.048556136696121       -2.4828238519111494     
   2.8107054295124954       -40.109856355199298       -9.6081657149830164     
   13.391720749348735       -41.997419885725463       -11.470175911081725     
   22.664089246353967       -47.026462278461231       -12.593217806200911     
   27.216756186537509       -51.531513447291161       -5.0174800194582616     
   27.973159147121237       -57.884508609181850        3.2009646837284293     
   26.434013218752682       -61.040950741535077        12.246526627939005     
   31.878248238621097       -67.938597088345958        19.221201403723455     
   40.937779125703088       -70.606124582808221        25.327708063819927     
   44.041027620117774       -76.207424846054579        31.673612375460380     
   42.824919324580890       -83.615630350764704        38.414465861335145     
   45.119934933122039       -88.525467360005365        44.394491982283597     
   46.307131581762405       -86.937361621392540        53.150026882407076     
   52.026801513560997       -85.031067070745522        59.846052387118277     
   54.351577416506615       -82.378222777765288        69.112484604720493     
   50.335362136115094       -81.471700952782115        77.677231550201498     
   44.746336641533304       -86.220293907279341        84.126097519271525     
   36.384881050163074       -91.381725184247529        89.411044021630119     
   29.229763397796575       -97.791050169988196        90.910813226215595     
   21.658438786647821       -103.84942346306123        92.905425691005576     
   15.777373933753580       -111.35287547700926        92.718943847024747     
   8.0364452692583939       -118.65822145467975        88.089298462227248     
   1.2851949542798877       -121.84711047088756        85.054702538872618     
  -1.8470879325301155       -123.92151685256735        76.439698465250075     
  -3.1263901815771362       -127.69426468844281        69.295356278961435     
  -3.0567432118775173       -131.81656905511653        61.523891969001056     
  0.46124845258725600       -134.39192866721379        53.925514306605407     
   4.3411468589066828       -131.30419997711135        43.866033058509629     
   7.3801636877149690       -121.78282834130552        43.900911948489863     
   6.6408623679225798       -110.39433322498149        44.645089437209236     
   5.1413411740803099       -104.44235874663775        46.111491223996723     
   2.2824903047858811       -96.478244070925200        47.518311307796438     
  -6.8637990528189334       -93.306766875839358        46.653132944208750     
  -15.232103417634107       -94.129888214629688        50.128074904735087     
  -22.309621639203897       -95.079815558969301        54.858449466397900     
  -29.683936994090971       -98.687273255428963        61.171556347571851     
  -38.232270264282619       -97.594167790862727        65.369650863321283     
  -42.536048957049957       -88.791363860131696        67.483378105434753     
  -40.157740410984076       -81.184649092082253        68.373686426553718     
  -38.903162612779226       -73.850369177833372        64.953869190516031     
  -37.299056086413259       -70.598400561295335        57.599703420839290     
  -34.130415849959263       -68.800829571577395        51.410445689296864     
  -40.122053501361961       -67.495370110399904        43.771673142241013     
  -49.171223351973026       -64.522311034194360        38.063387245146743     
  -58.290682373986130       -66.265151731625508        36.555316450166060     
  -67.443543053223777       -63.789538863408573        35.722727782739298     
  -74.537599488157355       -58.831627914155284        39.783928030368713     
  -76.950234928398146       -49.255531327367791        36.878475388389745     
  -76.898177822108210       -42.152447634993209        31.348576186869849     
  -73.599314253693834       -36.141455888731002        24.480913231520930     
  -71.400390977190398       -35.071229358845443        14.804970641017235     
  -68.506288037245952       -29.494007319381865        6.9709417233004984     
  -65.963416189615643       -24.607271099702103      -0.96663152128104457     
  -68.439275485290395       -17.601588426425835       -9.2797184698143127     
  -68.696961999606472       -13.876701740592893       -18.420372172246090     
  -65.213296440313115       -9.7840255343489275       -25.224515033632755     
  -62.556982523676083       -3.3298565872398171       -32.074868076170020     
  -63.782260348736060        4.6592810677302765       -35.290827878454536     
  -65.325256545512687        12.211024883260393       -34.845953212023659     
  -65.485719607467445        21.674996370111757       -37.271336430406564     
  -59.193308979554956        25.687830886845461       -43.166674996684108     
  -52.961963257929852        25.745699551664160       -49.108282558369439     
  -44.600195639823426        26.287760625311108       -51.325190133025259     
  -38.060714945295246        32.710368480344727       -48.561463923044741     
  -28.907750211408313        32.668438947254543       -52.974326169081920     
  -22.459327274826364        28.876965504575452       -54.747664912153667     
  -13.661301840799183        29.525728029357907       -54.660004465514646     
  -5.6687676949096897        24.696753975522853       -57.823569579527508     
  0.21916574189347671        22.400231948164219       -61.594040686338758     
   9.0091374210736603        19.498523779555569       -63.774505554096663     
   16.786843246506862        10.686550925922063       -66.732303220657371     
   26.556357278520011        5.9107855063648316       -67.248549767827399     
   33.508234040135505        3.4079166487993859       -65.755720200135102     
   41.105366261064773        7.1790445681418049       -59.587615129855614     
   45.730998923531246        15.668333166831871       -60.667480311672442     
   45.206668827410823        23.915121828194771       -63.957914816030652     
   46.679887675629544        31.745143634866537       -68.792764850163167     
   43.464489970287389        41.306219890084208       -69.373130744388206     
   42.652132823815379        50.197638249236803       -74.868026000307083     
   42.366767329746835        54.288501866055753       -84.904670586307191     
   43.917071468712720        55.124735158910397       -93.906151567075014     
   47.630328354893209        57.544419166362587       -101.31318405894774     
   50.782554466206506        65.166106224012651       -105.85076832171653     
   52.487647269520323        73.568199137316071       -110.27860798990835     
   46.849401127832948        83.393243677887313       -111.67490038699788     
   43.734303003619431        92.391719073702717       -111.16058016238090     
   38.451842677495421        99.516252980747112       -114.70843226993735     
   37.133348084873745        107.84840172145556       -107.29518630600393     
   38.043452314854640        115.13474386011271       -99.988797694639587     
   41.580378209730974        120.18167248692663       -91.440900332403174     
   48.527355768688146        123.23671371505458       -85.524559591396553     
   57.349723431212247        120.25876241719524       -78.398973143742126     
   68.657633774041656        116.45728415232296       -78.640492450700876     
   72.188462448196859        108.44532185757780       -75.725777727190589     
   70.446998390081561        100.11314153067590       -72.314987826329073     
   68.232457815605258        90.856505781623213       -69.589976292216605     
   64.980175872386056        80.173502504340263       -65.312147499090699     
   66.557564517360234        75.462259557675111       -58.345280524652324     
   72.078471537261876        70.168037014789661       -53.453088764438824     
   76.305699826251171        58.354807305287245       -53.776626568172951     
   82.424438137487030        47.843803812004957       -57.535645478077377     
   84.421442537797489        45.506028925758791       -50.234220444111152     
   80.817058428480451        42.634357823646617       -42.309600406845696     
   81.627805948207211        41.733401498616054       -30.917261195135548     
   85.158209042414640        42.508620241595118       -22.468290345587089     
   86.303018262120375        42.926685184636348       -13.197432319931732     
   95.071667205144550        46.668179783710549       -7.3307808712503224     
   100.14987810015170        49.925027739789620       -3.4589057881005192     
   109.01484805248027        52.380126957625897      -0.47409641244353962     
   116.78403046545277        54.668315471159310        3.9630434747126100     
   121.12093363985822        57.009968514149342        9.2615171447855467     
   123.97167291599710        63.350137825466199        15.125146242072805     
   122.65461125983099        66.445174020420183        23.591883194978710     
   116.61985391177821        70.409243753706875        29.701520378293953     
   109.63022188686735        78.343751086211029        32.891814012160687     
   99.915511810888191        85.109702858742310        32.162334516783481     
   95.080789388780275        92.360809133450914        36.042439388894046     
   92.391842194522567        101.36788793647742        34.853282815655255     
   87.835543924095319        109.98650365523551        37.149583820076479     
   83.203996996394906        119.65864314108254        38.903769352898784     
   78.007096942717183        122.82810628406691        46.353040443669123     
   76.282992927429987        122.06494185513930        55.394333885636136     
   72.627900026628836        124.67544076261828        65.254055835253737     
   68.200515079205175        123.25020431142121        73.225162876380679     
   61.298745772896744        128.66315015504108        79.303303280449242     
   58.633243913591791        132.27602610141128        86.861919110156137     
   55.378814125736334        133.43763590487552        96.888090068213145     
   54.574890938798056        141.38006190960945        102.99521124855254     
   57.180368224793419        146.98156670141177        110.40773028152957     
   56.817285009845072        154.72427775486861        117.26129890849795     
   59.888830137026751        156.96662348442473        127.96584551902659     
   60.839630208362273        159.51866642245025        138.01551194392135     
   62.903577750000629        167.38617720981486        141.98789218518993     
   64.205146363486378        170.21931725718460        147.95859904516402     
   70.330032611065874        175.18318547800376        154.05492087371721     
   76.004521019363054        178.62333565019921        161.81963805268799     
   75.671721444366042        178.67549005008081        173.28822750922347     
   73.176784913574991        174.05836924152854        180.17094455502246     
   76.388340929047573        174.16332212793938        191.50911766525303     
   83.076363894054410        173.03343472694749        194.66118933551121     
   93.201269602874348        174.72398064668690        196.44681805321682     
   101.46620986827158        175.20373718096786        200.11982608779380     
   110.09731781065729        176.11016548093281        203.05149113500107     
   119.19507942492760        175.97268370570242        205.28857910937239     
   130.81582008304986        174.01883570368398        205.92845628823818     
   139.05998768553479        168.53596541084653        202.77375236169388     
   144.21907369431295        166.34834608413848        192.71735402703371     
   148.51576878915199        163.96699634449504        184.55122408064642     
   151.53838561884697        158.35431467139102        175.97588920184751     
   156.62133598948316        152.61120004410003        167.30497492646236     
   160.05155382887398        147.57914732966242        159.33647536782837     
   161.16839485130868        140.06522101449127        152.27779547745882     
   160.57477148508008        137.99318676316020        144.74928544061675     
   163.47013231122003        135.74363332960237        136.09826376448262     
   167.87296067222002        130.62361801801103        129.17836052838175     
   173.38620393346071        134.67170364989866        123.58268692765532     
   176.07630374003753        140.02307169049760        117.48494328573611     
   179.11004049791825        143.38360462309825        108.21434272864553     
   176.33312404008518        151.37642095568680        101.47536124860292     
   172.40006369282429        159.10833021922684        100.07943426131749     
   169.62341381123264        167.72052559602338        98.975024017385408     
   163.97567849693957        176.34448839349051        96.415162391560074     
   160.80046584875072        184.66446805497407        94.884436307047423     
   158.42563130680463        197.10286916119031        95.340123304961082     
   160.23601231345077        206.02561197384915        95.937542720621252     
   161.70246120515702        215.69580655466524        95.192419635730062     
   162.65820816646220        224.63141888651978        90.455262829277160     
   160.14482458811460        232.24737971894797        84.831991356681982     
   159.42154243046184        240.38433462584595        81.034809802174522     
   160.85808949515592        249.51739906669059        75.538295652433590     
   158.02958378043661        257.49255291525168        69.258179767684481     
   148.81094544739261        259.46208452318081        64.421351123807284     
   137.99336771849340        261.69567100320342        60.637621367641799     
   130.42944447275170        267.66631572680143        60.062558650490303     
   126.27776604961650        275.16059205781579        60.045874225123498     
   120.86403158988071        282.13262118531452        61.462716073265113     
   113.55462465870858        290.50692269041008        61.491721138184232     
   105.55206964333644        294.81400110080665        57.495925872897146     
   96.556941661792337        293.40189355372149        55.540896984776793     
   85.392738888232316        297.37853001769128        52.600944116171462     
   74.983017771287450        301.49095759756955        47.294963532353819     
   67.137912061592658        307.65350117333873        46.316264698198637     
   63.062537896555938        315.25698626624234        48.475942047876657     
   63.285364360493219        321.63679596923805        54.896296984882383     
   70.627442376184604        327.81314009379037        58.573113562407798     
   78.306948283519603        324.51248862388871        61.694359622327909     
   83.892725241382493        321.07779261178081        65.793060767479858     
   90.205210467921063        313.85571915586252        68.617274887730105     
   96.725339915134498        310.19593645505859        73.833254687636156     
