  0.26995372944764995        1.3193299444659843        2.3124345297476907     
  -6.1402567997899951        1.7717634183219033        10.609629122683543     
  -13.853174928326354      -0.18687123907763947        16.347328593528744     
  -21.871925758502584       -1.4023366571219853        20.556309787853223     
  -29.548848229423271       -2.3477364971409358        25.107393528435040     
  -39.950657514529496       -1.4696642082560487        24.741090200216803     
  -46.380285852835186       -7.9363445435596773        25.718960492741530     
  -47.333347176225317       -7.8817236666555175        35.579241630879068     
  -44.636173139291458       -10.041809467071225        42.613803009283117     
  -40.485357940804363       -11.498441908501292        50.522022853096360     
  -31.549726751080215       -13.578036896972073        53.661934100546446     
  -25.284372631746180       -10.503282843652542        57.336775372349010     
  -21.551598730786736       -7.8461453189895423        65.508464772220094     
  -16.005119769205891       -3.3964701064675609        72.783933010968198     
  -12.233960977561225       -1.2126392701282782        82.950386509096560     
  -16.844824458025215        3.7418775934198862        90.523360367920247     
  -23.802165087695499        10.162358551693195        95.661723041428587     
  -31.347138782294167        14.418261905328947        100.64997070096307     
  -38.040160802187444        16.343103667221172        107.71326608359334     
  -39.782408135648126        22.851970646769935        115.54518246767745     
  -42.693465626009356        32.747534714000750        115.82944258665037     
  -44.695304123138243        41.104843329662884        110.24529088710688     
  -46.514703408003584        48.485945032564459        104.56800536147000     
  -42.087387918666963        55.711127830298565        98.931740860246407     
  -37.778605798120907        63.520873874887300        96.214166451671147     
  -35.843882108709863        69.069605006530068        87.937198219523282     
  -40.215092448395609        70.613662050291580        79.451566453260398     
  -46.858401811634366        74.907699500825757        77.084917965004479     
  -56.676229600620587        77.376738381737667        77.998537320446800     
  -66.185858075393270        75.549284161577930        81.343653039196866     
  -74.687000343246012        75.343870729444220        85.003963763130855     
  -83.059341425339085        75.572303167724954        86.925871707098011     
  -90.657603820350772        75.191843448970218        91.855145179639123     
  -98.344650004295062        74.391703002368772        97.972987761907561     
  -103.78323128365386        80.438175690742270        101.59815878750048     
  -111.14181684251847        88.405212416779165        101.37771221101536     
  -118.81320658756221        93.682998070929443        102.76754136399272     
  -125.76099355248269        100.71820130478289        101.17718317363592     
  -127.92140799948990        112.44102070943148        99.066233057459684     
  -121.51342512579168        114.87398220358207        94.292334966022722     
  -112.95261032687225        117.49824872629841        87.524925677572384     
  -108.49702627640798        117.16431842184437        81.605686222782964     
  -103.35872310675833        111.23484489005997        76.802977533264325     
  -100.85926680934151        101.99740997539345        75.298306828382991     
  -105.65298105702431        92.973804477461812        76.543602023652966     
  -112.47374131393028        91.224651956478169        79.858982463939967     
  -120.35160356019765        89.477713891486957        86.870563438017456     
  -129.28500497675824        86.464997132141235        90.375423304086951     
  -138.87281035922868        89.421471331683790        92.494887889178983     
  -148.63940760526526        89.947829533431275        87.716389127246600     
  -156.27403569513967        86.084381188236591        85.094291065766981     
  -159.57113429270387        80.669178124927669        82.216811557593772     
  -160.55181950605112        74.702751064645071        80.333478291370156     
  -159.74952787061832        68.895601186060304        84.058808515247449     
  -163.19255086157790        59.639960984559977        89.582726309641387     
  -162.19576219162883        50.733950293694292        89.520890803472142     
  -161.55898056712874        41.615075777278705        93.754448025990087     
  -163.70694490175333        34.521645548106321        103.16127107587032     
  -170.77354702771180        26.505896037454391        106.57931688033216     
  -172.38392553935148        19.687819852865680        105.42265772873360     
  -176.74425391614182        12.969011490388681        102.08064115551601     
  -175.64010027467725        7.7153032332353959        94.312685325430834     
  -178.89401378413595        1.7481784845108450        90.743800468726846     
  -179.47454167546877       -6.7894677178701954        84.236966301065777     
  -179.59636197764451       -15.588971431959493        82.093771227800261     
  -181.15541830711754       -28.056396619015224        78.560013751442384     
  -183.51032959641151       -35.179818258837152        75.011541898097263     
  -185.29677293048942       -43.632612526258661        71.684773303047194     
  -184.19568428532062       -51.482732121137040        73.638107244938070     
  -187.03290705192546       -60.309819875840354        75.183633400225048     
  -185.34383478027252       -70.821063010043559        75.563862268279934     
  -178.65570013136704       -73.987702624952703        70.266623283519081     
  -170.59796998917673       -72.971019887619349        67.677219085726719     
  -163.64881199497114       -72.286869385899124        62.052465471340128     
  -160.59611674912992       -77.688613299109647        57.203935244044715     
  -151.92435077943497       -78.464567078663720        50.293562204334592     
  -146.55832022188770       -79.347783138265811        45.237650252548463     
  -142.76099910683058       -79.837990267830065        37.573708899410548     
  -141.61940562958029       -74.769719671199056        29.646224368971275     
  -139.01646084852112       -69.601955317107439        23.688493406662303     
  -136.47463237023015       -63.100963102383076        14.010335682332567     
  -136.06434508486916       -54.399942657715769        5.0713693898242411     
  -132.93698870940426       -47.359587855403355       -2.4265829805274279     
  -128.94189980577056       -42.148475941827641       -10.216414931133272     
  -121.88611810831807       -41.608685914439548       -18.062745266101558     
  -113.52983628712340       -40.087341216613105       -18.269359329338982     
  -105.30873006022441       -38.137153799111438       -15.719193820374556     
  -96.366400795129181       -35.283308459642669       -12.476213475173353     
  -86.850457242491501       -34.253538826941309       -11.405983058635286     
  -77.689533027025078       -31.359711354627677       -7.2090379168229504     
  -68.611147171332306       -29.231091055049372      -0.62878793777684905     
  -63.236820441663156       -25.943403017058987        5.1592776133574034     
  -59.223112641258410       -20.499352333788153        11.614302380435248     
  -53.753759671662436       -15.038715538606837        16.424646898501777     
  -49.020319079855824       -8.4940746972395473        19.283908454841509     
  -42.605533253705175       0.17392244087152164        15.028412470097209     
  -39.361203583335168        8.0556556697573711        13.238147908476691     
  -34.882739445212962        15.752653812318286        7.4939436568162989     
  -42.676793286537304        22.687723233617703        9.5845602367061531     
  -51.173843492688462        26.275100204154000        12.691751714126013     
  -59.573334901195381        30.063528825047982        16.765746002749609     
  -68.343225131110472        32.056794881188623        18.790505144179491     
  -74.557796107978078        41.730112533206366        16.492162153064697     
  -70.929890994060969        49.834736901049212        8.4073077304804258     
  -66.032820291071914        59.400069355328426        11.898439955037730     
  -64.559750608717707        67.429620080379166        17.644763233072808     
  -64.288870977869209        76.388681373572538        22.925466743852979     
  -61.258158799808825        84.201679439319122        29.468690532634923     
  -61.938011194939406        88.671640746024053        36.767096558602731     
  -59.955701588173440        93.442333408726199        44.358931132865251     
  -51.924707037997052        92.416135057015339        53.786040609889710     
  -41.802417698083985        94.066550575860362        58.416019582191794     
  -45.433834839785277        101.22041219963938        60.792996057420552     
  -53.312763587018367        107.33909292361966        63.494237310169595     
  -56.927142170406768        114.47896109301226        70.891886446541960     
  -55.660972653132944        120.49491421821480        76.852247863147198     
  -54.815232258037298        123.64613189850488        84.334912452854596     
  -53.396299095095856        129.11428397682030        92.606263771729203     
  -50.136198327459169        136.00883318013598        95.603230008382226     
  -44.986422966781959        140.68876736653633        100.16383619330149     
  -39.689151424797728        143.52327914277328        107.04386068735388     
  -40.329197028138509        146.56864512520602        112.95489038963289     
  -40.533361594649506        148.07684029740679        121.30321239949627     
  -45.917371896624388        147.18926118954528        130.94633558238820     
  -47.758808733454032        152.04500178997620        137.24333798854829     
  -49.613036012854366        160.30577275175645        139.36728866277190     
  -50.233248379780804        173.18077960375405        141.35369383204289     
  -48.377884297400527        178.87363949704493        148.19959307480468     
  -42.974194474559823        184.73283080841748        156.15680512950945     
  -35.229415154711432        186.14673842818658        164.25338654862031     
  -27.433693085497538        187.48622601554180        170.60179536391456     
  -24.081145420226335        187.03104757558376        178.33426610344338     
  -24.716034875827091        185.25102016500591        188.42237698671116     
  -19.908286222582120        185.35424397109992        199.02094187085390     
  -15.989164445527877        180.75317595249331        207.40048577646149     
  -15.196192708384217        176.96980247858212        216.64356963971352     
  -9.5677941279210472        172.57446410991292        221.48672827537655     
  -2.3225936700047214        165.27141856346358        227.78473833269209     
   2.6702611286974616        156.54811926639985        229.37760180466282     
   2.0408229629843504        148.55414706246580        237.06323497442821     
  -3.7409017272026404        144.50336328671307        244.02221193708647     
  -7.0251610338916635        138.49206179542028        252.96737076101260     
  -7.4158714421018033        135.17146450537314        260.23311709931551     
  -4.9076702112231203        128.92150245957163        267.64536660081609     
  -4.6568197918881253        122.32952806608003        271.02555711013775     
  -9.7378358401059870        117.08296383473663        276.87669398477601     
  -12.632364126006905        110.46784193943077        284.28882502015324     
  -5.4232573848896379        106.06341655968876        292.78289568784623     
   1.6829819211190511        107.99806020399063        299.31258871416981     
   10.074153205607388        100.91071045305765        303.85315332904992     
   15.433933689681965        96.116057135855414        309.40494567858622     
   21.977658553160836        91.876282555518287        312.69756631654036     
   29.166540409376296        93.643208106877523        316.35905557941555     
   38.540455811753588        97.137802877728461        319.20675213785955     
   45.883047447331705        100.20757917842411        323.94889693380071     
   55.813318047065877        104.18724609475913        329.08392600909497     
   60.320652418147461        103.60432934776640        338.17074463713493     
   65.702771458749112        97.548617758606071        346.86399598483683     
   69.545874855470970        88.764764595232975        349.65650423553575     
   67.232398934539333        81.584673764744636        355.54498574674494     
   59.851041346176032        79.052481814141743        362.16680241829135     
   54.654466543870910        77.724369798467791        371.62304674132122     
   50.231796649415060        72.400326414647708        380.15376857578082     
   46.607947565320615        65.500474937396973        381.33294691110461     
   42.946536294716623        58.579366202191480        382.23609583720611     
   43.056928056147285        49.330218283736016        381.31411247101812     
   49.535861283349782        41.250983662466190        381.28872213157842     
   59.434690773604594        38.263478321051423        382.61897280410318     
   69.430670143236711        34.775298225529269        383.50220200534278     
   79.640027475909903        33.346824930610815        384.00127712511585     
   88.896146616653397        33.617972407867676        385.39813386563981     
   95.845471410184018        26.781708115430639        384.65391736633978     
   105.30696003505169        23.453783142308794        379.04506497569776     
   112.29708608638853        24.446380946053239        373.25204568874534     
   118.04092706541870        26.266718877322461        365.89421518527791     
   123.22200951606075        22.903210891537846        359.81792157305256     
   126.37645953489182        24.891502020924626        352.10594430330269     
   133.38030118595506        25.207365926676104        343.91966597309062     
   139.96380503622069        28.631333531272269        337.59262609910945     
   143.49861051972402        30.137708085276504        328.76180474712828     
   150.85621438674792        31.040978299050401        318.82928401040283     
   156.36208092166089        27.854583368827456        312.16492172945527     
   153.98120145135590        22.566500986761859        304.65513970446932     
   153.72718777063650        15.182998744673831        301.82149915609858     
   157.39942982018462        8.8318403981993647        293.55920177208344     
   158.72572170474757        1.4984176585304780        289.31671833728007     
   159.25089501854953       -6.9805197670482251        285.41961875119495     
   160.39639362720621       -16.281953040426657        282.68151954782394     
   157.26712417340300       -23.980856672320368        278.90934710715737     
   151.39954754804447       -28.544972560699414        274.55614530217974     
   149.53812674972767       -33.740745634361318        264.60749802163411     
   153.65633178314857       -30.519086496964988        254.46647186175488     
   155.57898614432381       -25.683491449320186        246.45936301571828     
   159.74902360880321       -23.173759795517277        238.04173688476820     
   167.01398280851313       -19.605667632663135        237.89109063629985     
   175.21332153445283       -18.597101872318799        243.01181041876191     
   181.91000480664479       -22.008759612101539        245.04350039018769     
   189.25818878255728       -25.406735698862043        245.48553506258227     
   196.32484245815309       -29.708489348566470        250.78533913999948     
   202.78077797810363       -35.680301287323928        250.76209500952069     
