   3.4992346149934406        3.9659144979377032       0.28041740047720509     
   6.6671950642463571       -3.2359353910053414       -8.6991232046513858     
   11.488338130452576       -9.1067445802847402       -16.193139377374365     
   16.445117974556808       -10.214362781068516       -25.165454985277449     
   22.279962052519153       -11.856121902608038       -32.703659987073252     
   25.854635638228814       -9.9033012573523536       -41.336542813272843     
   32.143046498570641       -3.3282275130312371       -43.674848438797710     
   39.797517864761801      -0.46961044962858978       -36.068509833290477     
   42.051884598560349        1.9812189095386827       -29.705930008232826     
   44.955027266401999        7.8876949934633842       -23.160816614377893     
   42.274572594928401        12.916094353370895       -14.111133088090213     
   42.594702535978683        15.373102326027080       -4.7716017152362440     
   48.328191106339887        20.096645345583227       0.15362948219362238     
   53.147898625465871        20.889421528886487        7.2540236867675958     
   58.475314110386620        23.706344781612373        14.462336183898941     
   66.398443106790964        25.438543404689156        18.522796429483236     
   76.478293255557233        29.451527749863914        17.029007810076138     
   85.438523743473723        34.496409536521270        16.748319887585723     
   91.869276268974104        42.255462435277309        16.276640429633858     
   101.34021931210066        41.542918441934518        20.981446876469448     
   109.58216945680036        39.599045352950270        17.647348468790710     
   115.55652403940601        39.283686543518400        8.2065234224029950     
   121.74200253612480        39.813054781538369        1.0116990820136209     
   129.78695432390995        37.400045611958461       -2.3919133725520112     
   136.77543870158541        32.848797362483054       -6.3797667049539655     
   142.04790187531046        32.445209165550878       -15.519196062311892     
   144.19383221672626        35.871704964746456       -24.985079936591148     
   153.02455633312982        39.792124074308646       -30.206040564153824     
   160.61392435003251        44.457492837905647       -31.222822415509654     
   167.78688664768441        50.765180329113861       -33.518051930685516     
   174.31343726349235        57.395381802947384       -36.212171939271457     
   178.26736414517777        60.474370142214298       -43.219044261536396     
   184.81846329136064        65.685304322025843       -48.092122529257324     
   188.66654124611597        69.849448868413646       -55.618937624528570     
   186.12440229951287        69.881905432416403       -66.193113623279132     
   179.37853644028189        72.914502199050077       -70.341543879845247     
   176.94095320601920        79.122224573193279       -79.309973765238482     
   171.23903943590068        85.809409279360779       -83.051737714266835     
   164.15058594962895        92.867501267500273       -86.088572766579574     
   156.74320606637670        90.903392868216230       -85.210252364011396     
   146.18194254309276        92.255665330296296       -84.227762799594160     
   138.34553465228709        90.886876729408328       -80.389910092813381     
   135.63707879459213        89.227988345493486       -71.619204504140583     
   138.72826905358806        90.479244932490957       -61.584712824615849     
   142.73518499974585        94.868521975436465       -54.658391939548409     
   150.31003065498322        99.941035286594939       -55.032182957006796     
   157.88995699871248        101.48250652674304       -55.589734215225121     
   168.19543613354918        104.44649018687556       -53.540226054285398     
   176.84096203615695        107.80668238334204       -58.109409629025038     
   182.21069577305144        117.08917998028173       -62.511614174563022     
   181.69581448351983        126.39267074391213       -58.871885768619364     
   177.50656875807562        133.24294011222875       -61.843694536532411     
   171.41129765407516        138.21485169868473       -66.830363529429079     
   166.23743580081381        144.67575878321964       -64.873448974055577     
   160.54953885012679        153.73527722025608       -63.478080450650893     
   153.39410981721244        156.64724502927834       -65.902382556879076     
   145.41484567938699        161.73061153126793       -68.775720835429269     
   135.42324306013202        168.03182237421345       -67.100864552731224     
   130.17744869141691        175.98117826249836       -65.934701167781810     
   125.03203945077270        180.86655524288494       -70.323093974752638     
   123.00381727456771        185.47017996502768       -76.237266713938567     
   126.93815130275226        188.31486862125109       -84.100434676684600     
   129.34666503489944        193.38624323260228       -90.849548782185224     
   133.45246478852383        198.61535258796965       -98.971907319776321     
   130.50848873756149        202.77837282045846       -106.48099423144787     
   125.17672221766361        210.23256686352653       -113.11273365879680     
   122.68807790123432        216.31053374437681       -120.63464963522840     
   119.51776070046142        222.00680705593211       -128.10816655376749     
   111.23601361814269        224.08499266085218       -131.08842920875210     
   101.46619450836062        226.92275714223823       -132.56111960515651     
   94.974450017055986        225.88961080142067       -139.87124599654331     
   94.471141035123395        220.66732019465880       -148.40802934785594     
   91.963702657160525        213.75016793528451       -154.47793111996978     
   88.803263823239433        209.92949858143388       -162.46019942579710     
   82.140737245883329        210.68748835475694       -168.92908440447090     
   72.966724751519635        205.46652304568730       -173.22844854591307     
   66.657398574819510        202.36685858528094       -173.55833998824940     
   59.650665598375745        200.26613340039958       -177.19772210199821     
   54.709256057392871        195.00357098621933       -184.91077026203430     
   54.575405195594321        188.70793060464152       -188.55391791131387     
   55.185255403144218        186.89888081282632       -199.06811999808664     
   61.891231263563718        181.70187921766458       -206.98539796432266     
   65.484459853635300        175.64850980900090       -213.64910991898640     
   67.982114880953191        170.80710561330372       -220.36048323545296     
   71.854570335174927        165.65731463736003       -227.95360012871339     
   73.796604151740439        157.21825384759444       -232.56392119417430     
   77.266582768775535        148.84108046915901       -234.89415280419288     
   83.903435427906516        139.87625425158450       -234.68819787845916     
   85.969280043764741        129.91089558182830       -234.57374994965781     
   91.856071516810033        124.03174228262165       -229.38390062524132     
   96.854753366778169        119.65680950319157       -222.45446565377947     
   102.27749058228648        118.99033619115707       -213.98319320619885     
   104.87217085723584        119.02577883335536       -203.40128813752673     
   106.01566631012936        117.57340759661466       -193.42166982682519     
   106.07726482661570        116.40417348485701       -185.16670340453126     
   110.87068458708393        120.14151196337968       -176.68063510631399     
   113.15373846298024        124.13061326758202       -169.65307571375712     
   117.25256273267264        127.69050128443661       -164.37163549166647     
   119.88620794221519        136.08177370875615       -165.31787879328451     
   118.02820417434312        143.48863086022308       -166.27831809321930     
   113.04013624035667        152.26110852120669       -170.56466972427850     
   110.45200317539009        159.82252862247665       -173.11551119866502     
   115.22424658281486        167.33292575194778       -180.59997166377372     
   118.72615430498067        175.01832626302954       -187.13564351326076     
   124.59226885130910        184.06388736204619       -189.75657186672925     
   129.34615629761436        190.40712590453583       -191.24347682271144     
   133.47970231421809        201.40395222612696       -189.60930091186921     
   139.78029414290728        207.03052029297541       -185.83302119953356     
   143.36380527049974        208.26546127376875       -178.57578737598581     
   146.66189978790300        208.08742380954490       -170.49069130719246     
   155.25097043072012        206.53174217506071       -161.74439198679718     
   162.84868703439574        201.42552231333494       -157.08914335821447     
   160.93215185852807        198.28088544965416       -149.34795787203407     
   163.35439113615544        192.35591087477505       -140.57239966001478     
   173.04669961552725        195.21549133656160       -133.91741606749682     
   179.31511248808371        195.66990692233722       -129.80721925369193     
   184.05580983961076        194.46554199962654       -121.75078314732393     
   187.61250261340695        192.80319048169346       -114.30556619136073     
   188.32305942510965        185.43887090910218       -107.84143133643315     
   191.90172269447646        177.79064970097957       -103.95927339410534     
   191.27914248466129        168.86591998890546       -101.38011593730779     
   187.65365582533727        163.95361041749214       -97.288561789758219     
   179.86106767850467        160.57609598749048       -97.374922053129922     
   170.41221695806900        159.52625205976852       -99.662308835329242     
   161.68590103998596        159.56525112720715       -98.325384749840524     
   153.19644664441950        158.43612566436096       -96.697407138199964     
   144.47483518574845        159.69698850280741       -91.538032491029654     
   139.29738091022665        161.24339873373000       -85.171188922104946     
   137.55313060103961        161.62850988721206       -75.830085965176394     
   134.13752191084271        156.09982696565243       -68.217375680609521     
   128.73473858972523        152.64068037177651       -62.920360869245862     
   128.77211242060730        149.46787657851101       -53.632706227608445     
   123.58726115328697        142.26620403729970       -50.280800986701784     
   118.85069386470283        135.64424598664161       -42.650695488797616     
   118.46480839904395        125.92919273040238       -38.629640588896159     
   121.05361253863661        114.86644966818071       -42.198846745764534     
   123.71996989316004        107.34184825542278       -43.505286739273849     
   131.71160881393862        97.239872651569073       -44.346843644509697     
   141.12178997989179        95.917432206633691       -46.424611643995568     
   147.20138201436706        97.159685450139875       -52.426680652343201     
   151.39142565900002        101.25877736191177       -58.776157096946257     
   162.99973875767597        102.42437462948669       -61.457228372831786     
   171.04276561650249        102.79644643730762       -65.020929610324274     
   180.90047697199338        101.47249949039036       -65.892207724683800     
   185.77772138527294        97.743343298008654       -67.221525915691956     
   193.66074288774178        95.521573817991083       -71.326502859051132     
   202.45351552200131        91.953132441887249       -77.560328898824977     
   208.59149713005189        85.824933438192886       -82.330238634816922     
   210.89016774100742        77.472055984717599       -87.388061330657905     
   219.59512106991102        69.378357861937701       -90.551556261626104     
   225.60657851801392        66.028618885357247       -98.816713871503808     
   229.09084530705894        61.331935742288380       -105.02229332743288     
   231.91114719388156        52.256279669863233       -107.61241754352018     
   239.04511672827797        42.212580525893372       -110.62636248230808     
   244.69576284374185        37.210701415170263       -115.30179673592674     
   252.96699560777645        33.608990421660309       -122.22824951211098     
   260.46694573757406        29.795526762229112       -129.60900760040963     
   267.66410049347263        25.308388774921962       -133.32273178969191     
   275.59937887287055        22.764279805710654       -139.32030870263893     
   280.40546520454308        20.283623673221225       -147.93433583060443     
   282.23643165352979        10.683826988645318       -155.13861732136345     
   284.63332613790595        1.1338703041633493       -155.69543125749226     
   284.64049945352281       -10.410932699310866       -161.20469410971387     
   287.28922883375759       -14.973181482051107       -167.68666987465426     
   290.58379102604971       -17.198383925702551       -174.39932870849483     
   297.77906139107768       -20.058152269023189       -178.82862134617559     
   303.19716291123990       -27.292498296990292       -180.68534864940901     
   310.91490593763717       -32.665502313052649       -179.84562353056589     
   319.79166709022275       -37.421177344340279       -179.01520311648116     
   326.96844512435013       -43.420202632898494       -176.56837003875449     
   334.53591372549994       -48.364012467757711       -181.07080815065837     
   335.05066268148806       -56.541895488556023       -184.05969864929168     
   337.49237462102133       -65.282873433056380       -186.77373229783274     
   344.73538727431355       -73.507988195167428       -187.15054510413006     
   351.25446080561142       -78.223184537556079       -181.87948588231109     
   358.35094407053174       -80.459546666871759       -175.72630610642685     
   364.11461368868714       -74.944687018442579       -171.55636392900288     
   368.20861198365327       -68.741106976503502       -163.79198026964144     
   374.28680653270544       -60.859669910135594       -163.38263993290812     
   383.10683266643196       -56.366583816794169       -162.90743286473642     
   390.08863702321270       -51.218258453168424       -156.54226202880221     
   394.69707041355650       -47.976198929255027       -149.63876658994508     
   399.93821802038002       -49.732750737794845       -143.67801120107234     
   403.42427619896409       -54.866590952991203       -136.66106545853688     
   406.02992914659643       -60.759768705662395       -130.06684614873328     
   408.37475170503296       -67.551337666138991       -124.65670681748955     
   407.08168577955570       -73.027598447347629       -117.87250419869042     
   408.22389013232208       -78.460860296743633       -108.74457489016720     
   412.54842538995280       -78.638867002650485       -100.71471083300047     
   419.97039225254019       -83.242306799742948       -96.971300707070469     
   426.06153998315472       -84.116071146233708       -91.315713418231724     
   434.18067981179377       -78.500331178104133       -87.361196938697262     
   443.12797412855417       -76.823016029336969       -83.931274494453234     
   449.89027328438164       -77.146003639680600       -77.222283491027355     
   449.33542298040913       -77.426595870673907       -67.530936173119457     
   442.99424305582102       -83.467059804111273       -60.951344293016817     
   434.60850758060940       -86.181182073223425       -60.271878530393373     
   424.32461540416784       -90.808983097062963       -59.764931892119279     
   416.66488542077354       -92.389872071345593       -57.264453274628508     
   412.62188540100595       -94.376300160342566       -48.273533002846975     
