   3.2759436768646992        5.3075270801711554        4.1232650513315861     
  -1.8744035706741897      -0.76256961426719272        8.5088915233338440     
  -10.543164228254966       -7.5745751719976795        11.354718471358261     
  -21.123615157642575       -13.443898847635580        12.885715260345336     
  -29.598142541179186       -15.423903586110413        15.330781422318189     
  -36.663237447691131       -16.603241654076555        21.447469651148658     
  -44.157965433811739       -14.687399524855579        24.399381993719260     
  -52.871249659686242       -8.7109290235970320        23.900256985685445     
  -58.531826708249355       -1.9517542227875424        25.399461125193028     
  -62.326162592759601        5.1494444197235225        30.511263288284489     
  -65.551537087735795        14.355059560791346        36.794928140944393     
  -65.304988141238141        22.760508872654555        39.451833642256013     
  -67.789274818177631        30.971466735627700        36.835639355886563     
  -67.332099346043691        39.518343121803980        36.165227891559802     
  -65.763514231940491        47.957472233726207        37.899602635520452     
  -60.683862140504004        55.269418094444887        37.616062236880481     
  -56.985693190759008        63.972141028703987        32.991770458910722     
  -54.126948368295729        72.959111260406132        33.955130670185184     
  -51.563696200515523        81.328314533620755        34.313907680092612     
  -45.403582387425161        89.064975556590809        30.796293348287143     
  -44.357329774539693        97.282669827991242        22.940629510492478     
  -47.573523552653825        101.66310783541041        13.428450023348006     
  -47.711808327264293        105.14884552760694        6.2917204192325045     
  -42.489375191920487        106.05608791158750      -0.24404028199035110     
  -39.679532031083454        109.20178104336242       -7.1929587096317817     
  -44.567548250923380        107.62304580910956       -14.866139703930912     
  -52.427409295002718        100.74363836783135       -18.812773346450655     
  -59.885492192969480        101.14702278551417       -25.036466478044531     
  -62.352916524615239        108.69716344196445       -29.788774100699769     
  -67.510364889843117        116.07377256247605       -33.724857481525234     
  -65.028906640529925        124.47245828457778       -39.235106411477204     
  -60.459747288176203        132.59239091773964       -42.517480871342869     
  -56.333933505345954        142.69009865245988       -46.731962236882168     
  -49.409877476952488        149.51915832906906       -48.500327820316244     
  -40.471150242490523        149.45254789545737       -49.872670594239139     
  -33.342326577049676        142.75194607494836       -52.549580066220926     
  -22.845984672156135        143.00715947023463       -53.876238487346924     
  -15.033277402144165        141.63539340427212       -59.197039212791793     
  -7.9417231338196643        138.08063630466728       -64.473444988493156     
  -7.4264956167281753        130.74095576385253       -68.580380717051753     
  -8.5559421073289741        125.05893733904588       -76.900032841973228     
  -14.477725384115217        122.98512708850791       -80.200421103806349     
  -20.620686471124088        127.72691858312959       -85.761877011079235     
  -29.360373683293858        134.73459962402717       -84.956507708507615     
  -31.945046646044659        144.10588400892954       -87.010551891646600     
  -28.236899382221907        149.76235675011509       -80.327081467816100     
  -30.697317795820823        154.97070329662648       -72.530893572958973     
  -34.916950122571279        163.99185787227862       -69.778084572728545     
  -36.368670717211444        172.76516427032203       -65.718074808318306     
  -32.957935090691990        182.35858970933828       -66.446819950568027     
  -27.376422682310192        186.73404972743947       -75.644763227913216     
  -21.028596161092253        185.19234654473399       -80.433586017262229     
  -14.339244407166461        179.53278230674442       -81.575707909401814     
  -8.5585950915928493        177.68201109537131       -87.821286731867559     
  0.45978334844068058        174.87088645544617       -91.549357454897489     
   2.8631115728508121        166.62108576278564       -90.566039326021240     
   7.5105280441651416        161.60659260187231       -90.270039650320598     
   13.881398774457182        153.38685823478687       -95.559259617375744     
   17.140707766678815        145.61978596221167       -98.082240966263129     
   17.153632114632615        139.12243043618673       -98.738097572802928     
   14.623668072405053        131.06258763253214       -99.675493718588541     
   9.5566915161643919        122.03088892584702       -98.533121355521132     
   7.7586673988217854        110.28465398891780       -96.302182017665558     
   3.6873722826160247        101.95430502525332       -95.189736554075438     
  0.27403286470689636        94.806597447364567       -99.283373763967177     
  -1.2882845238201526        87.170058847070379       -107.56487504139449     
  -2.6177374694765376        77.086235100272347       -107.60889405361985     
  -4.8220484913107953        68.702608075162289       -107.65092444527164     
  -9.0321918317994800        60.384950461556002       -109.38452204564808     
  -11.734187036836261        51.784004909810051       -113.24467984715815     
  -13.222752128614957        42.590112836285840       -115.87839686818205     
  -19.140637151967155        36.008028547267003       -118.04812941521240     
  -26.763542148418196        33.312084148273215       -120.16904329601692     
  -34.683387195347677        31.901999918796179       -120.25967351107607     
  -41.477290022276520        29.155450314028599       -121.81921976237948     
  -50.093860882220639        26.080942736061843       -125.59850044808042     
  -55.540017060427004        21.061678379696048       -129.18366231379073     
  -60.896672469344793        13.461783377585732       -130.63612781436601     
  -69.849085557104814        7.3244389169569502       -131.00508539665634     
  -77.711252227217301        6.1352824448736385       -130.26391416981465     
  -82.946706160645221       -3.9225579475701124       -126.13009652316578     
  -79.232234692046291       -8.9050004698079022       -118.32800836560560     
  -75.271500666847658       -6.9857497539437929       -108.89108369268379     
  -71.587827974411198       -8.4586538389119710       -100.80442196226110     
  -67.930965486038048       -8.4896646385566044       -92.421095691438580     
  -63.917036957343527       -4.9505063466109505       -84.755104411310782     
  -61.890774837558297      -0.18422028006298774       -77.702678575912643     
  -59.108466249105277        8.9160289193181939       -74.813245673562477     
  -56.422139897550352        19.318418031102993       -70.997329209937902     
  -56.123658645183127        30.732763637896028       -67.076432012384942     
  -56.899339420319421        37.010212649677612       -62.585784575015936     
  -61.646504779841649        45.109817015200349       -61.446749751049254     
  -68.380210047566038        53.353766766774527       -56.709243485126478     
  -74.342105448636914        59.727397379284326       -50.412341139237753     
  -78.610491616291199        62.177729379609275       -46.687891970020047     
  -80.885420096281479        72.357225494862831       -42.818132615203282     
  -78.726574647662460        79.604162721624391       -38.485657928519728     
  -74.860277024210831        87.128900357189025       -36.529079511541255     
  -77.100942271973395        94.644170162572379       -37.350846810716050     
  -82.174486141313338        101.53848844850100       -38.070135416671775     
  -86.740411805503413        106.05548571676610       -45.008365596543484     
  -91.284834198561612        103.45013364180733       -53.511229840305290     
  -95.797199869167031        107.26436051840665       -60.045318770437774     
  -99.680877528958575        115.01905046171277       -61.751344426739820     
  -100.24377393265993        125.89307613538392       -63.968950679496601     
  -94.114105440241076        132.85368591876545       -63.239044470149622     
  -91.087498897868670        142.59225350081363       -60.539751588161295     
  -88.711882790448897        148.60397013264293       -57.129112589885750     
  -87.838405775497648        152.23405795727376       -49.203274952052070     
  -85.242905238917047        155.28464791769392       -40.733682668629498     
  -84.901755368910273        157.45976220575221       -31.055770468137553     
  -83.321796693240458        156.42190043709269       -22.116180880944100     
  -83.017689094749699        149.35563946588064       -18.616690500473169     
  -82.922631208244610        140.27703222893302       -13.374977475233109     
  -80.384592671292296        138.42184046958022       -2.9306996824234801     
  -78.042028531697866        136.30766229629563        6.7260080580931998     
  -74.469392636683295        134.58426684718501        15.766042914988773     
  -71.536669686157410        126.52906364991696        22.314651834894505     
  -69.767578374690345        116.09490161226142        26.303098083527928     
  -64.719104124004929        109.26678170393058        28.465537101996674     
  -61.064462060322342        102.36996185631020        33.006537078898560     
  -61.267971225011877        100.15374508243130        42.124302894210075     
  -64.382378743517563        96.428884287661617        49.414339762855754     
  -70.529469158545055        91.864562080868211        53.668867780610356     
  -73.240740251045537        86.855983901462906        60.214994254161191     
  -73.811771730082853        79.599979217466966        66.569188399145048     
  -69.944166877050776        76.195097767847756        74.429917934952215     
  -63.210669341680159        71.694766237680682        79.596113772318731     
  -53.559844777550154        71.211834738238025        81.385472728912447     
  -50.519767396577151        64.570559578098681        88.981736537612704     
  -47.784761994189466        59.825204054398370        96.368680547181157     
  -48.210056770572891        58.999579426851369        106.05742844021022     
  -48.134816506223956        60.448340047732842        114.85555643430020     
  -43.156012309888013        61.113459911169173        122.75096039091090     
  -40.575957025556306        61.241004045922026        132.06576306760346     
  -39.490797732884118        54.007727885514285        140.25289612506512     
  -36.982021359632540        51.069323586672468        146.47423867187396     
  -30.625652064713332        50.452334640323031        157.53975762007707     
  -22.150256367194114        50.024761660025334        164.48892769331857     
  -17.182406812821622        43.658392836101584        169.65969001137796     
  -13.188162050609659        36.525114451503882        175.76396350447021     
  -4.0763390855830117        35.540446699647632        183.59216987656251     
 -0.55798377762931417        30.691534605592228        191.62636708195888     
   4.1238813535503063        24.454505700906839        196.90379562128132     
   8.2136554297526381        21.087674768937735        201.65084681317461     
   10.413441091183078        22.585948424199604        210.95903818360028     
   14.808452846879963        24.298320833424288        221.73257173198027     
   21.687351963943119        25.396117645437005        229.81317863604707     
   31.882719129286162        26.176580023112525        236.50717236027478     
   36.383299312777240        24.874223546594227        246.31117458331622     
   41.540856262619286        19.036597534931577        255.14602445516081     
   38.419101162771824        12.709615757435971        260.39539142201937     
   35.286267937674950        7.7858482930970627        268.58272170032870     
   30.926214529486462        1.0488026154160814        276.21681579346256     
   30.852975205991246       -3.6899104316584732        283.02080130568390     
   31.366545973839781       -9.4237755894566657        291.96657509150049     
   35.028704562075063       -17.152614035053528        299.04796816147399     
   38.050911586467691       -24.342104432905881        306.41668193512697     
   44.860972463800124       -31.302898973604879        306.49505690308666     
   49.925393343767155       -38.900853209970947        308.35187590979791     
   47.509458871070763       -48.845153302304240        312.04797423509507     
   45.652721557038149       -54.674710359207964        317.22408672120923     
   43.895310130808184       -62.205113132213611        326.54652343529432     
   50.866527451789352       -66.307226076887346        331.39118094802194     
   57.656425341317288       -70.723499371795342        333.04702039603586     
   65.909313713247741       -76.584772402697652        333.85877091842696     
   73.461353158780753       -84.076236332200850        332.54342216814695     
   80.491316188820576       -85.371666799677726        336.92487298430427     
   86.801197139636258       -88.333827490353968        343.00301083390377     
   96.244851837646195       -93.285445826032571        345.96630342647700     
   101.07312018748235       -102.53725421663705        348.08137594483946     
   103.84153022892735       -107.76964452927201        353.50322945914348     
   108.84532271723396       -116.71043123903524        358.15368552817182     
   115.74722934121684       -122.89667848808720        356.75794709470745     
   121.71917328664244       -126.49126012877592        351.18294699557947     
   127.94155987098162       -126.89037756014818        344.82204894636004     
   136.28056144930264       -123.16970831594026        344.00438518260364     
   145.72167635373143       -119.95140917319794        345.89625555418382     
   154.24053935285957       -117.01812724838020        347.32512765088114     
   162.74495194229127       -115.24508033870194        352.00272909534482     
   169.88473753927576       -115.08708692517702        357.26858353497283     
   178.83869994883224       -113.50126759728381        363.09006817867134     
   182.44998433123095       -117.75904115881619        368.93407181513794     
   182.83695922061634       -123.13429734026334        376.49968175946202     
   175.17400503326553       -125.87487557985577        383.19087500716358     
   166.94667647450018       -127.93734035811480        385.03645410356813     
   161.24261640451800       -132.10174370078406        387.06893428503145     
   152.12974363702699       -136.21070398190886        387.27735833321680     
   141.22518522988912       -137.62435583723573        384.53858139272234     
   137.65975107716901       -134.87380805197057        376.12225543064818     
   133.08018311368465       -132.54725058105154        369.40694598299933     
   124.32469348935825       -136.55448713961047        365.38363629339329     
   117.30663410754255       -138.10459293675291        358.94881785629423     
   107.52654376154078       -142.32752516676572        354.38235022388363     
   102.12069138892986       -141.19513554777541        346.15011223580024     
   96.238558496349583       -135.99194963767349        339.14599492243775     
   89.999767919072156       -137.23575765380536        332.39940870795328     
   82.108703291998950       -141.42795898758851        329.35907061153978     
   77.788777046607208       -147.69307732940234        328.03205430476044     
   73.177144349633181       -151.73308791795898        322.47020499859417     
