   1.4651057706695099        4.9641328390622732        6.1518808237596048     
   6.6309500614717081        8.5022616642504261        13.130017762506611     
   14.668446627153514        11.208421510479191        18.608313953992543     
   22.677477040736107        13.762522463882810        25.469204488863653     
   26.800042292310650        17.278752983339722        34.446664739784950     
   31.970826229342094        20.812635255862531        42.555663296665415     
   37.645541351068914        24.628387057489711        46.887505308626302     
   46.805850453570059        27.115240323354442        49.772889635075828     
   55.953307489024979        31.392179670948074        54.641690160074873     
   59.243361489670690        33.825242590236932        63.456469754972211     
   61.890545075848735        34.754738897201008        73.810899617609266     
   62.308645679788526        32.822091959123554        84.365492339772260     
   67.314333994757078        33.889896855132626        89.384165975613016     
   72.925532033476088        34.917668983594233        94.636131762369345     
   78.922530069114202        36.940197208990796        102.26301342212246     
   86.944659921514074        36.154981507147212        108.13116243803671     
   95.177075250865798        43.734659722990315        116.23081896824556     
   100.50632154892266        50.314416592044054        120.52547757423899     
   102.95145613663801        58.572054503434146        122.52017787066673     
   108.27265758294560        65.550371337199181        121.81909829380169     
   113.58672677805103        70.053176336542066        116.69876000107024     
   120.04029022447590        65.800024149184907        110.13467077156960     
   126.43138403549663        64.214983919206588        104.59356674872548     
   134.19397170422315        63.925350698189000        99.824001287476960     
   138.97339147224309        65.112924593934423        95.475242431996591     
   138.64234995065840        57.624161188222892        89.393593659879116     
   136.06748817429670        47.728776594678195        92.859856962733872     
   128.34072077782716        42.901847884245505        91.151483641473490     
   125.37826912312735        42.745250391327403        83.146352622340117     
   122.16534088490995        43.587059367192197        73.235543348579782     
   120.74634433854280        46.576648875232287        62.948388947856799     
   122.44680727825674        53.732883175155294        55.204112970900105     
   121.38180087917551        62.590416492678770        46.873410762622264     
   123.79603737980696        68.314866772737290        37.775278213922221     
   132.77583134986409        70.685522465089477        34.254813832068351     
   141.29277920471694        67.790910268579950        33.496933079575314     
   149.72293485080326        68.761379331144482        31.651610117004800     
   160.97319483353942        71.099611607999805        26.969083703206195     
   165.52412092290996        70.760525816290269        18.496497690846098     
   169.11212172719365        64.909660264482198        11.360381317092610     
   170.84554022814791        63.550271866059141        2.5887853621515262     
   170.64072535337175        63.878733668490909       -4.2596906274506523     
   167.57634589523221        68.517332340832596       -10.292498397948108     
   161.22111587701059        75.458577676192832       -16.712647498937471     
   158.81793205652608        83.884791445476765       -19.878993291407028     
   152.52019901442506        88.218743028863202       -18.267827509077478     
   145.07385458455178        93.730052602256933       -19.331254341949744     
   139.42571574161235        100.60205463018386       -27.074005985488938     
   137.60372409585116        107.08336847173696       -31.763411242880593     
   141.52983213380193        114.31438339926592       -39.706328890971022     
   149.37965114562292        111.78490920856655       -46.403362995528852     
   156.69902773171623        108.13696128692145       -46.635957435202712     
   163.20997447183959        100.62166897417140       -46.590692873868875     
   171.01306021942816        96.993935756055905       -46.548286862523838     
   178.76349556001887        100.20945877294923       -40.781811713920064     
   183.86075633925083        96.429381134219980       -35.108161662414176     
   185.28808897847301        94.355041814205833       -26.877544814166995     
   193.62950176211783        92.079399969663498       -19.497659305130469     
   200.92928000374013        86.774410065405704       -18.267293231311271     
   205.40343500509809        80.506888996101523       -17.211630627002393     
   207.71025513385416        72.033727183183984       -18.404911183823160     
   207.75371990499411        62.595378631629814       -19.978295880142696     
   206.39016378314113        51.069049186639802       -21.769978625255277     
   206.39235380525605        40.365127562220408       -26.860336435952732     
   208.09284868294492        33.529839914131067       -30.477969040571381     
   214.88726872489030        25.822609653375402       -33.272578481353733     
   208.19672966763017        17.876138813480210       -33.970037970351598     
   199.88009944449774        12.865247814622030       -35.040354030155385     
   192.02037126700807        10.694601789939270       -37.551756070973596     
   188.68576890328339        3.6186441299109617       -42.110294064816827     
   182.67768456670152       -2.0654993012023937       -46.975319474683616     
   176.51301516159990       -5.6619737064598183       -54.678286000185778     
   168.36617093693786       -11.167960474639557       -60.710746851761229     
   161.16476210217584       -13.921426238459844       -64.867323837791474     
   155.76086342627923       -19.590725997743476       -67.109712770018248     
   149.18415450795749       -25.166279233329689       -75.273216239854065     
   143.06378587606704       -27.990377652141675       -79.564415328724948     
   135.27988204710394       -34.468953780507007       -77.558020611398717     
   128.90296126599782       -39.810158879315566       -72.583565182280012     
   121.56450187171275       -43.817142681238650       -67.130690779932848     
   120.63327059132732       -54.511878123011499       -65.588944068825668     
   126.42413778900477       -61.224846949266976       -62.719222295690429     
   134.03323566677699       -63.621783593451028       -56.160309491698527     
   138.76971775147319       -68.580862791087583       -49.424825183407961     
   143.99747715322309       -70.925411436059733       -43.107444049075355     
   148.52017358777715       -69.810141645174497       -35.587401456604539     
   154.74864636079749       -73.104789783364936       -31.089512873668170     
   161.96080498923448       -76.492370523778590       -31.363201664794587     
   170.41059659018450       -81.107654792726350       -31.429289965480578     
   181.05969838307027       -85.221149488690742       -28.864823210092837     
   187.23607748804650       -85.936622711482016       -24.021329908337378     
   197.14789785267851       -81.696634011331184       -23.830294837154938     
   205.97243644672599       -74.667485267232621       -20.051671825786570     
   213.29209155791838       -69.559013633367471       -16.371459883308347     
   217.54448551761857       -65.073590646130356       -15.937872585698685     
   227.19681247492164       -65.768055257138400       -17.727812713656803     
   238.17739742949999       -69.838788250225463       -16.184879913617493     
   244.02303460883749       -75.993673659653126       -14.621363360723223     
   250.83682602048120       -79.138237192112911       -18.994712027926724     
   260.25339985737367       -80.190623718649391       -20.370644667833304     
   269.96383257436230       -81.062040500540519       -18.675688974754323     
   275.48026794594284       -85.933644025394841       -20.348843237703278     
   281.78235600572998       -92.836795699082870       -17.190152447075633     
   287.64978884352445       -96.100606828279865       -10.740607947059772     
   293.33302032841664       -102.39946674343850       -5.6421544982985665     
   296.35895039275999       -108.49276677634828        1.5271411275733726     
   303.89421505932376       -110.32883018568251        4.3957647956636379     
   312.94804012616680       -111.77774234886104        10.045912557860447     
   321.85159523381611       -108.04962319687445        11.423228792800217     
   327.56266703481799       -102.03179605883108        7.8356251681824176     
   329.36461913498221       -91.744108448350687        3.8861646085269967     
   331.77375964827115       -81.769903585646631        3.5324650839987584     
   329.17884569017605       -77.621537969616156        9.1659668882057588     
   327.73951258079251       -70.852437530455177        18.429758269191247     
   328.30930708659815       -60.105816815029868        20.952949284220281     
   329.81967935937564       -50.404006448950497        22.120634922965330     
   332.36895968835984       -41.270154665611216        23.888256904021752     
   333.34644192867654       -32.076485486734683        28.809074577980265     
   335.00177483836370       -26.878119428648219        40.080147159854164     
   338.79272121409036       -21.104051674890698        46.594562085753047     
   340.89546574926942       -16.395997056199874        53.502429290950424     
   348.08428305863413       -18.229214541777878        59.180938427817317     
   354.21725302673030       -16.907861497618526        65.296967583473588     
   357.01252101323490       -10.891176196294282        68.963420016097245     
   365.47072693721361       -4.5180159298606100        70.854038000703355     
   371.33807901260025       0.97385439539412744        66.266996380772468     
   371.94306360685027        5.3498950649693171        58.512144755743527     
   372.65070256696913        10.531500446397345        50.553459356049316     
   374.41311448709200        12.304202121747508        41.726269611153086     
   380.91885136825965        9.9917890998015508        35.277542751176938     
   390.30802054779269        6.6646845957035339        33.510218296401305     
   394.73948908289634       -2.6027542281870097        29.165483415463012     
   393.24186384610027       -12.490911650878473        26.914518137939034     
   390.01965302573046       -20.774506243742906        31.730225821596431     
   389.44497144182748       -28.437168529878832        35.307563450720004     
   388.62157899958220       -36.064310577331113        43.505067318513554     
   384.78672902310882       -40.298133481279834        49.149128967980388     
   380.98823286213081       -43.748326253026605        58.061904339594854     
   379.00451362989293       -44.428075519772293        68.259492397789089     
   380.69336669553707       -42.368772660051832        76.482622658096020     
   384.88805945328033       -42.692557610248684        85.047215907970553     
   390.59342285475429       -38.390033801412798        92.825340702848194     
   396.22556138080455       -39.208846657641317        100.72670310418505     
   398.12749291503673       -37.388290991406706        108.81066917355062     
   396.76304375826533       -35.448564056111522        116.24947041483703     
   387.65921532660627       -31.309986692460484        119.58330376041326     
   377.04329982753302       -28.693960569884510        117.49038086486802     
   369.06106511157031       -24.387172917574929        121.11647272300465     
   360.37396198995737       -30.356916071829843        127.51072104800477     
   350.85882803814741       -33.132214355035160        130.92041791973114     
   347.10692316606782       -33.275916291947510        140.81603543803470     
   344.60385493578696       -39.821825472023832        144.78852572617359     
   344.17935572353235       -47.066533998560914        148.35909267484058     
   348.04251196990054       -54.672445274975615        152.96367226329653     
   347.51777505172117       -64.670505513977560        155.41894844829926     
   345.40510645573073       -73.570958117016659        157.50087329420739     
   340.47277033499768       -82.952123733242672        158.16631827545808     
   338.05057285257499       -92.477337089250369        162.62765146857146     
   337.48989208368982       -103.01159176167675        167.37360353446564     
   343.99216731993999       -111.06075750971866        167.75148981716495     
   348.07430704812487       -117.01007835727387        159.79787453110777     
   351.18597512289580       -115.03759204589360        151.83438850515716     
   357.66825205985151       -116.80943532526737        144.82168070230168     
   365.24999256958159       -120.16935528635696        141.71252946704755     
   373.12416142130991       -123.45509045828365        144.89573461219175     
   382.02525482909090       -124.06767690414085        150.31630403071597     
   389.56055189689368       -117.69922934539662        150.47056094076834     
   398.14256912339920       -114.29441437040555        147.69751744049319     
   407.47720532220501       -113.86841861578603        142.26122179730464     
   415.01231874942681       -108.89871432400795        135.41413155789547     
   419.29884992014445       -107.61199206571550        125.93537200752115     
   424.57231163337428       -107.32287785324962        118.06136899454033     
   431.13468281646703       -103.10676378325127        110.32866784888425     
   429.76947182714014       -94.713863594437385        106.01334219734120     
   427.70914583855784       -85.295898960733183        108.70879878246470     
   423.74088119683853       -75.327242051265614        115.24936847863728     
   418.87100602517427       -70.533855858181653        122.25954886639323     
   414.47140971400171       -69.191395684357133        129.34101379176730     
   405.83558657421293       -67.125403830107842        131.71906341718991     
   396.62851777375795       -66.341941671215608        133.68805439837584     
   388.92415642772073       -61.267063043738943        135.77154890828459     
   388.30442913594732       -53.109236130996976        138.86660621639359     
   387.55410528416019       -45.170126899583678        139.72267715251982     
   385.01956202920417       -36.404158950859127        140.24265745147761     
   381.17418233220792       -30.563132469511842        146.87785425527323     
   375.12729485424131       -28.175332898726481        152.96952367135205     
   369.91061953526514       -21.177958237254828        156.82123513535299     
   366.03552863866588       -13.757622413505118        163.81459432655328     
   364.60314496146947       -8.5376449145316826        173.67980475985439     
   368.65354381911186       -7.3032414045848526        183.45504966792015     
   366.86281025115807       -3.2225795956614860        192.04009567847734     
   362.17178654007785       -6.4448947853848040        200.18296855612419     
   363.94425724937344       -8.8215963610877282        207.44351740766024     
   372.61444058939446       -4.5231127096510164        211.61205299634480     
   379.84586554999612       -10.346220344908048        212.67800460344813     
   384.62776207781309       -18.167945653746429        213.53729300346498     
   394.02829419574408       -20.420998897839354        210.20597668777984     
   403.36018993009566       -19.061618307747963        212.54777012225975     
   411.07385829337898       -16.835762586607842        216.98808747701560     
   418.20860596130569       -19.717093277932719        221.39554664599729     
