   8.4675139041353518        7.5349129683742051        2.4124425504770737     
   13.474224608554641        7.9358211589783121       -4.0385336653089636     
   17.256911508521334        2.0994581270501405       -10.451637893764689     
   19.582820583427466       -6.1176203865189205       -16.905200508755918     
   17.189491042854129       -11.619340147376519       -26.160790140645204     
   14.397615752445301       -18.833404553083735       -35.591848703376975     
   10.058331029229587       -26.034715998900445       -39.827786439282079     
   3.0601392170499420       -29.504509712031108       -42.991275318869299     
  -6.3240169343085730       -32.558537331462205       -47.464762087021192     
  -14.227814322126733       -35.145869079674668       -53.512486427124763     
  -21.954589979250180       -39.726348840421238       -59.028153569129316     
  -27.708243960397532       -48.087647366778981       -63.138946836940285     
  -28.879574055118834       -54.147370142527578       -60.743528338474434     
  -35.005646436388346       -58.953190585750505       -57.685245642308431     
  -40.984923442294381       -65.704638483244736       -53.991713222470295     
  -38.006338386600788       -72.470324678157169       -48.813412541872317     
  -32.158474795970449       -79.998488977650084       -41.186847435037365     
  -30.638520508135343       -87.194491735028066       -36.516353949760969     
  -32.443817747881894       -92.506129536506535       -28.726265689236101     
  -32.117036013478526       -91.317205604412948       -22.101482711123197     
  -26.327720147380319       -89.620560817930880       -13.933272349961200     
  -15.021585160761504       -88.584182212135488       -13.398366904075800     
  -9.5459648227722482       -82.172867670654171       -12.179436797889849     
  -5.7118344186335435       -73.871950711029967       -8.8116452412683799     
  -5.1810401629737726       -65.750831945624213       -10.035989760798245     
  -9.5763214929172022       -63.690548273781815       -19.214668590932703     
  -7.0833233124262165       -69.791969427179652       -27.809822759312041     
  -11.814169240648823       -76.322679374432255       -34.077627987862485     
  -19.793244897794978       -71.711158939277880       -38.933194746908057     
  -27.954194017088241       -67.264792246533489       -41.114846898520156     
  -37.641978413974812       -64.877374646228475       -43.034400697041946     
  -46.974663357547939       -60.893402059766970       -38.790023081348977     
  -53.977829392660681       -55.167357218805989       -37.263498272177799     
  -58.636321352915530       -46.911411158867566       -35.498419284368325     
  -57.463991881433344       -39.218230967923944       -33.825314328571537     
  -53.344760491197121       -31.015140316731561       -31.149452406638574     
  -50.968463558329944       -22.047195043402525       -32.274610579367717     
  -50.417219919321411       -10.939751066137148       -35.203119015266822     
  -49.546380101494549       -3.3355956194821204       -39.463134785871134     
  -44.875369001450764        5.4561523568362134       -40.752135137922281     
  -40.246545858501293        9.2904163082557716       -46.706603635900535     
  -37.555337470309439        12.674442417375730       -53.645694588084282     
  -38.115738218939356        11.633408378395956       -60.375730252035737     
  -42.942967001860751        9.4771212160206630       -69.033373402160919     
  -51.407438145075190        7.7826632838435046       -70.350879887381808     
  -57.717006963315555        5.2909525308772629       -75.320456130154398     
  -66.243567058395655        1.2984534378376509       -79.195608950649316     
  -70.954780858407020       -5.1977657660254692       -86.774779504839472     
  -73.883139296333837       -9.3880676381237151       -93.312194585305122     
  -79.008001361045359       -12.110221437793768       -103.27839284958331     
  -78.186245571817352       -8.3517914753610683       -113.14009831450768     
  -78.897459736095612       -3.2548138371914206       -120.55250774417621     
  -75.197093591863023       -1.3146467819913141       -128.96130356432656     
  -74.018891836177147       0.87307778180155537       -136.64927038692036     
  -68.078173585589781        7.3484788720699896       -144.25432286864429     
  -58.804448749100914        6.4102810239657799       -149.56811850857213     
  -52.267253038447677        9.4308932611288583       -156.05425149584494     
  -49.120713037174198        4.3359876784862479       -163.92788971871047     
  -51.042234140479223       -2.4613256454281043       -169.75539156711318     
  -51.817406264890479       -7.7203918911244216       -174.26359597001328     
  -54.962596934446225       -15.535850956963316       -176.94467714402930     
  -60.738135962362804       -23.467962850692203       -179.03704665512336     
  -64.637568524509760       -34.434998056356136       -178.46381628326611     
  -72.577189188887900       -40.642363798422593       -174.43402929687335     
  -79.130560871380737       -44.271510418870832       -173.31527763424211     
  -86.285616270466193       -49.666329698608536       -170.60294159347336     
  -82.021123556059848       -56.204957900586692       -165.41605574503478     
  -75.567495521782547       -58.185535396067849       -160.57375217925033     
  -69.614156975673950       -57.233056272997544       -154.96413823735458     
  -63.787479334444100       -60.875194544740964       -149.32207287701218     
  -59.044084814469699       -58.701045438323604       -143.69666731752520     
  -55.916144889772198       -56.364813671663740       -135.26568861978768     
  -48.535489017913903       -51.499327838842760       -127.61462006941802     
  -40.246000254585141       -47.200448820123142       -122.01584895652910     
  -33.183813120406626       -45.297502270066957       -117.30811415453279     
  -26.867678219658217       -41.082446277060001       -110.72431320818320     
  -23.449603821622020       -36.612335804893689       -105.55849839090727     
  -16.085190759233683       -30.469808509909456       -104.99747837604852     
  -18.266538887977219       -21.525820909000288       -107.56968365439275     
  -21.189875860542770       -12.081305629100115       -113.31943043988849     
  -20.105455826307946      -0.80386124330078701       -114.47235773438733     
  -15.389220457920089        3.5825976167053284       -118.25373689730841     
  -11.665490651831931        6.7111935384039612       -128.05785029920449     
  -13.328581135546244        10.770519621769239       -138.69046269161251     
  -13.069506289729645        13.987308679060334       -145.83415488489496     
  -12.275088918409153        15.171670322387371       -153.02027299839295     
  -4.9048812982427421        19.811570633557039       -156.46470467738649     
   4.1104610076707218        25.195151176523439       -156.32659358183923     
   12.330579854560995        29.862572914338756       -155.14427805872774     
   18.219684212796665        38.098268190438205       -153.07893757344419     
   23.042104093166870        46.323903406565307       -151.06645907910746     
   29.875187024706634        52.865374170295638       -154.17314658045240     
   33.714330259339022        59.364540025988532       -160.39543450852494     
   37.069222024348107        67.019158776457317       -166.01333883546280     
   42.111797435936126        72.339169978944284       -167.91164157210645     
   45.487842909823200        83.176672666536433       -164.90805583038906     
   41.776586500017800        94.562349393517010       -162.55606635905303     
   35.041242251923336        101.70685350573271       -161.94726521200332     
   29.104766123796878        108.28367116067642       -159.57685046325861     
   22.973682841166863        116.13239784832707       -161.61248805755736     
   15.251530615409763        122.07017849809854       -167.35488583602353     
   7.9437357872214989        121.46099571491965       -171.49280838066119     
   1.7320132431177058        121.48519833661896       -178.63180419780434     
  -2.1604643945376552        130.55502544614865       -179.63317521338183     
  -8.7860966974042753        135.91071235796576       -181.68466988298266     
  -14.557561139288055        138.18504541038408       -189.63000581261127     
  -22.753074949096288        139.43931850699965       -192.06314356044936     
  -32.239627207444471        142.48282219873428       -191.15756899135886     
  -39.757508015000411        142.08636587005950       -186.98422724928719     
  -41.463896062114713        136.82110508416810       -183.80897497387474     
  -33.613457073306449        131.52921849453423       -179.39615207144396     
  -26.514456005196962        127.83721839827923       -175.29963549796727     
  -18.698064501156580        131.65080897141462       -173.50889448445761     
  -9.6983079751907439        137.54408072325435       -173.03930161173702     
  -1.7120069292702169        137.44922145683051       -166.75729082518694     
   3.2623991443316527        140.08804618431714       -157.00271089593079     
   5.1608111391317379        141.11194240553965       -147.50565328592677     
   4.6847749218181889        143.58367525667907       -136.92073110553332     
   10.539943796787782        149.42598665900505       -129.72219080627633     
   13.054407596791188        154.96008832344455       -123.05326801870365     
   16.909300965096300        157.52245552065884       -115.96689008320287     
   18.129305205882027        159.97078995757414       -105.57384482489840     
   19.978522761417771        162.06462204485882       -94.829345364189535     
   15.217920075805248        165.92277912971321       -86.542924710643163     
   7.0983247703621917        171.86556592172403       -79.415092337417761     
  -2.9864918341787554        175.67115006472380       -76.930533007850158     
  -12.180568328654820        176.18740919173487       -75.496922493393654     
  -19.948531212364223        180.47550897082672       -71.205152535677712     
  -24.128000800513114        187.71464347484036       -67.471060942474921     
  -28.512043515305436        192.17595963955407       -63.736941230877200     
  -33.953099718352348        200.38545062204329       -58.093878088521834     
  -33.783797351973305        205.32515059269483       -50.723925255911652     
  -30.065541583097684        206.39312157350062       -41.239145106233735     
  -33.725086484380938        208.33781432464883       -32.320504143039571     
  -39.721305905740849        210.16563988759555       -27.267492028561335     
  -48.204916776574493        211.06014180987947       -26.285914608363640     
  -57.512032617126607        211.23163604994329       -24.084239552299437     
  -66.314316238081631        215.40760405922538       -21.003056312816057     
  -72.223581902489343        223.03962267180401       -18.534613606371593     
  -75.076849879233890        231.26722635460970       -17.164587262445266     
  -77.345727097664309        239.91089229805897       -17.970845393292052     
  -78.650238474866654        252.00946564817605       -19.631929723803680     
  -82.301802576621867        261.03609741916205       -21.472506434685457     
  -86.404717286758796        267.95161924932802       -25.178733552219029     
  -87.933059848561243        274.45458318832772       -30.760668827514735     
  -92.245586816671363        279.35212831865914       -34.628593519034311     
  -98.185394748188912        282.78261623256890       -43.987067392166125     
  -105.73222839017535        284.71478283171359       -44.816397676711716     
  -113.14256260259094        279.89859518133801       -52.934959894769491     
  -119.73294546687410        276.18821794145504       -58.227766731528050     
  -127.14622774648743        269.98924943629498       -56.363185065679403     
  -132.39321550941412        261.25653762619299       -59.177753486213504     
  -135.58286670666396        250.74709748898616       -55.947141114309645     
  -134.37519932741208        240.98934473790891       -53.890135309333388     
  -134.63149575973824        232.54278878861615       -54.893132099800582     
  -135.92891183740102        225.41571381578808       -59.589603853850690     
  -140.76917200442605        216.21336204301181       -64.852538336441697     
  -144.58143937966247        207.06291894473975       -66.130001311226636     
  -147.89786397393121        198.42265831982590       -63.630287158511422     
  -147.32721425448216        190.97941700603022       -71.880420306324055     
  -150.40960338087407        188.08464197581003       -81.288835548580124     
  -153.35044700677454        189.34973763506127       -90.946910105587762     
  -155.26176363475162        191.16561372763275       -100.51157742886546     
  -157.89956991719589        195.59403087242396       -107.82776687340454     
  -154.97772939649721        205.52070181293379       -112.39045099821681     
  -158.41328121052146        216.20997606829451       -113.70917131679585     
  -162.52689193745047        221.77909527151729       -107.82807322163404     
  -170.78493308578601        225.92667134548029       -102.27199090793931     
  -180.52684980681778        230.32966856935971       -100.58714029246383     
  -186.83517938781148        233.46028922005459       -102.98395143502867     
  -194.69217155828318        237.60432410436914       -107.42881153433389     
  -200.17650207983075        239.86481751164837       -116.10690787303427     
  -204.34655468976433        244.65218218026453       -124.18271605950565     
  -212.14735569480990        249.69652268757804       -126.51006656991143     
  -218.12598379294667        255.94394916026454       -126.96489261290024     
  -224.48985793250228        263.10533191539713       -132.23906012082307     
  -224.24083624801969        272.14642049966710       -138.96646670860378     
  -219.35179195323201        280.16624558703768       -142.37357625150278     
  -216.24425117523214        286.89309846962283       -138.61067969964938     
  -217.35359740015946        292.92914537099608       -132.90151279054635     
  -222.15648203871581        302.59892224341291       -128.11928307878156     
  -221.54484029534225        311.06398485685196       -127.37814636662021     
  -218.27389451075692        318.20128174378738       -121.89227774572767     
  -214.04871165428938        326.57381072489636       -115.71326780467631     
  -206.42072349265419        330.50085683090776       -108.24689502455892     
  -203.95193572834870        335.84121101417486       -101.22560667810620     
  -200.78820981589081        342.80025826091753       -93.981243612556625     
  -198.86804010904933        352.07936864476557       -87.208521877592943     
  -201.50863219402743        362.00324061238302       -85.939918342132273     
  -204.35243633729363        371.09756075217706       -87.479827475617441     
  -202.93021733473688        376.01881683022094       -94.380396976036636     
  -200.33094284254980        382.09307528766499       -102.54990564265142     
  -195.07528861085189        386.99265919572827       -105.69285148142495     
  -183.89937669013301        390.83574782389201       -101.11906999883192     
  -174.95400406638805        390.44596474178104       -97.444763605756023     
  -166.28548262014959        390.04499684207292       -94.007522133204603     
  -164.49075693718262        381.93747197725247       -91.457985918664761     
  -165.95910008698149        372.50487085227428       -97.397938856922920     
  -163.23382080945368        365.16668447016445       -102.35231531808854     
  -157.47252045078994        359.61959337705207       -103.91122700275592     
