  0.54688224156334542       0.34909250398156033        4.9278942509287340     
  -2.4656853542975981       -6.2393660969240949       0.35754727916047457     
  -7.3105837577242916       -2.6098757352393029       -7.6432216947534695     
  -14.455220985103750        4.1612949796748175       -12.159159792979818     
  -18.499027420850297        13.894209341440988       -15.237084834992405     
  -22.444292346379413        24.339734508990905       -18.989930130129814     
  -22.668233749932376        34.695611464130778       -17.045752658425389     
  -17.550847030776715        42.068052507221786       -18.394038812882290     
  -10.945598052159692        48.972160067409995       -18.968632981246586     
  -2.7789768119293861        56.924417111179366       -21.558527436869632     
   1.3087101918981823        66.245503113995937       -26.536037829474481     
 -0.59393166428927202        76.484310493158333       -29.804983521509651     
  -1.4570572331025318        84.283477572495727       -26.831745296551240     
   1.7078175695924784        92.607779139253722       -27.930348894586277     
   6.3336057976860758        103.06816700898851       -27.878210150336553     
   1.2596243858254468        111.08555144559485       -27.149780718285317     
  -6.1007456350805427        117.44764802430151       -20.687131486943755     
  -9.4772180864797306        124.04504061207037       -17.830510714521782     
  -15.730245504936164        130.81014081022118       -14.550580277550438     
  -22.814048228271758        131.62888518386751       -9.7216761890994690     
  -31.185046006489472        133.09005128743803       -7.9678649301822020     
  -39.893749230648069        129.08104404247575       -12.489808663420433     
  -46.339919764179967        123.16972483185299       -8.4270488071563818     
  -48.671647125809756        118.87843666507945      -0.98155164424744612     
  -44.995082800217062        110.11288087645812        3.5899659872517589     
  -41.636438820268239        100.83345613396045       -1.7945324162437828     
  -48.751843220801334        94.387031864103903       -1.4279328179740673     
  -54.722036144809465        86.035095170596435       -3.7959858845249244     
  -56.124899765390978        80.696953071170469       -10.592294993053628     
  -54.524503721460434        73.414996277641137       -16.111480812840227     
  -51.525493913743105        67.242772763965831       -22.091893870190120     
  -46.520371109737482        62.742007350218728       -30.199600352615136     
  -41.111900129862477        57.958513396224021       -37.216556870815992     
  -36.690629742369083        51.640429355414881       -41.701599309208575     
  -35.233535955913027        44.146244908649180       -42.503395170308181     
  -30.728535618488507        36.222084521886586       -38.821401574883225     
  -25.925921703032429        29.151589610806894       -36.313191288357444     
  -18.311880726357600        19.768739093243084       -34.231606707720090     
  -14.645462922088115        12.660043405803947       -29.922176426722672     
  -12.399189887332739        7.5018004784747063       -22.676906586645259     
  -10.471505878392321      -0.28901356794398225       -16.479798982574380     
  -8.9336709504044336       -4.6484899353465039       -10.298995219814230     
  -13.946567003506203       -6.4098009625195402       -7.1793009923711679     
  -22.146440169347102       -10.864432557350653       -2.6125021370562820     
  -30.118105549770860       -11.394932214856311       -4.1133457473295607     
  -37.817246160295838       -8.0271398716508031       -2.2767429193745556     
  -47.589168694871859       -4.8581899471122938       -2.2951786176010955     
  -54.660064223891339       -2.1454442799940239        2.4200922069728676     
  -62.189697958674614        2.1836489992495842        6.3930608126524930     
  -70.231447094243151        7.0597120464936438        13.258433237660938     
  -73.949466491547284        8.7888602574645915        24.704928885213974     
  -76.847788371134058        6.0093456143388266        32.711771987726536     
  -80.214836775884962        8.2209983660141859        42.602728996714575     
  -85.536224819685160        13.866205194956876        47.780031753302893     
  -89.256789591917865        21.965268740047946        53.520585381244956     
  -89.789503074089822        32.219807555310979        53.415542455469591     
  -90.316798529461906        42.585095640412220        58.084302077450261     
  -91.592866271597700        52.575589103737144        57.673992943155739     
  -94.378077444233796        60.676910308602771        56.097967348736546     
  -97.046956196215007        67.273928751120479        54.393516353960706     
  -98.503563412669365        74.844028337259488        50.007394788564170     
  -96.075614726146640        82.332695236571396        42.025829325583345     
  -91.183356309935363        89.412708189872660        36.090132724931664     
  -80.789690374566902        89.920988735396065        34.888270111883259     
  -74.049702041332296        88.969923987495292        34.260165680308688     
  -63.361599149368743        88.132227806204696        32.668956715378044     
  -62.380418420713184        81.648238176824123        38.403014778117836     
  -64.929190707341419        74.358277178369804        41.139165914870830     
  -73.379511649254979        66.794506497527777        43.072251052308786     
  -76.682008152936575        58.345314575418740        46.580024015573599     
  -81.466705987022976        51.459653628131775        48.785701155352740     
  -83.037821971310834        42.363129257363738        49.124782659768641     
  -88.684960969732813        32.646660150191622        46.435226848642657     
  -95.182108476771134        26.432089444205474        44.679915911091882     
  -103.35015595819326        23.393644742607592        45.146602706751537     
  -110.68884439305506        17.018946775160600        41.838656730965965     
  -116.28453555561629        12.327877004382316        38.029555548500014     
  -121.41287711159157        19.058625064345875        32.427309749389281     
  -125.33628223478922        18.561654646718836        22.772355388082303     
  -127.18106260935070        11.922665579716153        12.932780884856271     
  -129.95076409964318        6.4174223222204887        4.2465085188267437     
  -130.82628417201036        7.0056828253250387       -3.5120467966571880     
  -129.77958804398753        6.8512349990737107       -12.882596628672729     
  -126.31559850137708        4.2614881552595136       -23.526205208451330     
  -127.64639870483805        4.2845469003521544       -32.046858420857262     
  -126.62834617951927        5.6075802308918128       -40.222833423958377     
  -130.08647367763925        9.9822068390074605       -47.127376256558534     
  -135.23382332141873        17.650036802501120       -50.909614513521433     
  -142.39235962307282        23.305774815258417       -51.159331853651281     
  -152.00886566853291        27.547002180922647       -53.742185776584222     
  -161.32670475639520        33.420820198519607       -53.862890961941417     
  -171.67071486731197        36.390504993331263       -56.808112392018131     
  -181.57079667948591        33.278067287540665       -59.455033183518708     
  -192.82217341607961        31.688138184376896       -60.427279033857843     
  -199.91564844527636        33.821372755360443       -64.170858174211077     
  -210.38415739101328        37.769085966641541       -59.643824966137259     
  -219.94363402372443        39.173743346186512       -53.546868616430061     
  -228.01493127492350        36.306977593438546       -52.468370728518494     
  -236.13378293238941        36.831324745002490       -48.367009582054578     
  -248.40785166728853        36.702204458853117       -44.985138686377809     
  -260.66881338342370        33.686039534008131       -46.938133040152877     
  -267.16299892880738        28.584560152345261       -46.243625124928258     
  -273.66903826710637        19.735865837812270       -45.146044443562062     
  -277.85411527278552        10.179987247966437       -42.416606071778034     
  -280.24040769194215        2.8195054534203905       -36.963512165279269     
  -283.41570918108556       -8.3125780377609146       -35.660419839476958     
  -287.72956923073446       -14.976355842166043       -35.511860073096614     
  -296.32866608103257       -16.108408557496148       -36.115955881688734     
  -305.68131577432848       -13.127352916413315       -37.365706236214976     
  -311.78626617569967       -11.531548365622541       -33.436391958996666     
  -313.86440211506391       -8.9468318551513164       -23.179120053537559     
  -318.89380931677181       -4.8126972647648074       -19.426221919845034     
  -322.38565838041706        4.0226991364523883       -12.777189571052844     
  -323.15373507438244        12.258073186990430       -5.0836365823479355     
  -328.35669156117126        19.176477670233368       -1.9995574251971675     
  -333.52734926298234        28.817203950269686        1.6152910309443769     
  -340.78208447099939        34.925626734623847        2.3335916108809442     
  -347.74782711410234        40.220778738533966        2.8733798243321189     
  -352.67244134276973        49.140629158225352       -3.4390961178522730     
  -352.76510110446009        56.001503717968603       -11.750554718457835     
  -352.15106300368052        59.818119409398548       -18.504785339418419     
  -349.55660558772621        66.270290833727074       -27.239620136728547     
  -348.55520714889224        71.664748465065543       -34.566666316991757     
  -350.29020386436264        80.712438820791817       -36.179409866639730     
  -350.25856065860557        91.435524980144010       -32.691924357636680     
  -355.09867709735050        97.575070599973515       -27.098337375863792     
  -358.51867007780697        102.94897715488196       -22.887908130690079     
  -364.80692296660766        108.58151260155876       -16.983502340640769     
  -370.20400196220311        110.24865447304529       -11.997737168349090     
  -378.07076990033204        111.70898107085208       -8.1911922043261995     
  -388.10616762359825        116.21485767204081       -2.4304823192290712     
  -397.50360660318188        115.33860825997533       -1.7750692765386020     
  -406.97054440977445        114.54312873807544       -5.7691704744923697     
  -415.83833881248052        116.58398727843775       -7.6521357883899555     
  -423.90021426840246        119.38843456958267       -8.3712587644656651     
  -430.60585323961425        125.14653357624525       -4.7971222141511873     
  -436.57005781521787        129.81243373120270       -1.7282921014597150     
  -443.75445963834096        134.91222145123913        1.0492960155402784     
  -447.93284150432913        141.68931644451675        3.1738227444799065     
  -447.03656576478141        150.29676516471801        5.2200241162123007     
  -446.99056509146106        158.44751064651342        9.2151618060560736     
  -439.77433658084135        165.01472203895560        6.3869396606345958     
  -435.60197352796581        170.38491257534395        5.6869764494282435     
  -429.45525235079850        177.31634393398951        8.3223602078490444     
  -425.47677720224215        181.97726437088591        13.679210120260450     
  -416.72484323858316        187.14774211801239        17.154822004830578     
  -410.57638188249729        195.33312567896934        23.532636912566034     
  -405.08599316364513        201.66154308590831        21.839806138426411     
  -397.95082371526621        206.98554543412592        29.365981253870814     
  -392.48187142840743        204.54614760178202        37.183188209277660     
  -387.02878373320186        205.07233949530217        43.864550802025121     
  -379.61278808080522        204.10156452894023        50.335886708895544     
  -370.29388021403776        203.99286233967263        55.220019449943265     
  -361.45271807498364        200.83613703292150        58.248273664777855     
  -354.54365779876866        198.83725560175327        62.169877939557381     
  -351.27900567009408        190.21678185987230        65.556712689067879     
  -351.60456066648868        179.89758867500313        67.733063143556521     
  -349.85751855351521        171.22114822887323        72.080879902654758     
  -348.54286354561555        162.42517245908488        75.459759112839635     
  -349.04259805508173        152.20692067926319        79.438667695676912     
  -351.65754365806328        142.56019120265574        78.628542642341287     
  -354.64800613766840        132.72696141538779        80.500077387865971     
  -356.55924422147541        123.16893913178814        81.935985307866375     
  -358.66583356271610        115.80533110048458        85.786172280067831     
  -362.45480274482918        107.57151368480476        90.335991467890835     
  -356.36907005862201        101.05969974655392        95.637075429754788     
  -349.65670370657199        96.522929005984849        98.611292645832208     
  -339.74478398471751        94.982529401841703        100.03510507572148     
  -331.29772614670918        91.274547003181340        97.069215339917278     
  -324.91217076264581        87.697117442327510        95.939533330559655     
  -315.43618839853866        82.334134246028384        96.060089906254603     
  -307.05917094166523        80.555320920444046        102.17129595104802     
  -299.42101344339915        81.868589563803027        107.46137887110271     
  -290.93805780444995        85.130227753885947        107.12372627033085     
  -282.18844904368416        89.855502717877130        108.44143920001420     
  -273.17369280883509        97.198684939104226        111.37155529417794     
  -263.14549484366881        101.79620011342524        115.19619825819296     
  -256.45504867515507        107.26144032415232        118.41661614214325     
  -260.30710866626862        115.79643765122881        123.05866044622951     
  -264.80355533386108        123.61314609981252        125.02543917512185     
  -267.05397855632248        131.20713203758186        130.84246945069208     
  -272.15573756216543        134.73336221651266        133.80335411777295     
  -274.59612641456960        144.21684686196858        132.18899522601041     
  -281.03603368146753        152.73230273080344        131.56412057224958     
  -287.45591974829711        160.39243292329593        125.59631408083990     
  -289.96532986261155        167.19799778733102        119.45036579306228     
  -291.11801007710920        173.54025904895968        112.95260364233158     
  -287.42434487174546        176.05379495505571        103.47444110030600     
  -284.55544429171141        172.36167131226421        94.968038232040215     
  -283.68271641812822        167.99819256265476        87.072530014696383     
  -285.18806210201097        166.05752593502120        80.342221507894536     
  -283.50706628451485        159.91394932750961        72.061590457678648     
  -280.69782293506694        154.46735112901632        64.001556196916567     
  -275.72467602958295        145.93607816419080        61.820613349107205     
  -269.50443733918996        136.19435057332896        63.894020385265492     
  -261.77571216666013        131.91652343448879        68.207557331293557     
  -261.01964379053885        126.13418820032103        74.033931696490882     
  -263.01744645955154        118.58806104108652        80.889576891018024     
  -265.17934964365929        110.11103696116118        85.233210167201548     
  -264.05254250431403        105.96323376753674        89.621405016426152     
