   7.2917594653960336        5.5691172770807729        3.2869183778959439     
   5.5896854088843035       -1.8052147009115700        1.6535365541148792     
   3.0951490848047918       -3.4913786903786814       -7.1243815524696288     
  -2.6408894422527673      -0.92084984822814420       -14.212517620038852     
  -2.7637432027585156        2.1708593333966313       -22.831249826146347     
  -5.1111695256132634        6.5317685052740373       -31.191812810003768     
  -5.8030680014570439        15.249712606075626       -37.233601417911288     
 -0.21352656664486602        16.607323770912117       -44.076377172116011     
   6.2094730833065697        16.041440235567858       -51.647853545780748     
   11.463617316257480        12.425831539299843       -58.364714424989131     
   20.502446658285514        11.459598480604864       -63.166229386953148     
   26.842948625373531        10.403983626163960       -64.530024684438899     
   35.899784229946256        2.9557383770047885       -65.630426334467103     
   40.057046096158736       -5.0922990694168746       -70.113483902169236     
   41.271743693497974       -15.377866788347063       -74.001382069505297     
   44.412057145562414       -23.478068996274366       -69.078281744559519     
   43.039831885080261       -28.661060109798420       -59.723059426777212     
   40.863421944704555       -35.313924785671588       -54.415016940452901     
   37.897517095065510       -43.546500887343555       -49.913588761111555     
   31.179504866331520       -46.791539715096519       -43.939308064055027     
   29.591595581376119       -50.155677918843764       -37.120494757443964     
   30.974493486036941       -50.630563360497405       -27.093663064945801     
   29.688934027194883       -49.514181047429460       -18.479255521893649     
   21.446044973095766       -48.204539496591352       -12.050451711860106     
   20.368760678075567       -43.116717098375005       -4.1755742776205693     
   29.073207080508169       -36.052106126913905       -5.3625561466544553     
   38.897798222404234       -35.298219998011291       -3.5003884100782443     
   47.640137296693368       -32.138708318825628       -6.4634541647577350     
   50.192373662869670       -28.945514187206363       -14.829722376176022     
   48.770254687494614       -22.500627133294834       -23.983840084996459     
   45.570984464467244       -19.809005696470948       -32.072776729639870     
   36.042260507547738       -16.421214118889580       -36.010618087325966     
   26.976195810099014       -14.291626410536182       -42.088565691042831     
   18.811484513664794       -12.368215267756256       -47.650457733514969     
   9.5281280139945466       -11.952462660465706       -49.489889335491156     
  0.98978414114919744       -7.4286816067196213       -49.050692315012427     
  -8.1817965311892227       -4.8002711567208216       -45.905183289284793     
  -18.196821237115991       -2.2115360081717839       -41.007901488077678     
  -21.753747421198877        2.9579996461261828       -36.509175201508100     
  -22.326940696103613        9.1388774000588651       -30.634206895090813     
  -21.564149843860790        17.494247184959605       -24.437323450735050     
  -21.082291248584607        24.077962605587622       -20.155810420442876     
  -25.196530168887058        30.482753384481967       -18.786011590118562     
  -33.761192920178658        35.669854524054827       -17.126254743341576     
  -40.461197086215670        34.204520365107939       -17.877271524902341     
  -45.735580643968504        31.050217802779777       -23.041919397929405     
  -54.761061930818101        30.375928282275432       -27.648563770831757     
  -59.293791341503116        33.565376631985785       -35.221226496932317     
  -62.467138933096415        39.087539956543878       -40.993577499754537     
  -59.786473246887255        47.087987734567555       -47.378881413000911     
  -52.883446077135041        54.884176676485943       -52.298999312931400     
  -50.782696588360722        63.031504872808824       -52.736619357940896     
  -47.776399155817145        69.694753817074229       -58.667109789808734     
  -46.900091435868461        74.477046413288733       -67.137987053057884     
  -41.185125635054376        78.729924498069110       -76.308246072723165     
  -37.346894135003737        78.351441179204315       -87.013771446051322     
  -32.603622862022114        80.026977733548790       -95.776844865610173     
  -32.587421713996562        79.699978538184638       -107.24664538820974     
  -35.898983463513609        77.769245395327104       -115.69348821210062     
  -34.855419160210388        78.810663166947847       -125.06580001737268     
  -35.700015427706816        77.959817914017378       -133.81909109248409     
  -42.539830919230013        80.041964163040177       -142.57788919406931     
  -48.069830696575409        75.129115759704135       -149.70963123370947     
  -54.591765308145952        68.117546789711440       -150.07655764318861     
  -60.949318291821406        66.229163988672525       -147.56549169737684     
  -71.898419664290316        65.865556540722650       -142.51137086905314     
  -68.665379257461097        64.533459304655551       -132.30892972120191     
  -65.654728421206158        66.202142132827873       -126.08912816436441     
  -58.174758578522784        67.745435290995715       -117.77780713398610     
  -57.063951156587365        71.554991300061658       -109.46361766388088     
  -51.812105045746094        74.312827505838030       -100.51123811656689     
  -52.668356108933565        76.700714779616973       -93.338421263472895     
  -54.723690026495746        83.374871877960473       -85.302005682284857     
  -54.217543736241495        85.456296155033272       -78.586384837305445     
  -52.045441416015095        87.093436278887580       -70.312117696996040     
  -50.130757843645199        84.737237413609620       -59.999944881454468     
  -53.052362843370858        83.314957890857698       -51.318114535085400     
  -61.156918771253459        88.808996995177679       -46.512505259397628     
  -66.098384246955135        91.297155350666600       -39.693027026391178     
  -71.035677288433106        88.153020485908243       -29.116972038038014     
  -72.812313527527067        83.937042492442046       -19.191081135887387     
  -77.212057934263342        84.457378493983782       -12.472205528794646     
  -82.860312838487616        83.983675189527304       -5.3922752475514528     
  -91.119293146426202        78.834255807504647        2.3195625283440933     
  -98.990548547838344        81.525307487657642        11.740563066673580     
  -106.22219818567919        83.986458346664278        16.689125720878693     
  -110.33939765645687        90.653859775967121        21.699105427015340     
  -115.07373147934010        98.430146029157299        25.345803174732112     
  -118.37919919352066        108.67602222600721        25.708542817957429     
  -124.53100680189092        117.46115377621749        23.836415911077651     
  -132.33595737036381        124.24973527598816        23.332505376968967     
  -138.04105492911367        132.10142846968864        21.155598904043948     
  -138.47537955881776        143.93755903707705        16.849295287905527     
  -142.71411533339557        154.33714932858632        12.134039009120642     
  -147.49947066441769        162.57193814121277        10.475443129278410     
  -152.79967848145731        165.88614023893859       0.87021259967207243     
  -156.81049699868913        168.23633545958654       -7.7476536199294941     
  -156.95090407484645        170.53805845402459       -17.529303930230313     
  -161.04752085086815        170.71799951876787       -25.516803179211536     
  -167.19045743684666        171.81786710711452       -35.736759945884401     
  -169.98785700211354        177.98755543487312       -43.239589889179015     
  -172.97731566012033        180.25286107814026       -48.070387490919813     
  -176.64779036182944        190.96018864444113       -47.858672671164612     
  -183.92077437075108        196.53169854987573       -53.542791585186507     
  -192.37727752820382        200.23997126686999       -57.038353054609672     
  -201.47576601319875        204.46159103780806       -56.130623112862224     
  -207.53644645878163        206.57875921469190       -54.794304976753409     
  -216.00486386979586        207.12492694337493       -52.831718764696745     
  -225.92370865321720        207.04580411686098       -51.639170649983384     
  -234.64086010406166        206.49049363885024       -55.481340404340656     
  -242.78717595714718        202.31941019507704       -56.796243018788800     
  -248.79212808983854        201.88192604810251       -57.430704465437486     
  -257.16358147074891        199.60847579812841       -58.483104088517734     
  -261.92463740158462        189.94069958312966       -59.546803041413852     
  -265.79844523317917        184.20849271869554       -54.245647422204726     
  -271.09366003756384        175.98999598403108       -51.038453752105227     
  -272.64153170782879        166.27905603726492       -50.592828853012847     
  -271.57366090987500        156.67097871898028       -47.006424721896167     
  -267.34248271913975        151.42957132420088       -39.333875553334934     
  -264.23237663089424        150.13111308276729       -30.833113928612477     
  -264.74323783044974        150.36207648078403       -23.476699359614869     
  -268.43430006262105        150.20562871869697       -15.200917520994068     
  -267.06692596015444        149.62206538013189       -5.6529517799686602     
  -264.18743572750407        150.00343313673690        2.5261826528296041     
  -256.86153990339551        148.84353338419504        10.296244293480768     
  -251.09824600406193        142.95434587812673        17.209553634272623     
  -246.32289973037425        139.80437989858729        24.573539509475900     
  -239.79203693530974        140.48039810575278        33.616889801348151     
  -234.25300162681907        141.88593182064972        40.757440067183886     
  -230.32386158781699        136.68230755979769        45.857616943682046     
  -225.54712516031947        135.09601619796035        55.394996702065043     
  -227.61490721198524        131.57892164389477        65.851284017622731     
  -226.93261488727279        128.96307615868528        75.930686843757400     
  -223.74392177137466        128.30273234608322        83.890214638600014     
  -219.62558866388500        131.09526986679211        91.541536021160780     
  -214.44903972561835        132.30569408377005        101.25932652802827     
  -212.76439142158597        131.88782949635095        108.81265564318950     
  -217.18936660155185        128.79716953365818        118.75181374383223     
  -223.27097642028522        126.35750591450383        125.30759990111274     
  -231.26485255385037        122.78492295216891        129.26783275213100     
  -238.40084734957446        120.39550673698037        128.96127111941550     
  -247.88137729382723        124.35492149837569        131.03432309064470     
  -254.88978791957982        124.23266561561101        134.97658306180602     
  -262.53582681683451        128.94373328482246        133.82928374918146     
  -269.74195601836107        132.17262187553757        131.22245722307409     
  -279.43607621070680        132.55454920808668        128.12702342527189     
  -288.69925925600228        136.59337749174034        128.57937266415831     
  -295.00440776062032        135.69622218825191        133.64725082477685     
  -305.82485190767818        134.62204719654937        134.51606813951216     
  -315.85400954612629        132.10698119720661        131.30357667606447     
  -322.94171966497379        132.31035652470695        126.41222264464722     
  -331.73172353097829        128.46786953254787        122.77410943584621     
  -340.97005510895582        127.62288032093214        125.48928975865343     
  -350.42975686395943        125.70574604783144        121.78513237387283     
  -358.62889343058993        122.86707677133143        118.29603747338378     
  -365.78143276884174        121.88920398106757        113.53486043073951     
  -372.16949391615583        118.97965646095815        109.70953260116350     
  -379.92971538848155        114.28869112080427        106.56405787750985     
  -386.18908896505178        106.77197399153621        105.78604014730965     
  -392.64850723533903        99.403092749323463        98.491335341656665     
  -393.80160660561268        94.352653556966700        89.342823873569884     
  -393.45567777441249        87.410166475500986        80.680588309573963     
  -393.98392514171474        80.419860320909947        73.153017941628008     
  -396.77854713415138        73.220776171853004        68.800760634469597     
  -400.37078516083403        66.360130397941617        62.348148254185446     
  -403.72151545992966        66.284526638200560        53.156587589407295     
  -398.63652973012177        64.150026973402490        46.506666319569192     
  -390.16109032891524        58.223662939065896        43.622308268207036     
  -383.98200662495219        56.003045867065481        35.986653189393586     
  -377.89078473909808        53.789464053588922        30.236659964837244     
  -372.81188836379607        47.566153984558767        20.858765301969527     
  -373.01553725740507        38.277779811460519        13.995638326267326     
  -369.58547371677133        30.940217037753516        10.279399672938368     
  -365.38284920077172        27.651909814469040        1.4589154897135188     
  -359.86854792769179        21.981084424756752       -5.7229678144486655     
  -354.21274098607427        16.885123335660005       -13.142966049128944     
  -350.62386313323611        6.5941338762070654       -18.517883972816776     
  -342.96628873231708       0.62612274956552483       -23.307317554651789     
  -333.30680867407864        1.0592483359522937       -23.701805444890823     
  -324.89034273820533       -3.0564904635508547       -26.534489205231509     
  -319.35686641395904       -9.1002928136853498       -24.617882446227711     
  -313.69468690673119       -13.781991593856546       -25.340424314533493     
  -312.18509916065210       -20.726084483395923       -30.856153877516505     
  -308.07773131022742       -29.275051907741798       -37.666803560307571     
  -302.17293366300947       -37.632747339657769       -41.596069682721932     
  -297.35294171371959       -43.782956381539996       -44.717625215057780     
  -293.44591213417249       -48.422862763028959       -50.841202353107747     
  -293.60652305371781       -53.592407912475608       -58.224062645802888     
  -296.59331326058634       -53.498649101487999       -66.513075018305074     
  -295.50723861577575       -51.506820629404245       -75.952496570091967     
  -292.20388934475204       -44.798750131934383       -81.380340129889305     
  -291.94970457462568       -39.162155534976428       -87.310417059714865     
  -289.20431173555579       -32.853534058813430       -94.829206519717644     
  -285.93693672400286       -33.424238483114451       -105.98281284475274     
  -280.65500189021742       -37.127634281746538       -114.32576872296255     
  -272.31086891221526       -42.386465596964172       -117.79378798056743     
  -266.56478555658782       -49.476016789018530       -119.31549722012443     
  -261.38468494977542       -60.443337443250243       -116.34347484769253     
  -255.60957828313934       -68.433131659551236       -116.81836693730602     
  -249.35954165878510       -72.871488826047212       -117.74655920564439     
