   6.9737752895883887        5.7545795918549558        8.9915332691492580     
   12.907465826965250        2.2532483886400740        4.1818187321858176     
   9.7745040078156649       0.27628247882237389       -5.2082127931142139     
   3.4549329151772383      -0.81611473152761960       -9.8933376145506600     
  -4.7648698641648650        2.0215742690435832       -14.765317024570464     
  -14.484334282629590      -0.11525784671519546       -16.082420921508088     
  -25.505025653480686       0.37127128025390022       -12.800021337454346     
  -31.902977471864716        6.0510189700465773       -13.292272254537117     
  -37.653502512090995        13.399095676925164       -14.859343017027726     
  -40.738959428634956        20.409645682173320       -19.510613554916453     
  -45.681916254652094        28.747144765829674       -23.341062744435092     
  -49.636594469507685        36.850384633483579       -24.467509173210544     
  -45.011160035532811        46.237745874167217       -26.704632075708830     
  -40.366021223896723        53.483972207707424       -31.648559752530481     
  -35.452250683217557        57.539044779078658       -38.878942523409776     
  -30.292718746559785        63.866888712086116       -41.334958777598331     
  -24.697271454684852        72.126875712393598       -39.857057463999773     
  -17.055533167831356        76.993116893643958       -36.270394374335787     
  -7.7968374103256792        80.898845189432649       -32.287751294311562     
  -2.5793525401715840        78.821654729060796       -25.927994113030607     
  0.19991578632968299        77.192620768300017       -16.399927164584639     
 -0.94039829377368278        79.493343791522904       -4.9644440477347871     
  -5.8905300418352908        75.651564469888925        1.7848244828842894     
  -10.997875819152142        68.093045629786559        3.5422851778475462     
  -18.109322435517527        67.052088824869116        10.353938867388123     
  -22.215958797248589        76.439422944183747        12.106145902704185     
  -21.207344459704814        84.755039065641398        13.384448063685028     
  -20.358532759850391        94.671838997982150        9.3591905390302088     
  -20.400727261556341        99.596601894146062        1.7201483215481659     
  -24.807080504415694        101.27488912518191       -7.0204334404624618     
  -27.423458103066338        110.17043014901725       -10.627393907249214     
  -36.687845166280852        117.98340884361625       -10.860289696671401     
  -43.837644512162200        126.25040509461078       -12.747158598966735     
  -49.421170915882243        133.83865728207380       -16.246708383147514     
  -59.157123464694763        136.80305975038573       -18.796523757165836     
  -70.082687074452252        139.60966375425281       -16.152523144461085     
  -78.971537594232700        140.51895038653595       -17.251363959208845     
  -89.485930628655865        140.31538028796609       -18.545377117640300     
  -94.934371818984829        140.89778587088395       -15.537679290665650     
  -99.536115767144167        139.25155709409387       -7.5952343553297226     
  -104.63081581184053        140.64961840526226        2.4670961138767922     
  -109.34701281315675        138.93866178248558        8.1621674759972507     
  -116.14978810500365        143.25065786414643        10.708396334079680     
  -125.69223829152263        145.82159364943840        13.645698497009477     
  -134.91694140609917        141.22626118674981        11.059942301766370     
  -138.50304945380779        138.50949504042762        4.1901597334304626     
  -144.00756311923993        140.20104974732811       -4.7225740959463138     
  -144.37340110472388        147.80494612534829       -11.170038217730053     
  -145.70420252114764        157.17707469902837       -14.948329065739834     
  -146.63874411965941        167.23127412082059       -16.802407734394976     
  -146.25037270328838        177.89287421622021       -13.311784936206394     
  -152.33120706008924        182.51688032998243       -7.8954215542127884     
  -154.20902046552334        191.85425922962173       -6.6216151492825333     
  -156.09914308663497        198.43377119226915       -12.014811534220030     
  -155.24078776258736        206.95356019924418       -19.489235153206643     
  -152.76512158255832        211.26854793209100       -31.261920438689977     
  -151.37644196654961        214.38305866700514       -38.884349171644629     
  -153.04229025940043        218.03617818411504       -47.256496229591519     
  -155.43634006116420        223.55933194731890       -55.021917764652009     
  -157.39014055552857        232.36429852007663       -61.036845284168614     
  -162.04483383548592        236.60917863076298       -67.859152105940240     
  -168.40656241347003        245.41832496406178       -70.983620624475691     
  -176.80196409394756        246.19210136418670       -74.854627662465091     
  -187.93294598943169        246.49471373869940       -76.247968344003141     
  -194.83081854428181        248.14055521657141       -76.269917705592675     
  -205.31420150285092        250.77313440911891       -75.432242069461680     
  -206.49359099310621        240.38165591738971       -70.161287471657943     
  -209.29561636794310        235.52884473925445       -67.081765833442716     
  -215.78018477829588        226.87877803979077       -60.591614375888980     
  -223.42607690762384        220.64510895657264       -57.491453955971451     
  -230.16832905395279        215.05409952387532       -50.669862634153041     
  -235.69274711580809        209.48559821339313       -48.808129340205483     
  -245.47657987467926        204.41314063804646       -48.328102350115110     
  -249.94870614624779        199.29894237812886       -48.654321073921864     
  -252.22328927057202        191.05589526510687       -48.611501800737770     
  -252.52766990453119        182.70861678069048       -52.862434793152723     
  -255.23796322979447        175.17587034325996       -58.625095229962398     
  -259.67902901388288        170.02281549419641       -64.720816507911763     
  -265.57409501524307        162.35745644810888       -64.086343520228667     
  -273.63302188865515        157.36357487002570       -64.148445363811661     
  -280.90097180305179        149.03075846501272       -60.770677441228798     
  -288.86345423099078        144.47656036047101       -61.502504852403824     
  -297.09599061586846        143.50055247041496       -59.396479969016205     
  -307.02951765812679        139.47960613256512       -55.474636858339174     
  -319.45172631551407        140.67213876282540       -53.722793459667194     
  -328.14019672593253        143.87408626396430       -51.695254610436280     
  -332.78895823546418        149.88545319986869       -49.639168343601803     
  -341.77828702159474        152.92384138740832       -47.102497217222201     
  -351.23640476124069        158.89383272651187       -48.716904475641989     
  -361.17525143649084        160.06739745637276       -47.182569049457847     
  -368.25493510352567        161.94556948402098       -39.280098543732500     
  -371.74879604869523        166.11325459085819       -31.811003183680175     
  -375.05072820277286        176.57318339760707       -25.537921999811903     
  -381.42653912682636        186.64946883857218       -20.100592248497239     
  -383.23367592880680        190.40758842167961       -13.674194201425120     
  -382.01630654600581        200.23179620885315       -12.114159991557688     
  -381.80209762477830        212.11895226628960       -10.078556915871001     
  -384.23559249276690        220.68604076121190       -12.615625906550061     
  -389.07935291071772        226.58410537024832       -9.8885414623525385     
  -393.50019451522172        233.68375595966367       -3.1789225600435920     
  -400.66256944455745        241.76532392666840       -2.5244156348679248     
  -405.36577363665151        247.15094315545329       -1.0759194064722275     
  -405.90556089518736        256.20397391429657        2.9524789733274979     
  -409.26482414016834        265.06727335932391        1.8550204718235752     
  -415.12879137212479        272.70934404279518        3.4181010606620639     
  -424.30749773946707        273.69817236711924        11.912903494301101     
  -427.40361394235481        273.46725956775930        19.664312679590790     
  -432.23056788327062        271.24894451601341        24.936715682699937     
  -438.38473904893664        270.18461677420993        35.019792674187677     
  -443.67157614951822        273.72062588385597        43.822534100194595     
  -449.23591110691399        270.64648508577545        50.695819349836121     
  -446.22090561556911        267.58500868285086        55.654158034723160     
  -441.55932527577789        265.73559167842461        61.392732624205401     
  -432.29142175921527        265.36668254394613        65.813155586932922     
  -424.58782655106876        270.65521544780421        71.064672764925248     
  -420.68817707120786        276.01270759760592        77.382019429598714     
  -420.83613651223072        284.09438228309983        83.745091838918896     
  -422.92563596242712        290.37580630569198        91.631114575135186     
  -427.00089637389334        292.69172369306136        96.536545123909221     
  -430.24353017323284        295.16396002042541        105.69143690393001     
  -430.50456667009098        300.81974017865485        111.78558641042379     
  -427.29867579353640        306.75497553146914        116.46522033123220     
  -425.38121258736112        313.72325462202667        123.57199866320646     
  -428.28524298170072        320.62469855336502        128.52586842621261     
  -430.49805150256651        330.66487837582065        125.46006610567458     
  -429.10657286146903        341.30400429296606        124.15236238960865     
  -430.43795459452247        349.94236757435806        124.12203273864755     
  -434.14607568359799        357.58018903053386        127.14562451781414     
  -437.18338268049729        365.69488452097551        129.34309518083879     
  -433.97859206071234        374.30896779634895        127.22060228803166     
  -431.36633876894376        382.63198575931085        129.10447126735400     
  -428.40406876072814        390.54789609999057        134.89675982514939     
  -423.86341805730933        393.93185007888894        143.35393115623319     
  -421.42908179048584        400.28068098056917        151.83507862798118     
  -421.80799699451285        406.23317069680326        159.11122819606280     
  -422.44413393476367        414.57970198147638        166.68041145228585     
  -429.55987896206460        417.72438521535457        173.78743567123428     
  -432.70125570385432        424.81536628184676        181.01236758645911     
  -436.12507769664796        433.80215782144506        185.92015168134344     
  -435.66503991027020        442.66036011287321        190.48092708517197     
  -429.53658804752206        448.65712874117429        191.80411681530563     
  -419.84312759894317        449.94744228363038        194.61968429751670     
  -412.03032917701717        456.20259304535989        196.07452042163663     
  -403.18942575548999        459.02008042969413        199.31311443676265     
  -396.45577316467416        463.07068099037792        198.86343841275601     
  -391.95673956435360        471.45729079248684        197.99489212498116     
  -389.15515798956164        477.95661707314383        192.71904622251606     
  -385.28495322183403        484.87435304293382        187.52444112067309     
  -375.80480568362060        488.32215884439779        184.22246724563837     
  -366.09356736892119        487.40174267211449        181.49755513546884     
  -358.19481726255657        485.97774779324163        183.01079793015552     
  -350.01892740140897        481.98009493828340        183.25040606219778     
  -342.51014069449053        477.52540395870858        178.81913574598312     
  -347.64250940418043        473.35139725951461        169.65914647640241     
  -350.10433267893853        465.74950788404777        164.80889769064788     
  -350.41904065015058        462.59338364091354        159.18144898189320     
  -349.54688187996891        463.17253519309423        152.28958802759163     
  -351.83184548037411        465.98855459653367        143.71682829130458     
  -353.86028437081245        469.43855416462310        134.16433917598181     
  -357.66773913898760        471.22833301560161        124.70264275146521     
  -365.40634392878610        475.15400301542519        121.15269385721969     
  -376.82615096864890        479.24784611054554        118.74179314938594     
  -387.58431146515176        479.46060916079438        118.46926003978477     
  -394.29219931934392        488.01243352563199        121.28825653679830     
  -398.16327536219660        497.56828337130980        120.20474265350681     
  -404.01461782654843        502.12938992034833        114.63049254203834     
  -411.39567133154981        505.39218630158831        112.92792807724796     
  -418.94999724512934        511.61339667851905        118.36067573020293     
  -424.18203404754013        515.30261368068523        128.07292992594523     
  -425.72553349302984        517.04816075828785        138.23923377171036     
  -426.51613886374156        520.97823633699045        147.95000993688319     
  -430.49011073324112        518.97506726267079        156.96806572297058     
  -434.38206580038718        514.98073242395367        163.75428301712162     
  -442.87505907372258        514.70879887483932        171.02211752421573     
  -445.65697920806031        518.48090719818970        179.37235786814583     
  -449.52734067400644        524.63225095866221        187.31618899344346     
  -450.86222873549582        528.12848073039436        196.51248538186036     
  -450.92501757316433        531.58248025863634        205.43875074492468     
  -447.03562945489779        528.00869686951364        213.96293009943690     
  -451.03048797871134        526.32793017220513        220.77280238154435     
  -452.39360899520278        527.01633596984357        229.94429594773044     
  -453.68191872136447        534.35200035901539        233.30284301573761     
  -449.82353236795791        543.00945883916347        238.67932447963420     
  -449.71915165759106        551.05395702300939        245.86988021827358     
  -441.57626881964569        556.65324403156148        250.28273489306133     
  -434.75773791007958        556.87098631260585        254.84599400470330     
  -429.35619029673757        558.82500982777674        262.38951593151137     
  -423.05711825531068        556.96468342281662        266.56667666656591     
  -416.18514371639776        551.63364705408253        267.48850600978852     
  -409.45712083212754        545.62702103562879        264.66660121558391     
  -408.34936487418105        537.96202685908759        258.08296290081012     
  -406.37064086155391        527.99003538051397        255.82845369554735     
  -402.35931719349213        519.35779659325635        251.33274850047201     
  -396.98702178129861        513.02395047915263        246.84146365331327     
  -390.31362137356268        509.44363424480719        241.35740784062415     
  -380.77430519430374        510.34134342295511        233.62737144327684     
  -373.09366831366208        507.94170705828628        233.52720105761932     
  -361.71472238519272        505.85242514411709        233.11895157566107     
  -355.60750791492785        500.15038933757273        232.22136271194313     
  -350.94678710479104        493.43759242698582        236.32510795678724     
