  0.36334716886767637        7.3469781036700539        3.1460265609799762     
  -4.3141022865993364        6.8094966554955647        8.4469180799361823     
  -12.579747383367533        3.3930578442329988        14.432974469015477     
  -15.990813287923572        2.0870216124492913E-002   23.641567456324864     
  -13.359119306416005       -3.2859267174969347        34.157087517014887     
  -6.9660632936175375       -8.2095232057455974        43.235544589520416     
  -1.5148985768610714       -4.9995972064382102        49.198689691627635     
   5.7433918989752328       -5.0996394703673928        57.697008806937021     
   14.201356889802241       -4.3330892889406698        60.474979838101774     
   21.991705856027238       -4.3120060061657597        62.860027487514145     
   29.836276401967950       -5.8819321050639104        69.956390124114051     
   37.668394305623451       -4.3215828080269461        77.100582178241382     
   43.101109501059227       -2.4211408951887137        85.283793209635121     
   48.842242902160308       0.99516275698515244        92.612212910728601     
   48.954190304860390        9.1007018953930725        101.61708594937448     
   53.881179859836379        19.675904075017627        103.99825963946961     
   60.645196804103762        27.542476805604743        103.43947415689320     
   62.900503907382301        37.237203504895867        106.36135040924682     
   55.970025817110127        43.058980492413887        113.17912316783745     
   51.546672318308879        50.085834183296981        118.16097989851758     
   43.699659240050664        53.579053586004434        124.15930244158335     
   34.105325068488753        54.623672389609403        126.08046691018268     
   25.161729341135697        52.435285874594591        129.79004283445394     
   16.760256350222676        52.408564481081676        135.70470154188354     
   9.5115567354548034        56.469264077909422        138.44897747290005     
  -1.9238262618775934        57.888058931002362        139.95255423899860     
  -10.122554151483655        59.886836331463059        144.93033127260577     
  -19.618973327159324        64.409882345345309        141.71573319859297     
  -28.824883465436983        66.251801924978125        141.43706896205856     
  -41.128131270506344        62.112842387145108        139.58559598384386     
  -47.811855685257967        59.091783489398736        139.87522508544336     
  -57.900369711350351        59.406642709428397        136.98971338694062     
  -66.701022115735299        60.096951280550137        131.41158025596468     
  -71.685965237425705        62.168287349357257        126.23865841127594     
  -79.600706900699805        67.328186003782349        122.74379027164576     
  -88.496602853083374        73.598661452994364        119.51000186058914     
  -90.463529423585044        81.201062590371833        117.89326725353257     
  -90.509245184565458        92.678628143203227        116.13543505560429     
  -92.502142478104872        104.02157528652049        113.44488455780825     
  -92.467236209934327        112.28061081996648        107.17771771082752     
  -87.001858316252793        120.41207822012174        110.07582105364270     
  -88.042196601714295        129.67684660684881        111.90497827870894     
  -89.887958565457581        140.46957354614784        113.65925750940369     
  -87.169286629680812        150.20834738908007        118.23475270700806     
  -81.963742513256648        156.31916315009443        121.16209870970496     
  -74.998026298420200        161.92031087654453        125.17468053891625     
  -66.455536351889208        164.19638750946967        128.36389509369727     
  -59.201556618450070        169.27145234312144        132.09896820691566     
  -53.252007651639360        175.64146079442247        134.06991271384857     
  -52.205733856667564        176.77545012700517        142.57946992701673     
  -49.477518429817110        179.59493113818741        151.94995058143058     
  -47.025846361069341        188.23887019037431        158.29949675766358     
  -47.287911198739835        199.25570169719452        161.62976120846085     
  -47.608652807515739        208.70621075998497        159.75505789457850     
  -45.990313300994217        216.77422989266827        160.51076158881631     
  -42.447173276415540        222.60193889466615        167.67400542663961     
  -38.453946064866912        225.92148557934075        172.40973291368428     
  -31.953133688046549        230.69325309173078        173.54372339470760     
  -25.905496866086438        237.71277073879509        178.02055679476709     
  -18.322397087398727        241.64308790721338        180.00147550958309     
  -11.001326824342314        243.53501554879477        184.05360275034775     
  -2.2457775739968757        242.71834710539002        182.66061135377240     
   4.5594969797046891        239.21568600375880        184.06753604491030     
   10.282413781954560        236.86038336824348        188.30963699152466     
   17.614662063487330        231.25575481863862        191.76193537325929     
   21.886982815633573        224.03982568538626        199.15453246730988     
   24.726970464490691        215.25457783294533        205.94844115799856     
   18.567229101588552        210.14717965059995        210.63634103399119     
   13.423674319624851        201.03794512604259        210.64384679963973     
   6.2117840059720910        197.39975009463350        206.19894015682695     
  0.49602579787578749        192.31837032147160        202.88116649559720     
  -5.7970877706240040        184.78778704481360        204.50756450428219     
  -12.252080220431040        176.48141445009557        208.08861756384744     
  -18.163731059735611        170.04263772648031        213.34746385498028     
  -20.040472513414059        162.03874465624025        218.70560280809320     
  -18.148982000299569        152.02370001728389        226.12566012553543     
  -13.620201681069730        141.19864393932582        226.12560545661307     
  -10.434767130025776        133.18562273220707        230.40696607410598     
  -1.3025387279825655        128.86844512652371        233.50222545394337     
   3.9231743521208240        125.80943395142179        239.00173285603648     
   6.5596114394519835        119.47705072651026        245.03953248143739     
   7.3423366620430519        111.95533529717412        250.71868882915470     
   12.845840672929896        103.23898745871371        249.37483511145712     
   13.118552878723378        94.708622355395704        246.43736376279560     
   17.924090064285039        86.161878170921881        243.96495857785970     
   28.523262163301681        81.328830516551278        241.67862952782912     
   36.240366862448852        77.359854336963565        243.46659312030391     
   44.615729085160396        74.976607213143780        247.15667956468116     
   54.416048396629932        68.952048384772226        250.60597155235791     
   63.790899509421067        66.269187898651438        251.19113524417827     
   71.149993838326949        65.006628360227225        249.52343923739284     
   80.827629008522976        62.433642698013223        246.16020746498612     
   86.255457665035053        56.933585706855567        243.15355767567189     
   89.479510333705022        49.329865215534078        240.08959075855870     
   92.084836529302137        40.075595953000494        237.81230603099044     
   89.414819509908952        30.156948392840910        234.27402805835021     
   88.894613202789103        20.684147749778440        237.17229905646491     
   87.053978511461125        11.332063656313089        237.92656460984239     
   87.880914931260961        3.6593718902125763        240.94988370713736     
   82.046845839265458       -1.6269251862893479        241.66977354215987     
   76.074817655755098       -7.7654067560722879        235.70825636638000     
   70.859568758886766       -16.047537164651452        229.94770981869942     
   72.332664078320121       -22.429528326139994        227.76587691302774     
   71.746115777641748       -29.760037154389316        224.15091317507893     
   66.630553671526840       -36.768157404643098        218.76910513661073     
   67.308395494912062       -41.079782988788715        211.44309202785024     
   71.226658336296154       -43.640882782764812        202.56189566082099     
   75.149165378208679       -44.473455837272702        197.45547954531406     
   82.740245482085285       -43.276448866108645        190.99334808966120     
   91.324819369554731       -46.611388645729825        187.81811318912861     
   100.48671144187129       -47.162006799974456        187.47104363740181     
   107.25711246033738       -50.878158632730681        190.74559958635007     
   112.63398275689660       -57.291355057007003        187.50297098185882     
   121.16681422339165       -62.980980221884870        186.28256268425687     
   130.94013974938966       -65.287374977050661        180.90200887681323     
   134.87320794655986       -66.092139373109575        171.52053720732388     
   137.57546673008667       -66.286845888045235        161.94566472490990     
   139.06205025298928       -68.119691740142088        152.91231365144216     
   144.65873609383246       -68.624686664569509        143.76694401346936     
   152.67543414875618       -70.477559423003129        136.97485774426812     
   159.17667461331686       -78.324996325000768        131.63948556913485     
   158.70041530289384       -86.494079401755528        125.12060601934007     
   159.64470937767149       -90.286265832654379        116.41765134454158     
   160.88783841036596       -93.134371683634669        108.14072747475123     
   162.93749252550256       -100.11929799512177        100.27822197459085     
   168.87095731677007       -100.86390157491630        92.617427096557805     
   172.54441889134094       -96.848674433601445        86.159981352017894     
   174.64062586463942       -91.747780827646835        78.264013682772742     
   177.76203707300343       -89.734608830939010        68.434164826831591     
   171.69927997133240       -84.533557693750225        59.171110516446163     
   165.40296882926791       -82.620822015219915        52.211289934190120     
   160.83001550393467       -88.488728581532996        48.657077248219963     
   151.54101418289159       -88.929027705039971        46.629089322907177     
   144.74466410642887       -87.439250229787291        46.913204559824791     
   138.17372245734813       -84.310742133686745        51.972951739638177     
   135.02317533243334       -78.673217745342129        53.336211031628778     
   127.58246633381225       -70.208350151495125        53.461891114971792     
   121.65616896213101       -64.731297236548556        54.993578946823334     
   113.90167133009226       -60.457836925144790        55.705607532230701     
   105.51800314374259       -60.656299196574253        56.214572455374253     
   96.752885540802538       -53.299068278201844        57.469720588926506     
   92.326682856615605       -52.137368035503528        64.002737032739532     
   85.240222986607989       -59.055757831060134        67.687121186844593     
   82.604922643513589       -67.031563707827075        64.602288518399661     
   78.839162246089188       -70.832593896385475        57.546007022432235     
   70.604712217179099       -75.335265937716343        53.851764532117016     
   61.733752505480879       -77.651168572956067        50.767922937223290     
   52.744686674531977       -79.755996854988069        50.337938883707281     
   45.867257732242877       -83.397523808877907        52.149620626523813     
   38.657521236650098       -90.226723642563769        55.378527009589547     
   33.393652031694728       -85.392171077206172        60.246895395564849     
   27.478787422286587       -78.420159053953938        61.119510928587715     
   22.858792334969507       -74.306329399224211        57.024722814766747     
   15.173529234968953       -74.195047561509767        49.516761154955034     
   8.5459975778292687       -75.065968827389270        42.794960555198600     
   1.5408771579412814       -80.748154313702599        40.808262111270238     
  -1.2311605855489347       -88.977236496280085        39.425487300235986     
   2.3357820996101850       -99.721787000927520        38.850022079292302     
   3.9912304895271973       -109.42219820656121        38.168975071634875     
   4.9629077452368620       -119.29363432840097        38.050674355514005     
   4.8357419062839995       -127.91604368490903        36.221017229594437     
   6.1447568454572661       -138.03170756583299        31.437879672350533     
   8.8112332573506933       -141.34926957615210        23.568537036670904     
   14.296736772841939       -144.69734850076688        16.901015277489591     
   20.783919387485014       -150.63902602592421        8.6536347129615336     
   25.833504276968370       -157.69968206259136        5.3826635104151421     
   33.586080747406413       -164.05949602365286      -0.14022746180619095     
   35.091944825276357       -167.13784225809417       -8.2577103337810129     
   36.279155027210550       -169.10745689996190       -16.588337321553311     
   37.080567711544290       -169.63458467249956       -25.751283934327773     
   37.082957070785824       -170.34591012239576       -34.098431040366329     
   30.551546957701703       -173.65609298122712       -38.800062591259689     
   22.391969805779183       -179.67405159474583       -45.075489570788136     
   14.225385338362400       -186.43851629257273       -48.276050868021301     
   6.1417421208062706       -191.52546175651838       -51.997168990228616     
  -4.6838450670452403       -192.45152081282038       -49.838160494629392     
  -11.956889568774386       -187.22864623612065       -45.566837458343265     
  -22.245716948895677       -189.85250105149981       -42.176761824307931     
  -34.472538105714307       -192.86475866644491       -42.029044525478305     
  -40.432477225174978       -187.58889156566192       -45.845493263888088     
  -45.442121091375043       -183.80375507668919       -52.462680723399878     
  -52.790992254855439       -178.85551618251884       -57.454720822409968     
  -59.640156918163228       -174.47097468663537       -64.515292847611008     
  -68.756660024193906       -169.66803632969669       -62.432951598723832     
  -79.558171641166950       -165.30878087724477       -59.623357407427548     
  -86.787682521871176       -168.19353059557091       -53.807813301958319     
  -92.964428630465875       -172.82705089957375       -49.915258492933248     
  -98.514535185285609       -178.30961729140012       -43.730120656645035     
  -109.52279782729272       -173.98967943378290       -38.253242891061909     
  -111.37879849309195       -170.34514476986436       -28.664728438383250     
  -110.48463364329257       -168.91521093245410       -20.787551534772547     
  -107.11906388094437       -171.51413733092727       -12.518208244784233     
  -102.79299787616986       -177.36989365640341       -6.4487257593257539     
  -95.958155465309858       -183.59386200791675       -5.8436512676665870     
  -89.883334001755202       -191.00000889950235       -5.1353041939373725     
  -81.968323592809952       -191.18191302172431       0.20914014555106064     
  -78.296397609643520       -187.66322536030322        7.8973521681736116     
  -80.119959830456366       -182.40551450747580        15.417565872715883     
  -81.125049069284955       -178.67146017186514        19.357891606448632     
  -85.163916928180214       -172.03250146563101        26.540854161634627     
