   3.7320100813640238        7.1529676813995025E-003  0.53215501984311686     
   6.1160468975602953        4.3898274517673173       -6.5661797441569121     
   3.2441589907959383        13.145031692226297       -5.9744178557402137     
  0.22031580361755232        22.151249612277425       -3.2599998275573796     
  0.72362951254342534        28.610978444064457        4.8048348558099434     
  -1.0351930087731489        34.144228454432337        13.849807880201908     
  -2.7364737335910831        33.536621498918393        25.415379776252692     
   1.5668412924677000        34.792387166292286        31.216784949185055     
   6.1179427662920602        38.417695944018433        37.144209930574434     
   8.1993858243625937        42.781812674062053        45.399843291239094     
   15.807726202845686        43.893733012959927        52.797801118523225     
   21.706745303516698        42.830677984084403        58.217059253528063     
   28.977289062130467        49.183795712040563        59.359458013914860     
   33.773262681592882        56.776476718911070        61.929003583357385     
   35.750362082827792        66.588211715873655        60.946706591594449     
   42.441389230163566        71.735931801026823        62.211150902976698     
   51.719450379914292        71.115934129609997        64.936860260005332     
   63.255711275713509        71.190941396089414        62.985998923915204     
   71.253571277801541        72.389176605679523        59.057473398946911     
   78.152163708660453        70.842177267280476        52.229586976482025     
   80.908601429466728        65.021415733369693        47.094816662876056     
   86.916672002896917        56.299365233335294        44.123742901120892     
   86.348030034868430        46.821427502513600        39.751268965345062     
   83.467437200088852        41.253705519823939        35.718465454267530     
   81.247325481823054        34.486221167628941        37.349497008435151     
   73.459094335591544        29.855909686904241        45.085087501861366     
   69.210999782014142        31.024282318758296        52.718483671007789     
   60.883119477269872        32.775169951656324        59.653028841822689     
   50.467073378825660        35.352896313001025        62.008123270275533     
   40.278173216524351        34.317868436275930        60.367583228402594     
   31.195487498392083        35.935143942103650        61.878400542177161     
   24.156009954664569        30.254257258415734        65.467639457468479     
   14.013058543805982        26.331713576312254        65.428517919512544     
   6.2298277698770335        21.186200222772243        65.143042802018783     
   3.8354256467952723        11.859562605016293        63.717356329558200     
   6.3269575989917257      -0.17737790290729549        66.449953162679549     
   8.0759801866219050       -8.9412684632417410        63.211978237476060     
   11.755616080447624       -15.352766785913474        59.946924194390505     
   12.843398524331690       -22.896960074622754        64.010958243777978     
   17.821660105609283       -26.421967621006132        72.105919358024465     
   24.641138385644012       -30.063587113505655        79.680758731422401     
   27.778109352160470       -35.318779972269610        86.701418503925453     
   25.694230027586684       -41.740787054800577        91.909922658019610     
   29.758425006827963       -49.932887869219130        98.048109874944885     
   38.852510844158189       -50.202546792085982        102.01559549948595     
   46.966206973158251       -50.152701420928480        106.72110956172000     
   54.579712169118693       -50.105327991139120        112.68689686515140     
   59.160113818405705       -56.546611537117819        118.20875191194833     
   62.712438017434351       -64.210838143558973        126.13457721407124     
   62.114234221722143       -69.211131195079332        135.10513195390391     
   56.468577104970848       -77.060409137285760        142.68655614430091     
   50.899470960281747       -77.043250359138838        149.17342357917428     
   45.370850063866385       -83.739283164611152        152.27297869113502     
   45.471973278941050       -91.366474704213715        155.31963822439167     
   45.942708127395292       -101.43816779552208        154.79616029915252     
   46.295920757542547       -111.99876448981958        149.65011291143415     
   46.227679395612597       -119.82751495278919        145.06230741310009     
   51.072740065581513       -126.50911147970028        142.02221398142265     
   57.332406181583735       -132.26270442475442        138.53319394287342     
   64.664459335392451       -138.67695731933318        139.44315089696335     
   74.733338761047094       -141.60370820126178        140.54135733862449     
   83.417680423484512       -142.62785569421368        145.88293409194173     
   91.664124503109008       -139.14038440942608        145.82323386690263     
   101.39781533237397       -132.31208433303561        145.79108478932534     
   108.01685058933310       -129.35907904714270        142.73638662206073     
   117.85609475564854       -128.95597199911271        137.83379401939715     
   115.67432985667568       -122.96219026639636        128.04176876891080     
   115.82913402654623       -118.58579150487719        122.47743918018739     
   117.77701882717392       -110.82118272753672        115.72767153613444     
   126.97407183952507       -104.92938047289421        110.91436341410954     
   132.44544931323495       -97.345678222458872        109.87888300243978     
   137.66417326696421       -93.324774280442796        106.44219158626919     
   144.26092000748366       -88.084687115084279        100.07133814111080     
   147.00620322442029       -84.203996609835343        94.575776971131290     
   150.57611772391806       -75.830783719160635        91.177906173455597     
   150.59563850310599       -67.830724558025906        88.140120433162252     
   154.70631616141856       -61.255554591405037        80.954672634254166     
   162.54827251058285       -58.225461421149895        79.454445963646037     
   163.46451114186948       -48.154666233043322        77.901476667691497     
   167.74268005956193       -40.038455757952633        78.485723735972272     
   170.18494290203279       -30.594831864657817        74.814956605864182     
   177.11303900061134       -22.914724975123733        73.990571762427322     
   180.79557049551968       -14.457254541592349        74.267638645742124     
   184.29232746346042       -3.9120355619240357        74.143490739529170     
   184.14357699347494        6.9281718338470171        75.883469062149231     
   184.26564707133014        14.616049465083861        81.210347324819026     
   181.59869976810464        21.412088382133319        84.513342350201185     
   180.30467738350973        28.409626789558004        86.726485145604471     
   179.10812257205822        35.298309757556027        94.502838284075864     
   179.95883577743913        43.274182849972647        98.205726068633538     
   175.55086588001572        54.434209184544287        99.626357379716268     
   171.97596586026867        62.318082522594040        103.17659096071418     
   163.22801774024953        66.281574875536208        107.89079188277219     
   155.65565977597109        72.831000096654719        114.74392184302701     
   149.99919892459320        75.403224142723076        111.49658648431040     
   140.17767537084231        77.088515660686539        112.55876404870247     
   127.45019403865649        80.272619976563789        117.11413494562956     
   120.58003120718126        82.216053996688714        125.59671763185648     
   113.45744719402609        89.840714697753413        130.11923598779208     
   107.80817170917888        100.25958895453272        127.18840111701871     
   99.644599781698844        104.85975333622113        126.01187457915165     
   91.489484480234978        103.91181577849551        120.54122383342309     
   88.212963465728819        103.37876874109989        111.54003062543373     
   80.878167178862384        101.74312634481055        106.49936468740464     
   74.478691275537017        102.38807013715322        103.51939283046281     
   65.518710681647804        108.40025876951287        102.52850769190266     
   65.818181084929051        117.51250152434920        99.479078508977295     
   65.981334224419470        123.91635196542890        99.306380355211871     
   63.723664370885388        133.13598031631585        104.28617276082105     
   58.039019558348627        143.60359758429757        104.02922547422952     
   60.918077531038591        152.19064310864172        110.58827328835034     
   67.651202651037011        158.01127630222993        107.66082254305744     
   73.815657666560583        163.11401346188910        103.83543607495156     
   79.364170076835592        170.65606046431972        100.34553746475123     
   86.410705764131251        177.93268044452154        96.961481826932470     
   91.539562317874356        187.94535635130379        96.930447278630595     
   100.41746380351731        189.53913110036640        101.16489935027982     
   107.91423976432816        189.74712541898955        106.33981091230223     
   104.28564195662187        193.81481144094687        113.48568602883222     
   104.40088506260889        200.29997310180556        121.85910621461912     
   107.04812457181248        207.45640354295915        124.67219330903526     
   109.76167343977525        216.12139708848747        128.95811303008810     
   109.36619014983077        225.36599207327055        133.84589418948750     
   110.48242730343117        231.96680271042658        139.29422275599308     
   111.72214386563485        242.29271616923609        142.01240896875899     
   113.49961670016276        249.01170101873407        150.04853845660094     
   116.31278972299128        255.60958361067981        154.46355676191772     
   114.93093027002985        262.60579209812676        158.96809401230607     
   108.76208915555992        267.36839354191147        163.82988083884720     
   103.92387359652344        265.13692888514021        171.17229559787137     
   99.320602302379598        258.60270877527137        177.06947544662987     
   92.834521007316141        249.05332013649939        177.77797169054483     
   85.378948824702547        246.51911115608203        173.24514897844716     
   76.907360596436774        245.05620231852174        167.02392737490754     
   74.981986360864312        240.36580133033493        160.21220496184498     
   68.860930632319196        235.51559450467977        151.33693596815266     
   70.238478616046393        232.51758188992744        141.27225717776668     
   70.140801611757468        234.28773749269550        130.75335044161773     
   71.186134923774034        233.77993455455805        121.49454148750286     
   67.294096199949593        234.26899611173053        112.71637602275649     
   60.906354370809879        237.36219381661408        103.80994798538376     
   57.541306614841801        235.13078113570089        94.523807766342344     
   54.182095631809943        231.89079650356581        89.151343571859769     
   48.455808051951351        227.26212296817607        82.054055193005524     
   42.895485532339819        223.57973617352030        75.648350657816792     
   38.426082719736542        221.55408578309778        68.227226075617409     
   33.074412885952540        221.48580865556818        59.297217237602396     
   28.827652129313833        221.93725641852524        51.467641255182286     
   20.295836207417892        220.86869718056283        44.334042249595370     
   12.622412049256639        218.53356128490361        38.698296662077041     
   5.9666515868732972        217.40334003609837        33.273250529834684     
  -2.1012548945149092        214.98424366025858        29.817722616580681     
  -11.058875380308223        212.17659223038163        24.944421932706291     
  -20.695828966550209        205.40852385983317        28.164737657884046     
  -27.316840630070317        202.26441154622802        32.898506292227736     
  -34.398187422673743        198.68065022520329        29.988792870341570     
  -41.183240007687687        197.44352670088330        28.920325418342202     
  -49.294697038810000        197.75901090585188        34.566827898305576     
  -58.362289186193436        202.17838263014937        40.917181866308482     
  -64.014093907458630        210.86539917598236        43.245692913657251     
  -65.576157172253602        220.46083070905928        44.204835988313633     
  -66.245361298047555        232.07083688708485        43.508733031107042     
  -62.427085147174182        241.59073994082001        41.698507064868451     
  -61.230705572418628        249.17209115709500        33.242588829227941     
  -57.937212401818499        256.84832524543424        27.779945274954869     
  -57.542924287654955        263.35817445136024        19.770614469297925     
  -59.110984736250430        269.89004822889729        14.698216390574117     
  -59.324533879145463        276.06198434532689        8.6287356336098640     
  -59.285313447091141        287.06653113298091        4.4746248875610775     
  -61.457096277566791        298.28243707624694        1.0538274969808725     
  -59.377875493799991        310.06606151477200        3.8980575639655157     
  -53.387610632869617        316.51435608964061        9.2044645040029813     
  -46.412272520128724        322.60470950087148        12.600837253575952     
  -44.056112027509897        332.28442990303870        19.067901505460640     
  -47.838180442498199        341.71663623279585        21.491097006111421     
  -55.514600494050882        347.74382421801863        19.135962940236340     
  -63.198301332958899        352.70285720117221        21.446237646532914     
  -68.156879118967652        359.57317671212132        22.014682770852659     
  -71.159448845362064        366.58837673716300        16.408918770750667     
  -70.991202413299618        373.27976783120289        11.465035886016196     
  -70.625298664643239        382.32232140676518        9.5563064921522241     
  -69.180649340167804        388.93809384651263        11.925024641597098     
  -64.466977923468548        397.80245600022897        16.486466231239739     
  -60.392383806219300        407.87527556793736        16.227234025019762     
  -56.268522759034397        417.30377500007199        14.411187018326139     
  -54.693998343265150        425.26750585329444        9.9829023869351516     
  -59.059612442246866        432.51096083435340        3.3452731471908876     
  -59.436763637636012        436.64088668067865      -0.99549452484745871     
  -57.793085334859413        441.93049021639854       -10.868106425310764     
  -51.715822741816275        442.30714257610356       -16.970605411492230     
  -45.614238986173078        448.24098212523836       -20.273354788325193     
  -38.770214088648515        447.41936905939224       -27.999802036963978     
  -31.461853162510828        449.44484260702228       -34.361323343856171     
  -22.028377924101061        449.22180954151435       -42.147528411877097     
  -12.148510667812147        449.02349233585102       -46.239212955362369     
  -1.4929033103845741        446.28178362396818       -50.959853587775839     
  -6.9979053591385565E-002   443.01208518431463       -57.754537997894126     
 -0.51443777649450162        435.80966339021450       -66.145569806866121     
  -3.3600798652717447        429.18549777409999       -72.566822553383872     
  -12.408385007291891        424.09335410607844       -70.525327640709776     
