   2.5182346161079181        3.0839542534174882        4.9877378961719074     
   2.2466749514424578       -4.6635738525494048        9.2869416445536785     
   8.4346541381090674       -5.6810107139449144        15.321498259075668     
   17.225367247562659       -6.8605047488946980        14.889752955257393     
   25.953538792515900       -1.2413875883289052        11.917277418144380     
   31.258789507456697        3.1933717103568995        5.4265477996956974     
   26.005928934222027        7.9775809981287864       -1.4954473471739789     
   21.055060894831129        15.345459543121251       -3.9802925170494632     
   19.499254529731786        20.447465618524262       -9.5113444958930984     
   18.831437698725921        26.608476708813924       -16.766621017238293     
   16.922699013211883        37.319333840315551       -19.906446965897885     
   14.968998759086205        44.927243169436451       -21.132945999104422     
   18.404235559610655        53.993757972669073       -20.497904845370471     
   21.555809984831342        61.731403951896198       -21.582331501997771     
   26.917806834735714        69.401412585241928       -18.969158357657221     
   27.282976582756746        76.295177380897414       -18.465980766505197     
   23.093079004291852        83.607414937916928       -20.709178859116676     
   17.369142017472313        93.031481652285905       -21.081460339727983     
   17.428025445311320        103.34023687582831       -21.563261825652361     
   17.677857725542125        110.80949441774655       -16.593314712429901     
   17.613330833826694        121.13266870366613       -18.520023451392305     
   15.498029998463522        132.42041887765828       -20.690114941915482     
   10.702148839212384        140.78566473985322       -21.077447084457546     
   7.0268548388348506        146.39929465300548       -23.283060901627252     
   5.7952652695183531        153.57402433305634       -30.124529734265678     
   10.557537702488332        157.03942076836120       -38.318464697622986     
   16.307005706030353        159.70332873962636       -43.960595313715814     
   19.188043423125578        159.84772178278661       -54.073902140347144     
   18.128848271730888        159.43318751383811       -63.862292088971529     
   18.784193545255050        159.39203641317732       -74.953458907626143     
   21.083548100093338        160.94424469978122       -84.334814410706144     
   20.286518778260856        167.33934303105988       -94.221785349654780     
   16.583491152891526        168.23686351247429       -102.57703233332330     
   12.701406144906130        173.30446193695738       -109.36967355646556     
   11.100561859564436        180.36050538108969       -113.33476982235223     
   9.6652497975954645        190.52680857474087       -118.61028323697684     
   4.0823707483067153        199.42119885699029       -121.95360631590493     
 -0.47946435171166968        205.61045136447035       -121.71699916740302     
   1.6603493878751010        212.35803204078454       -126.52224501208708     
   9.4661867218967757        216.85204897985813       -130.48085462468677     
   17.495888041605397        221.40407107138168       -137.46308781453561     
   22.425419505105467        227.78971987314199       -142.37693396216827     
   21.790875513452747        231.34708228144285       -149.28298213581741     
   27.471948860565760        238.43780419339325       -153.82458335717297     
   34.930647983067217        242.73720616683158       -150.33438593433195     
   45.661849873708775        245.80113205743879       -148.53455443344072     
   52.979580319472134        247.65807314257205       -143.54123965859361     
   55.846247380269816        255.05229212016835       -140.92645534685710     
   59.942086904650694        263.97268670873967       -138.57608571930015     
   65.637864366988524        271.49799704873652       -141.65757061547359     
   73.237485836163103        278.55446284121643       -145.46829126432891     
   81.280717738432458        278.51631668680301       -148.85086599265202     
   86.843557792220054        282.55867831350616       -154.83000989354068     
   91.111783679999405        288.72043388451937       -158.26073299215713     
   96.839694763072117        289.22025239606944       -166.52641696038771     
   102.13482316276480        286.68399472629221       -175.87430840554964     
   103.64959366546688        286.28428882438453       -183.85017087924075     
   102.71236330356083        287.30755870487098       -192.70294280825041     
   97.736219792992188        282.82152539878496       -199.05829789255097     
   95.320841155273257        278.41629611370934       -205.84602282480279     
   91.704781576039210        272.97060304431903       -214.09613685167886     
   86.086262199868699        268.01882561479277       -220.32388367374938     
   85.512910419239915        259.53005572241852       -221.81499755157506     
   86.069003489811266        248.88684800680528       -218.82305571225601     
   89.735960027515063        244.12871894465854       -213.52634778347527     
   96.137082118974419        243.65907600539572       -206.92784845129972     
   95.392781915631929        254.57826112764829       -201.50615173489888     
   91.622287985551139        261.06645473725155       -197.82250828773505     
   83.888517200019379        265.60943745580323       -192.44561933161054     
   76.236228526791820        265.16863368872146       -184.43198346777353     
   67.535250350602183        267.78411777944120       -180.58810380766340     
   60.258097531335551        271.14910202792748       -177.26643193997720     
   50.977987773711405        273.64595973405562       -175.84872492764754     
   44.457919012810194        275.61528998970800       -179.86697774544973     
   36.823749781444050        275.03163492315298       -185.07734422285691     
   29.139571149292365        272.13172427239442       -190.25317573041926     
   20.812907310965841        274.15238236937978       -194.89037979552018     
   11.323735209205068        277.19709087929562       -195.10007549780002     
   1.8271182634266268        273.61076060944634       -194.80150168051262     
  -5.3818571867829235        274.01340700431797       -192.88321415729834     
  -15.075925301179751        272.71363018546595       -196.78393307161423     
  -23.782173181074143        278.59475520768547       -200.31627594996894     
  -32.745236890165870        278.23156879283619       -203.68810704236773     
  -40.981464186834188        271.82522988525636       -207.19917037133939     
  -49.596263638057138        265.40880108311467       -204.68530116626789     
  -57.184436875110549        259.43797811600996       -205.84743924074616     
  -60.393576376810984        251.61807721562212       -201.58547951288958     
  -59.449369741783130        243.09335987447341       -200.14967604103498     
  -59.629312414869844        233.23692303000587       -198.20109592158232     
  -63.908820800727682        225.18806142194398       -197.57529695786201     
  -67.594022329736163        215.84989709749487       -201.80130313652651     
  -67.755101637567236        206.27227807774545       -202.65294039513219     
  -64.133126074807194        200.78899595202103       -196.17311337866096     
  -58.667300081058954        193.70366766563995       -189.04675673712774     
  -53.680694985291126        187.10142674879876       -192.06042178400250     
  -44.194778921815100        183.14459556392217       -193.20018533476406     
  -33.193756599630660        177.59531121605264       -190.38428843703571     
  -25.955236010108592        176.79794757118336       -185.35580404827715     
  -17.556583177989069        171.81912428459725       -187.26259257346524     
  -15.087306512381616        172.40765103280700       -197.70647128390408     
  -14.993412998558796        170.28805378837893       -206.47778070591110     
  -12.193356797367926        173.08993055784879       -214.74738501206201     
  -12.067188843905569        179.74474982106597       -220.76748211439514     
  -18.450121825770736        185.77473163682237       -226.89089253353831     
  -25.148016373533466        189.54551012736326       -229.62860834917529     
  -34.943615203632362        190.17804573735293       -234.27394948878020     
  -44.315703784360863        190.52427777913800       -227.76024185660484     
  -48.577054645966058        188.17318848852346       -222.11724954896829     
  -50.369018071814139        181.78054596877215       -214.38207217371445     
  -48.752870609665820        170.42295123816538       -214.49218857988870     
  -49.910928806146956        161.27967882156631       -210.87504657623060     
  -51.107226745292508        160.13049393261053       -203.63048765139186     
  -48.232098010843828        160.43424872028808       -195.92911382929441     
  -43.834536053149293        162.83188485311700       -189.87569275166001     
  -37.779019760150874        161.92123767730982       -180.55141652714565     
  -33.140776235002647        162.41956144772325       -170.24030624576997     
  -26.757750010952122        158.60220190937670       -166.70414542131988     
  -22.207161876665054        151.95395441763978       -163.99556366872542     
  -23.605965568600169        147.17145953142088       -158.01253714610223     
  -24.530353407582908        138.45680823659217       -154.59633968661549     
  -25.416946564359165        133.27677491295674       -151.58916507737541     
  -22.110729765495677        124.99914584164397       -149.04111707029980     
  -13.968451163369679        118.18238880957787       -149.73827647454874     
  -11.194850868888210        110.21321486981867       -151.17291889260775     
  -16.675186149853317        100.82916196416390       -154.56812669465643     
  -15.503647112336608        91.169813837603400       -153.67345780602537     
  -14.465503395003452        81.712286157400683       -152.71056683650096     
  -11.362717691990184        72.251199373774440       -151.82619481736626     
  -11.709099200998679        62.635078142961390       -151.45308004558490     
  -7.9230501978146890        54.702374285616088       -153.36064081111240     
  -5.6186524001701912        45.787738874766262       -156.67353129529920     
  -6.4443390144695059        38.445112431017606       -163.05921159610429     
  -12.595167690578108        35.370319132483047       -168.63433903588160     
  -21.293225641921595        35.126499578838434       -174.20603178678343     
  -30.306558617426901        37.602279128690697       -172.42963069789329     
  -39.973340379926270        36.185434245136634       -168.04162560485304     
  -48.417166134125466        41.869906928290845       -166.74333445952934     
  -52.702620656384426        49.545174042298783       -163.17798830788166     
  -61.404330833102591        51.999841769023959       -163.82263912050834     
  -68.672458376971264        53.592584709319397       -169.85466435319077     
  -76.749799193006425        53.764847248446102       -177.37898862430362     
  -81.634917108817405        61.220728431689736       -179.61071993287493     
  -86.931330551427806        67.332325036887880       -178.95577079898956     
  -90.941892979530479        75.162849079555087       -177.78470076808895     
  -91.706437951689537        79.557187067835301       -171.92626766825737     
  -94.455789010805915        83.227600598808991       -163.74792625360965     
  -100.18582188262849        85.008696606243547       -154.74131465342651     
  -104.74882784300203        89.666183575490123       -150.81042287613730     
  -107.26649909010001        97.784269692310872       -150.12882079526617     
  -113.31188551314369        104.65353925216645       -150.85889868100153     
  -118.04807659283387        111.42383609858385       -153.32948389842301     
  -125.24114424268453        119.38186288673491       -154.16067581320240     
  -126.22306750546784        130.15497083307707       -153.88923467019106     
  -130.82577822027662        139.39539693912229       -152.59326777880224     
  -133.38596370603477        145.96729435621063       -146.35143608947658     
  -132.80451003191541        155.44303841257232       -141.88392998502906     
  -129.52935772347553        159.90663155704399       -137.30250942273611     
  -121.25240264009057        159.02523498788864       -132.44113723446000     
  -113.62194220099801        160.59563770837948       -127.28914948646803     
  -103.92968977000029        160.90435095478597       -125.93047817272550     
  -95.207221429022468        156.08050801383865       -123.96451030338383     
  -84.887996244926654        150.46500084219608       -125.18600161965986     
  -77.068523131805307        145.05153186608081       -130.03444678369848     
  -73.065612224534561        137.00691901806300       -133.68468676975505     
  -69.113565173906807        128.92011100735510       -134.98426648992609     
  -63.576848583860937        123.81805168152546       -140.01873584090640     
  -56.648508421201541        119.18846653712713       -141.35738888604266     
  -49.691405782215696        118.83696126212223       -146.58720024698846     
  -47.108893974537182        110.61734796751806       -153.20161904657670     
  -40.246487258992317        104.19799642136472       -160.67757155728930     
  -37.155524748868942        99.042678468374049       -169.96162135386425     
  -36.425324310878068        92.387943897142563       -178.24669515874561     
  -38.061402876735684        86.556874812028497       -186.08868244907035     
  -36.634632193571861        77.753827978360619       -191.61639971520654     
  -28.418820211660801        72.155699696919868       -196.02008390289097     
  -19.996714095503222        67.021138407344637       -197.37779291538112     
  -14.809806853458298        61.472802412267782       -193.19914627115040     
  -5.2898433023670748        57.800213430886117       -190.63975515445617     
   3.6964007106105612        61.384637718367912       -187.86794208831390     
   9.8188625847507467        66.719039477933478       -190.52930530019009     
   19.495654821479604        67.188470548321590       -194.23250772404717     
   26.771741649005406        65.003534396546968       -196.23157733215351     
   36.127540655955485        62.573226768287839       -200.94567864065763     
   45.729589811413305        59.724673278462149       -198.87893076525364     
   49.500376135681677        54.557652871711838       -190.93214467026687     
   44.472137695545939        51.586010993079242       -182.66210738801891     
   36.598907171381413        53.497238185174780       -179.13679176929449     
   31.133580115518171        56.319119635230749       -177.94055703521190     
   24.595420266383627        63.582677004376109       -176.03118435017134     
   21.440818733468234        72.180486772425908       -178.44418293128902     
   16.192613934548859        79.351129612366321       -182.94661339117954     
   16.818910349200522        85.640769147237563       -190.21913158768359     
   19.132256980123628        90.800067373200505       -199.24102603939400     
   21.831311739136126        96.747420305032335       -208.75256343714366     
   22.431079268400936        104.32280222378155       -215.34077754089256     
   20.641002956124098        112.14272216991469       -220.78050638753714     
   19.502093525875665        118.15383458905652       -224.72207702252308     
   16.892058667506376        123.93431245775875       -233.69445244824152     
   17.718460218483123        122.82524643438288       -244.62375577908560     
   22.252198333741504        118.04942906171708       -251.13877388319341     
