   9.6938763598785442        7.2730274310400489        9.3898654421787455     
   8.4022357542840638        5.1352193523223946        17.197539711086705     
   15.765006397108252        3.7448105561963985        24.959399624796816     
   23.870188485032898       -3.1760079224033575        22.927705426318724     
   23.353481147296549       -13.243923247438090        20.238542805561295     
   20.227314000437019       -24.160461605894113        18.849486145929276     
   14.393491635269044       -30.864713135055069        17.531065672208612     
   10.888145159952160       -34.242027721059628        10.030005112400175     
   9.9619789251796931       -39.415309999905674        1.7370017603394672     
   14.619661221860710       -46.379407155765108       -2.8883474504594915     
   20.155779630195198       -54.872013943390584       -1.9812847747596436     
   25.860983486534337       -61.508665911295878      -0.43120154249095322     
   31.998561647160429       -69.714822718817544        4.0201635650460759     
   35.027333666279603       -74.996305105712736        8.8005584620195805     
   38.658948446835645       -81.146073516260600        12.350241963076726     
   43.801053617206065       -88.703377544189607        14.210664657498882     
   46.850591171169881       -96.558251193180865        12.004067061293114     
   51.350486484428494       -104.71258801536584        5.6661178784365944     
   54.668046506448135       -114.58118064460035        4.6208009705541713     
   61.760279872827134       -122.00108736769737        5.3549174252429026     
   64.227056099010397       -131.62785314983577        3.3996484309500090     
   63.811150565954492       -142.35314199877718        1.1364833875172167     
   64.713992321925105       -151.96187471779962       -2.9683291546509452     
   62.174476517979869       -157.94601491845185       -7.5844412439347764     
   58.998877999993326       -166.71149114053026       -6.4541205748060406     
   59.489444343572202       -172.82849314863859        2.8223206364261131     
   61.659481407822618       -174.44825965051007        9.8626197248552501     
   61.666699343156175       -175.73134933898524        20.271698972679047     
   60.545578988325701       -177.27937335231263        28.573406677066998     
   56.403685229893085       -180.29566570219706        39.467436916792366     
   54.759674664999480       -183.53316424309662        48.688062023963184     
   51.839856425907108       -188.87458521916682        58.198692964948890     
   49.523061966029189       -190.47561568991620        66.817421100378539     
   49.031149300039708       -194.55054990676666        76.233063012791433     
   51.460341775684363       -199.13440256082572        83.282342669670129     
   57.315390016098746       -204.36101894080088        89.318980245694434     
   59.081317420162968       -210.60476791658377        96.447587822132817     
   62.671716474527372       -215.64937056579339        101.44246105273982     
   67.887435121501667       -216.21170916523167        110.17752309375004     
   77.491969667097294       -216.36681758578132        115.72366227162141     
   84.930068568975045       -214.68909257817296        121.71121436465690     
   89.002307909205967       -213.36586814593500        131.14991346487028     
   91.128455516158709       -207.89491049409122        135.41430000651820     
   94.676548716505607       -201.12991584744540        141.86160277351735     
   103.34861480526210       -202.84272387720327        145.80205866273775     
   112.96753918812014       -205.11370195489570        151.63587176616176     
   119.00865676011520       -206.63308390542312        157.43408595042823     
   120.08510197573416       -204.49037504445377        164.85398825789144     
   121.69508432947070       -200.07989434914791        174.91861414481971     
   123.98846563782345       -193.81063785368383        180.70778884834107     
   127.53625363805654       -185.31575637296808        186.74594316598785     
   133.05728322354636       -181.56149756960878        190.69153535149684     
   134.77888394544760       -173.90768870285370        195.20985029471731     
   134.54465085585858       -168.65193051982612        198.78360111987837     
   139.07867418085686       -159.22753150066279        201.22671008700422     
   145.09178184501206       -153.05934046868333        196.68675495701572     
   147.96802126474492       -147.84034721027399        189.88728002412421     
   148.55957842670105       -138.50465241825199        184.62479739617436     
   148.33755898525561       -129.87475889026007        186.09537839699880     
   150.86498797644416       -122.45034848106334        185.34810513279729     
   148.21448925100606       -114.00577591915493        185.88873448143198     
   146.08542218603876       -105.80990801556385        192.01802241579148     
   142.91297468010899       -97.125229312210763        194.12654855964064     
   138.12453599511528       -87.556129328736660        194.61071321168538     
   134.58498187087721       -80.605300940922234        193.45861661732431     
   130.08464836925640       -76.241806775066181        188.57553486077416     
   127.35827650260730       -73.245241853953559        177.51083201194498     
   124.44563310401807       -73.553243023604807        167.73181285480595     
   121.84008190871982       -77.362455362633398        158.92894607012730     
   121.36394042509697       -82.314749582260390        150.52580433569725     
   121.25686120485835       -84.529306906129392        141.02876295542362     
   120.05067433527884       -84.653696675943735        132.11716354384748     
   122.98276748198116       -81.357109894955300        124.75474857579229     
   127.53055705371743       -80.591792201904269        118.72816969805132     
   135.05459998691092       -83.997937929822939        113.87336673285591     
   139.66501421710612       -88.990662004824742        109.77436011931060     
   143.88054950922358       -91.648859575321893        102.06253650044968     
   141.17681407895228       -98.609103634131799        94.669981475355513     
   138.33880384526856       -105.56375327998694        90.966027851691052     
   131.50687545475816       -109.72945591155246        87.126479709276424     
   126.53948000133414       -116.43955596730508        81.825581789325526     
   121.09700548006643       -117.73673259672010        73.514132122013237     
   123.16939178541618       -122.68736454284262        65.787771900442451     
   121.53544469197553       -131.07945004832811        59.992335831605303     
   112.16994237809152       -134.08995659631671        54.574248548211841     
   103.06347081646095       -136.74303834799019        50.409312636607325     
   94.723964477938523       -137.02963222446337        50.081558348355159     
   87.394873770037009       -139.49268774970633        55.288624956486700     
   79.244148302366909       -145.02709213480608        60.889875123449727     
   68.386159179299369       -142.08340677637881        62.019599150262962     
   57.453738602909908       -141.16020573662820        62.348839906116893     
   48.441880644756267       -137.42865088243326        63.054953854322619     
   43.771676780554245       -131.59684745793658        67.997249669572795     
   37.507452045430945       -124.19741616958717        73.067392945067184     
   32.869678798762394       -127.70552410686675        77.677544275937194     
   24.958851387958035       -128.25202467733976        84.511592319847722     
   21.251683091133941       -126.79040966849777        97.120382187580844     
   19.715315560997936       -119.32694912262303        102.80791454094418     
   11.651997275835683       -115.16029049987445        111.07195385027465     
   3.8038890033158026       -121.27577399926844        114.49760906886769     
 -0.44494880353487076       -127.50079116420869        119.05175443033995     
  -3.6596936771551611       -132.14471176947873        127.93240502843491     
  0.27496222190198694       -136.32655345364702        135.95633878174985     
   2.8775132312171223       -135.50509128986167        144.28079460945139     
   7.5409585908747943       -136.56198306938364        149.46606084107776     
   16.333040059213047       -137.04656130808280        156.82101182192224     
   25.859116833915749       -138.70254662701041        152.71474839783394     
   32.565264305468276       -145.09728684857390        148.63838809314538     
   32.722755141167255       -155.33109614192747        151.69893669780149     
   28.275239595955895       -155.46862934809843        160.97392842293289     
   20.610904563260306       -159.57702421069058        165.80763012737569     
   14.895867590606258       -164.70049793698300        167.96886757798862     
   11.427963493991840       -171.19691147376710        169.29439800108560     
   8.9521451232496645       -177.62142516328100        168.30715209497083     
  0.73261150693321042       -182.85776473107151        164.68201430790333     
  -3.5164229110081493       -186.23599128340771        158.53064826258611     
  -4.1557447913158825       -180.48051468325761        151.95821526736350     
  -5.3035939328563444       -171.46509162436104        151.59223424176338     
  -8.6583139012702475       -164.53070500043231        157.62944608554068     
  -7.6650715564177432       -154.01193589548797        160.44025794856245     
  -12.165398818398032       -149.08880404787470        162.21217617939021     
  -14.894138070794128       -142.13278129853182        158.71019537446884     
  -12.171272205390025       -137.72973107718900        150.84777785153142     
  -7.6700665534803250       -132.45346654842888        144.24476235180555     
  -6.2005516594096974       -122.68967046181623        148.23795918432893     
  -3.1031496771285560       -111.14907895551852        151.65964642953045     
   1.6791542016934358       -104.08514411067523        155.00911053121214     
   8.0672109422331033       -95.678588639363653        157.93287418428801     
   10.768047730356642       -87.493134731593472        159.33346029877103     
   14.675363411107071       -80.266695342029834        158.04939680027832     
   19.701898690600473       -69.953769005369026        160.60869983912775     
   25.742115578287894       -63.327183170198651        166.11544108181863     
   24.955680872925555       -53.042148125638334        168.40104345352887     
   22.977089505091143       -47.851010749229431        175.35323860258936     
   15.487618094849410       -47.360553677657180        182.18197579507421     
   5.9300559252789924       -46.396981573957788        187.99601303936680     
   2.3797164797058628       -49.895124372110644        195.11953719491257     
  0.75541258246995824       -55.662826184925422        202.89864415667165     
  -1.5911679115033053       -52.855117815726999        210.17544394383174     
   1.7500155326298596       -49.639336910080061        218.50274101659966     
   5.1580041856039713       -42.872390534501619        224.25630569585135     
 -0.44075663734089687       -37.514182979861971        229.69401189386599     
  -8.6334338522968608       -34.125729656336603        228.69389552716783     
  -16.204489123050635       -33.101196077252354        226.29806378975886     
  -21.262928015324590       -29.566199328050686        217.31152102949886     
  -23.560089402763580       -26.300393013163273        208.20208118602250     
  -21.385457218911569       -25.521688566240982        197.67416079018244     
  -20.125176220158153       -30.409006526862640        192.85408090275851     
  -17.460537825709835       -32.462441967450957        185.08425812194005     
  -16.218280371051193       -31.384026315133212        176.60033699958777     
  -10.809743487953867       -25.707461457749190        171.44415646473749     
  -4.6751370876083627       -23.978466942173355        164.85987843078058     
 -0.79964907306431598       -23.454854061495269        156.78725775806433     
   8.0253597275429911E-002  -23.867527193633293        147.65168668965092     
  0.53922793513750200       -22.213006070094082        138.71301828398117     
  -5.6978400049292333E-003  -20.322669269858665        128.13152812058547     
   6.1856059909757732       -18.057589315458532        120.25918142302923     
   13.570092217148787       -11.412689985468157        115.04169669784223     
   16.851909168965513       -6.2496542013969849        112.37320282395117     
   22.073095302541219       -2.7354386754898208E-002   107.25667168096379     
   26.591102616886644        9.6917384643666118        107.25968541161342     
   33.342821143802652        15.530245801279653        109.83289264767853     
   38.037168837644089        19.142386394467280        119.43139340278495     
   41.641865743804985        22.324360910480866        127.73676473284560     
   46.645860372408229        25.537287904016125        134.46243071857305     
   52.473923411936489        30.888632500289983        136.02095177219522     
   62.270318335075814        33.009800419466352        138.26649806047678     
   70.433882205328658        33.509246606042069        140.13052981253387     
   78.335680684158461        27.442440127368528        143.45586204040237     
   85.464108907647685        25.638950015043356        150.28533830257263     
   91.680542308605780        22.630799397673076        158.22400800552981     
   92.096354220768163        15.841668335720342        164.91463273466039     
   92.099458779961438        9.4895932559398020        170.51919474149727     
   91.921133352727693        3.4577660727175115        177.81358399352570     
   88.564914115126157       -5.0760138672571884        182.40560696791189     
   86.176844765356691       -12.535730275787961        187.22040691623363     
   92.606589668491964       -21.540882532975338        189.75703175625196     
   99.249762201181454       -32.482931333962213        190.71124869210018     
   106.87788449144000       -38.028592365190661        186.46968424033020     
   108.40692222008673       -39.526035175574037        176.99626386441824     
   100.53222685284942       -38.350438260468202        170.57480730666461     
   97.008887725330510       -38.396982036751723        162.99068309305480     
   95.653743997363151       -31.956394363432338        155.99633571930272     
   95.223657810682965       -26.685183348660267        146.91952509421424     
   91.844172954875745       -20.732705980006820        139.04019483058207     
   84.851164773086310       -17.666855200607003        137.14415780217607     
   76.268038314539197       -19.211237263725366        137.29301784430936     
   68.529966387000414       -19.819701432304257        139.77236254170759     
   59.140677997084516       -23.212848602906988        143.32223165154846     
   52.337953155301129       -30.111353513805547        144.37082844189618     
   46.883666449736722       -37.074339332840381        146.25289829973968     
   47.444065728479259       -48.435634434994022        147.98133016339401     
   44.883908423178184       -58.317282276741444        150.51854275067041     
   43.492567615302448       -69.272703292526103        153.90931502166117     
   39.665295268162822       -79.362223608593155        154.60216706111913     
   33.253477009507591       -86.149211016546033        155.37851787541797     
   29.185791126105048       -93.000922243103190        154.78491358374433     
   28.081081055157043       -103.81618874198519        158.47368267293544     
   29.838604320898614       -110.82385694872579        165.75442657955745     
   32.885422807691796       -114.51858136469717        173.74259000117249     
