   4.8199307048836033        7.8630480909860125        4.3644445094668072     
   7.4557637763016942        9.6136160304636178       -4.8104454643524832     
   9.0990251302396530        16.053866641025820       -10.376244677372938     
   7.9363895640074986        27.067354897385599       -9.5216357590955454     
   1.7004003428741328        35.684360818989887       -3.8432525718210400     
  -7.2957573938933820        39.347758981698917        2.2707781442778128     
  -14.300244633412802        36.666349603214996        5.5440841461621631     
  -17.576753778868301        34.295517165036642        14.025245886746973     
  -22.284688409489540        32.582290977172931        22.379045592736304     
  -31.973434783707603        37.207633264278570        24.526094042760803     
  -41.950672962473533        40.601569773043423        20.652904853754649     
  -48.191025863634948        45.275289973925055        16.672864134563838     
  -54.841857595517844        49.680019026951754        9.2601763729516620     
  -61.584160345934364        55.427688689589502        5.1884824418568769     
  -69.153835592151694        62.558079961795045        3.9594822030278465     
  -78.365702753791766        66.258812130182150        1.7765714786496005     
  -87.505669274654338        66.678211847992600        2.0065563471713403     
  -97.933097834111436        64.562316884371398        2.4022232163727040     
  -108.84006280284939        63.432201621597073        7.2488192498004196     
  -116.02060080405539        60.308437901088610        14.116907500915033     
  -125.56096075247638        60.542410870349613        19.883292639264710     
  -134.75158452186483        60.737715840065050        23.908234454614103     
  -144.35769509440735        62.992416022110149        26.633534096917117     
  -150.62698518971098        63.647409606679389        22.255423199129496     
  -151.34153742173868        71.846700582066148        18.312884439547702     
  -153.40865927177563        83.277222677274722        16.713443006154648     
  -157.06320931513997        89.623137560008956        18.630080131324974     
  -155.41546743949692        97.747052580314005        21.161331762215013     
  -150.37011178134560        104.44054308182456        17.624131445436433     
  -144.95805731325319        111.23895283728626        12.812604547463991     
  -137.06879162585810        118.71996092039069        10.945522419632482     
  -131.41866313124186        124.05669144241881        7.5878046291626333     
  -125.89466728929438        127.42700468608388        7.1741247714406882     
  -119.06783762278747        132.78264461744686        5.2368551639880820     
  -115.53999705352842        140.93521227141753        5.9243004812245204     
  -111.04000599476865        148.81307858913522        6.7363207744905935     
  -103.02227006413455        155.21020373020917        3.9170970455014640     
  -96.224075441311740        162.75347726344825        1.1365103121172524     
  -93.291386203598734        171.75748273661071        2.0330521469566634     
  -93.514234800196988        182.11493001998582       -1.4851122093203912     
  -86.706102193924579        191.23229861031803       -4.7467507192878315     
  -80.620742081068485        197.49660659787014       -2.7938627859417693     
  -78.492316257837388        205.53082291821511       -2.3065852619641873     
  -74.397671294225972        212.41676396747073       -5.6555883393758108     
  -72.809574736631376        215.82205828635114       -15.917194709335206     
  -69.728511351655868        220.15983062037066       -26.278841149634218     
  -66.911626978341346        224.54647038562894       -33.229764776525428     
  -64.790295863341157        230.58598856352700       -36.254161944990756     
  -62.451737467192579        239.87830754758482       -37.639411572534925     
  -60.244099037031845        248.62393346654767       -38.609534827906884     
  -58.039489120864786        255.85223533901257       -32.940642607521113     
  -57.774703594263393        265.51361506379334       -26.964560491755662     
  -53.425397969391867        274.28658137267644       -21.382923928276227     
  -50.167308337829944        278.14679176108370       -16.198183944514824     
  -49.230239673428592        282.29866322367150       -9.7297195631338695     
  -54.515742349809656        283.67156057106365       -3.8599989618083441     
  -59.077855434538904        281.36218606799781        2.4139557889241701     
  -56.665511001769787        279.25822889283825        13.803470085287756     
  -51.606804231359980        277.96114830648071        17.989132080177001     
  -49.244233196272518        277.52674200441220        25.010808308055061     
  -45.775142923550156        278.07206119302816        32.911604419474713     
  -42.705589981226545        276.07626939415047        40.386769545674042     
  -42.682574189321905        279.65375617457596        49.292340161920492     
  -43.752225731407400        283.41082786943832        59.016578527762363     
  -46.439999276985418        287.75398946179718        67.409144603930542     
  -52.052729769633068        295.54226260699312        69.932646741321264     
  -59.355217271116004        305.79077185030508        67.146013252288242     
  -64.497848300573494        311.90689282275520        62.337619824526769     
  -67.823557138198780        320.06015846587673        60.538079977382893     
  -69.309947503984262        327.79547688807463        58.254234915738948     
  -71.861536351169192        335.33226870730749        61.981073244475908     
  -75.181003314354115        342.95476859023518        66.841184199311499     
  -74.778615564527087        352.09617578217166        69.207751485228414     
  -70.532509418334357        359.51210133730984        69.833524928805673     
  -67.753215171145797        368.34156020347893        66.769580271104473     
  -65.746468100238033        377.47303472600868        64.090551473380231     
  -63.815074795575846        386.13901367175515        63.755399222743165     
  -62.018115187470698        392.09955454186110        59.807796812232141     
  -60.306452742723359        399.68922142517545        56.435265603429343     
  -60.499240308191446        407.65646175757161        53.030835213618730     
  -62.702158744122158        413.97218901539622        48.378921697143994     
  -62.829136595013892        423.62982070537282        48.130099896597756     
  -55.451251901631814        431.23625712780847        47.232462104708702     
  -47.790122400319703        435.24167877446189        41.980271039780575     
  -44.348839821656206        443.01742993082803        33.732345463344416     
  -39.659096856940238        447.00783822945056        24.780458941741870     
  -35.199625250479940        446.77070392140610        18.462444280282114     
  -28.525691308332291        445.93487103402896        9.7470614758739771     
  -23.818148115337063        446.14218052120430       0.45528246211398482     
  -24.024303815507192        452.17403262862314       -8.7291542097568140     
  -23.458446839014911        457.57873568607266       -17.596604278463474     
  -26.896969715250457        461.79902423555683       -24.358375822358141     
  -32.089279659422509        462.68528081666079       -30.834585663490202     
  -36.450754597130732        462.00450815002125       -38.901444852085888     
  -36.730452235854685        458.98550067161182       -46.896631686526518     
  -32.227752800707719        452.70904122716365       -54.973704044107933     
  -28.434989559489033        445.14019969733641       -64.056884867529618     
  -33.106960389317436        439.89546359773232       -69.179749093788871     
  -35.659006719126275        433.94412199285171       -80.077758023519152     
  -30.900208091896705        434.77562765220728       -88.438839331603788     
  -21.447213176067525        438.69968880342276       -91.850686790213672     
  -15.141007103076340        440.93176952133513       -98.158599175816420     
  -7.4721017994150571        441.90224564530155       -105.12672887711753     
  -1.6479265880522469        440.01465539509263       -110.24914004880605     
   5.5182448456471924        435.88106891771378       -110.27233560064727     
   15.758181470411287        430.80535414888004       -110.92710554934683     
   22.193240246345617        423.72670581469947       -109.76156200266607     
   30.298083991661230        416.64752642402232       -108.40129170460679     
   40.216639059863397        416.93183713184288       -110.99918275486442     
   41.534482101573069        422.27458472722998       -120.06655214367217     
   42.088294874272293        428.78997399330672       -122.30166742678486     
   41.392502283043392        436.77697544468612       -123.31042170010298     
   40.429422108566214        443.72999199787796       -121.44376710653933     
   39.157177730393009        449.91395604213653       -119.86583601876455     
   31.980525415845026        455.73319303646417       -121.28602862650322     
   26.375469093743757        454.78295156694782       -116.39064791110144     
   19.336217552796636        451.32650287214386       -112.42625228528092     
   16.484176159390984        444.01349451293800       -105.40656492394169     
   19.841580559631591        437.63903985788852       -97.547380381345363     
   21.388241022501635        430.18841490440559       -90.233475949247946     
   25.319498214828176        425.56323842767318       -86.165030473251051     
   31.198586734928899        421.30601312666005       -84.633748653982565     
   39.712316852821026        421.63752216046299       -87.963473648202893     
   48.723101791705616        423.29468358123722       -91.873696092277697     
   57.676255297917564        420.94441047801155       -87.223500210488197     
   64.193573540824275        415.09648466421692       -79.945661054366127     
   68.012870646217550        408.85180294754412       -78.282654660068033     
   72.217033538474453        401.58969588763955       -73.935059613166516     
   76.826285471063386        395.16781279907616       -64.981719409037964     
   81.929522175224150        389.17223975772959       -59.530403961618958     
   90.570071044417716        381.00417760732410       -56.081139094774528     
   93.267261351775957        371.55100613837294       -57.468818046039246     
   95.737058578488401        362.35849843780750       -55.977147455232398     
   97.386028997079507        352.71537656358919       -54.918746722306651     
   93.098702218827839        342.84190799782937       -55.051803701725930     
   88.358586994982275        335.50818320310998       -58.783594934787175     
   83.438263678240460        334.84656328801901       -65.819296868408571     
   76.091766045278376        336.19851414918423       -72.250987380671916     
   70.634185214440976        329.65942680873559       -75.848669061920020     
   64.969763866129895        322.43297129041378       -79.730392962901931     
   60.234336711099701        315.28440611601587       -83.221066965139755     
   53.345873952104306        310.45128289672130       -84.877787298891917     
   48.643472642945980        304.97173635157651       -78.005905399110588     
   47.337767607036660        302.00346923555537       -69.048470099331610     
   49.038034264949815        303.11897144938951       -60.015148780991126     
   49.398752828699777        306.62563034999857       -50.923561834232032     
   48.223956550798498        316.50587922991656       -50.378009584936763     
   44.011824054836424        321.62544002552278       -50.801309480907719     
   37.892482477122520        329.13216338647260       -51.196078723495475     
   37.267801827748194        338.36826362540785       -52.311935752958220     
   35.743625424614550        345.38979611108641       -60.338643594908604     
   27.690572450799877        351.88543539802538       -68.057430421036884     
   27.201617921191712        360.38098281290331       -73.526110990438099     
   29.420178016604950        368.19412287358159       -78.744011822172126     
   29.333215549799988        374.58887559894663       -83.320612789198947     
   31.676848450343911        381.88844560537621       -91.860049441158253     
   31.071611835909920        388.24192019993421       -100.77780736799846     
   25.295262456207297        389.58778188294684       -110.03922211475179     
   23.302495344199777        389.50954852130286       -117.85747868723229     
   22.500335166503774        394.86219906319127       -125.96757082740538     
   14.792814332282646        398.85371002816532       -132.24029980845094     
   7.3334865942320988        405.90672119977842       -131.63589083530201     
  -3.8024400837463102        406.08179583267861       -126.59363104583159     
  -14.157877375905782        407.72470478656737       -124.22662145124633     
  -22.104988495567767        408.02718735529663       -124.11616107914068     
  -28.735209891268354        402.58924384163635       -121.63754724478892     
  -33.111455972276410        395.88900612493364       -113.57335142318507     
  -37.347921676781652        394.00983909709623       -107.68368131677980     
  -45.531942856664216        393.85134424779869       -102.12774768726496     
  -54.736222409481705        396.32218670322311       -98.615003449748798     
  -63.553188433950631        400.46794512202553       -96.527992758217181     
  -66.977985139933025        409.18358889180104       -94.201881205362326     
  -65.368697343726211        417.00973444187389       -89.736486646187302     
  -60.121281286818380        423.45807815117951       -83.043978625110867     
  -57.356762197847161        429.56347214558934       -75.789202915172439     
  -52.230461258885072        428.54733255391625       -68.060603638353143     
  -51.786231962180103        428.76688673285059       -57.008601663178865     
  -50.149557691736455        431.64862708742169       -46.485547046636100     
  -42.308849114419786        432.69281876597995       -42.640411219764985     
  -30.203715915266031        432.01249508943556       -45.479484589669028     
  -22.838797498616827        427.51101330447307       -51.610185488752677     
  -18.692711361504777        424.06692498244053       -57.365232225249827     
  -21.768121194578853        419.64147458421650       -65.423714877055261     
  -25.480615394372329        417.08410473839018       -72.631909444215523     
  -32.146438586014547        413.03908716598289       -79.654912907807727     
  -36.194141347300800        406.35655838029942       -82.831038900416843     
  -38.142315598905753        398.83743831799967       -85.867601287273146     
  -38.255883336535732        390.81434861751177       -84.449056273668873     
  -37.998390744049559        381.53723866729814       -79.077418863351795     
  -34.409318457136472        374.91025166788148       -73.061117034798144     
  -31.649869704488125        376.19760398070525       -63.178799944043874     
  -25.450746578345942        379.74594917102468       -55.435438898321479     
  -23.414152720612535        382.22039052689638       -44.962726672405836     
  -26.445213014037819        382.16706865005483       -34.900078488015367     
  -26.339387887851437        381.28093960877305       -25.467243851749629     
  -24.070106877982958        378.52507061910580       -16.136377852910755     
  -22.872015376470429        374.00748899490941       -9.1796361945877152     
  -20.226462987224537        368.89351100217499       0.45539979979798773     
  -18.913041245026946        364.88344737252089        9.7963301873771798     
  -20.818636995277956        359.32893176237758        17.937863263404893     
