   5.1812576047848324        4.8388043573526716        7.0307743418914015     
   1.4268242977703522        11.346120221759179        13.402924975878832     
   4.1781338629003528        20.469064340926650        12.267015797857638     
   4.5783973948815486        22.907632310960139        3.0033499396817263     
   4.6272762022537250        16.644784774625123       -5.7252671212575166     
   7.0931235912944999        9.3628519560673453       -13.654424587504138     
   11.677193311936506        3.1788328096275791       -14.733212413148237     
   11.392848859973526       -7.2734634114245296       -14.318185197159210     
   12.153941805245736       -16.904696854985787       -17.257604422828862     
   9.0088138031952383       -20.951190012001007       -24.228071115441296     
   6.6329155215447884       -21.526423115757154       -35.828437993169942     
  0.84033638113179165       -21.038762413527309       -42.380967107118636     
  -4.1276502402326400       -17.995077802375647       -49.103094186485606     
  -9.4692064048048934       -16.619770658740833       -57.508518304246394     
  -14.962633549865743       -19.339398286851917       -64.862760991766834     
  -15.608780470953832       -21.250671923981088       -74.928673416313103     
  -11.423699821056317       -19.631915418140295       -84.326075130356514     
  -7.8873770459759953       -14.103396969710730       -93.085279601475662     
  -3.7952820036951493       -3.2902428098651626       -98.162916477918031     
  -2.5311373931975822        6.8664444892728511       -96.225493180032004     
   2.5752671217070429        15.082116032481053       -101.09842253528083     
   8.1269958541822689        23.193343627839795       -101.10571134372344     
   9.8126295765105596        31.282147140211976       -104.81362077353401     
   3.5001785487584414        34.675579958239496       -110.16696732978158     
  0.54683640900705655        29.979053633099227       -117.88949746199097     
  -2.9030434146674509        28.519885582090239       -127.85448105968302     
  -6.2442480231326272        23.660677384525002       -134.83975131132766     
  -11.470003371564459        17.867056177239363       -137.11772927844899     
  -11.935857779945806        8.0883432435359737       -134.57793717710729     
  -11.137450588196316       -1.1442316147455358       -130.78032741057950     
  -13.182648732298333       -11.888505245276008       -129.50396618531948     
  -14.984188919235820       -20.935916822274066       -128.64227196151421     
  -15.794649664195532       -29.425875913585344       -127.22930567431038     
  -14.345517163851667       -38.986662238565998       -122.48346462385288     
  -16.495609401204675       -44.433141456597070       -117.31809377163361     
  -22.139736846528820       -49.449253435901880       -114.54295578584868     
  -31.484311074019871       -52.224828171760237       -115.00714981331197     
  -40.335983528374697       -57.496204011300051       -111.73834789833126     
  -46.465472444564284       -60.234003840715957       -105.78082887248434     
  -50.624728437928127       -64.707785635425637       -97.394743217146555     
  -57.267821919383607       -67.346048703774670       -86.903436155380149     
  -59.681335595360906       -66.891798615807829       -79.638405407475318     
  -58.146603298240791       -71.140281933715869       -73.101235242160044     
  -52.444166586581986       -78.494441211917774       -70.739002908869281     
  -50.877845516550941       -87.204901645078962       -77.114468950516937     
  -46.806093932958717       -95.138016394610815       -83.879957676880025     
  -44.903450683539646       -105.47926785102362       -84.443291344361683     
  -43.058329682972982       -113.08315963738249       -79.009122376029325     
  -39.674543493891761       -118.96723942031400       -72.105648734371158     
  -38.134209008062371       -125.35997134343313       -64.318743280270155     
  -37.010005175848704       -124.87791975514330       -55.336357039204856     
  -37.299377886526983       -123.77584146171330       -43.360465789391583     
  -38.275218398016420       -128.81845333914009       -34.855130410311887     
  -35.198408588715068       -136.97671698175566       -30.754222805842147     
  -35.266817622178422       -142.83894943916323       -24.760651174641112     
  -37.850777751421887       -145.84841798053844       -17.689074937277724     
  -45.620257542590423       -147.99722524013288       -12.545819081905321     
  -52.958413406824306       -156.13449590699793       -11.885782944575126     
  -55.402902792652071       -162.25381312149517       -14.015286715757227     
  -60.933223111269960       -167.03890089738442       -16.613412101012898     
  -63.671358178268349       -171.64085353866031       -20.478410333160582     
  -69.153984819136980       -178.40051538607833       -25.803154548716023     
  -65.980049112191878       -187.08064843021094       -29.688035081711210     
  -63.818787278108267       -197.06311697876470       -30.034038601013837     
  -57.418129091920349       -202.18006964402889       -29.309100969005019     
  -50.830135322334300       -206.15465358083785       -25.748562515022389     
  -45.890018741012220       -207.59481793447560       -17.722969284481611     
  -44.520548541930559       -208.67183382520844       -7.5435525877763236     
  -45.188707053261460       -203.92671639721368       0.11839471238831789     
  -44.616549483625697       -198.25523961009156        6.7663525915863207     
  -40.454523343858035       -195.87648968872841        14.181065856669351     
  -35.956903422037875       -191.60723845864007        22.366044811451079     
  -30.023881167995182       -183.84197901978987        23.826721393021767     
  -24.604163264922970       -176.34030023930492        25.815844803586788     
  -22.014714422716988       -168.58384209819883        30.181795266668189     
  -18.672686632781744       -163.10462987126223        38.820692947394974     
  -16.935516526949780       -156.78098557954783        47.081504445091667     
  -16.664070611550937       -149.96277897651780        50.495244978829817     
  -15.101851796424707       -141.58627718352639        56.017494855334832     
  -14.103819842101057       -133.63593972319003        62.392569518555675     
  -16.804609019024820       -126.25223321328858        67.736478560590257     
  -17.550440060067668       -121.86864654947047        75.810507500227828     
  -10.740859843647140       -116.08743781745707        78.061251707595019     
  -6.1875697777986112       -106.98239823506063        75.557555286188446     
  -6.6530483716952595       -95.932358826905187        72.377285101058305     
  -8.8179596449458124       -87.280262522349034        68.408291290672608     
  -7.2304192706401516       -79.651952174553941        62.441655749621148     
  -2.9789644632783552       -69.982768709026146        59.296275694044674     
   2.6261884769342214       -60.844108423546942        57.892439638208920     
   2.9914240757130028       -50.513777085259989        57.325418416333108     
   3.8001758828407231       -41.298789612506454        58.170616215022321     
   2.3714556887835596       -31.448081590033748        59.909262259543489     
   4.8883925409442703       -23.729855161134392        59.676093934337175     
   5.0049915166359433       -17.185425491574531        64.239234973518677     
   8.4317443021310545       -11.604075017045060        71.991995791260365     
   14.890572553491527       -4.9088478649323095        73.815941817735705     
   20.100717137025686        3.1361526422186636        73.436506004638019     
   19.164071832095932        10.914377545535759        71.598412543739897     
   21.800346080182596        21.333915072750504        69.909526105547428     
   25.908742184963263        29.306811987008221        74.495467347066707     
   27.966758874634611        29.081811768324460        83.128513013602458     
   29.168511069899314        29.995196583106040        91.330652258744934     
   28.825836461237589        30.644609641085797        99.242339257780202     
   31.894710649505743        36.086989943940381        104.83646607267013     
   38.029799597728747        42.524221145099119        112.37384174371201     
   47.107372889369081        46.631421695586567        118.73849644204896     
   54.738865922684418        49.429821754940207        123.54586210804550     
   60.483828630964176        52.237813982484766        131.13122139887435     
   59.600867827342334        58.814850870372680        137.43545760536713     
   54.571166291904113        68.999469845960760        136.87447113164154     
   50.116671822976535        73.175912323343226        138.26292856033382     
   42.087918714884033        74.506166236769531        141.43977715690946     
   35.073144331886020        76.714705054326402        147.64320212227977     
   28.741433654082403        77.667571758338028        152.63642822639983     
   21.948949927193631        80.203388635534381        159.28891963668906     
   13.497545824703160        77.751516014982798        163.05814899311753     
   4.5277901915782390        77.196446235625473        162.85764922429715     
  -4.0651233857161397        77.678743556684864        159.22892183066284     
  -7.2711106596646191        71.377952494705042        156.74041665941132     
  -14.323065964324988        64.159562559152008        153.94160893257720     
  -19.422313434525186        59.538291422546976        148.08864638536269     
  -20.497591586719022        52.344748675114317        142.72895072205159     
  -22.875073631501834        45.408498463961600        138.60522783407555     
  -28.955274547453577        40.182106852279759        133.82816761274913     
  -33.452014710429566        33.867448862130232        128.27344948313817     
  -36.792593689235744        25.667277912278291        122.81343838380953     
  -38.370679785961343        19.823514974113127        116.11791821974424     
  -39.334925477617524        12.317197758800534        113.55478217647700     
  -43.723143559671165        1.1320820280133823        111.38451775093768     
  -49.798194596058416       -7.4329874826337203        110.26318992924027     
  -52.597998564256542       -19.569964792614805        109.46549090817635     
  -50.654576014235147       -28.529807930654741        110.47383442360206     
  -49.193576536184764       -37.346786212559351        117.42958313486079     
  -48.887622046379967       -45.343400309282423        117.99190696668796     
  -47.864726647335331       -55.115289134254219        112.67079338977460     
  -51.173855872923617       -64.876516817360624        112.54736322144409     
  -48.998868245856272       -73.792687861622383        111.80212297645993     
  -44.779709467951150       -81.076406996739905        115.11788299112018     
  -46.729685038583781       -88.167065674827398        118.82856467681295     
  -51.499724586821998       -95.997003107705623        121.56271364859985     
  -57.120095814095365       -99.426578058951250        127.81468490435942     
  -60.298742821960424       -102.80851897834438        133.27465542549078     
  -62.274211463996352       -113.08882318000872        137.00988101003853     
  -68.354958876909890       -116.97630847383812        143.59786735941674     
  -76.947017255177144       -124.76250055141605        144.95216880543376     
  -85.580924308563013       -130.81348023646387        144.47956803793264     
  -93.451928206558534       -133.80511635294744        145.93868925892619     
  -101.20309759185423       -138.32000422735553        144.02023721592471     
  -110.64786607625824       -139.38695470234461        140.20608694487797     
  -115.89066980560467       -133.99457470686826        134.40971219113621     
  -120.24519481545121       -124.70256609852663        129.90360539096611     
  -121.81341081507422       -114.91947130387987        123.18329418694972     
  -117.50977817425989       -107.02654848834311        120.52528139861792     
  -113.64580279242094       -102.72553802327258        115.08023716839605     
  -111.84643699016542       -98.194548244697359        109.02376249088529     
  -113.35448505632345       -93.929556813608684        102.34711956102660     
  -116.82873762665446       -86.060415309199726        100.25890582222428     
  -123.60597965511043       -81.143759464117466        94.139499175111453     
  -129.33268651493424       -75.546012507408477        86.618120922343195     
  -127.97625236830702       -75.350993577621239        76.706916813134697     
  -131.92160768320849       -71.574459630761524        68.946484737425720     
  -138.25217797007264       -66.385680177437635        64.794173389290989     
  -144.20438880934847       -58.873093546444885        68.467106178405530     
  -143.77355587840145       -51.665202167693877        75.340457004851302     
  -146.76606306818906       -44.282404633028463        79.513937828702183     
  -144.41015684220707       -35.501558274680335        80.452612895161707     
  -142.04480758037221       -26.500935945734810        82.326025805500109     
  -139.01372396790160       -21.040097189104785        79.789572101461715     
  -143.53049442870963       -9.9948766517034393        78.165786601685355     
  -146.63627179011149      -0.76769678815832165        81.596976254287995     
  -152.43312687186662        4.8982670784724291        85.501984532739726     
  -159.86911949740062        10.303176770183025        88.665919642640276     
  -167.74546524835563        14.938993506882294        90.236630216055516     
  -174.81973129709220        21.454095930336344        88.014945910273454     
  -184.56875106109197        23.921983978662666        84.983208785161821     
  -191.09289171863423        31.291532151097051        86.513242254522496     
  -194.26346118159705        37.454416285899320        91.717658261849436     
  -196.60469039800319        43.202565158662686        100.04425259464895     
  -199.87583770419596        48.988565968810271        107.53637557248217     
  -207.86377751020174        56.158120259715119        113.63267644619322     
  -212.03204575927302        65.967728980880111        116.33261638422832     
  -213.30434111044789        75.541769499660063        120.28777140051180     
  -209.54058601085745        84.263990787893462        121.44130670960152     
  -206.54584670585288        92.598968022464220        118.96699654260277     
  -201.89784992015097        99.525775455137136        119.30009887452374     
  -195.00129860840337        106.65571536895415        122.60035902029925     
  -187.66708714165782        112.18101845177273        128.38774490428449     
  -179.40055004504066        113.16601216440654        130.30962787181886     
  -170.33993774669918        114.41159554219450        130.50294787807917     
  -162.26080442125055        113.00694320202123        126.29479180229812     
  -156.44568709001055        111.90997131379054        116.82212882136332     
  -151.51240887249705        108.29266553141591        109.24056124874136     
  -143.50496821520343        108.78358905339394        100.48303079099998     
  -134.43225497521482        110.37140841267322        94.019629350705557     
  -129.40229987753133        112.88184926581974        86.113171377123322     
  -128.31250424525086        113.32748267447056        76.065934874188642     
  -130.33853091630439        112.85820357518735        67.155013501064687     
  -129.92334190022584        115.66079691191831        56.625543406117998     
  -126.21627663438308        119.49677441485808        48.746477057970075     
  -122.33709931715741        122.54547515763269        40.305507278194867     
