   5.0013417510981242        1.2771052007580579        7.6302650232189961     
   13.724627514958108        3.1543293087594293        9.5526029818380778     
   22.441056101312029        2.3284196107709505        11.391448552602725     
   26.189253688289234       -3.8561487275933786        16.305678590829018     
   22.434492569087865       -10.428502763682125        23.939959502387012     
   18.796097056313734       -12.447578349582720        33.617597532703940     
   16.171766184018573       -9.6203273520344794        40.957672388538640     
   6.2065503378084230       -6.7217482879099748        46.721134303223153     
  -3.2321793333750293       -5.2240992230597527        50.829778088906750     
  -10.195232774995176       -11.372667728399215        54.633496532802269     
  -19.167641914701605       -19.422076154858104        59.676193505346731     
  -22.915333646673417       -23.694582495037082        64.116559470174280     
  -25.210512466589591       -27.487103364128060        70.209757648152220     
  -27.964644263663942       -30.117978057694842        79.443979772391430     
  -24.960898133029204       -36.055963009270393        85.604897939272860     
  -24.475409599810689       -42.998599225793491        89.685415555248028     
  -26.918925284552557       -51.916568116223630        94.475561024249345     
  -33.805521439706041       -58.081134158770801        99.910022489840912     
  -43.302627284425583       -56.523847752644514        103.04904522958466     
  -48.457178061773874       -49.086717946884761        105.55434590056768     
  -55.764321205661133       -47.106161452617656        110.66170519287610     
  -59.571477282025199       -42.973826538535860        120.55745224572274     
  -62.319903131887997       -44.037746394154439        129.09158945166408     
  -57.803647565159991       -51.418371172198825        134.60046455424987     
  -55.978239124780828       -61.032924404520585        132.35778192508172     
  -54.118158272111714       -71.727214909552671        132.62656339553945     
  -49.436408319479639       -78.642450740551169        132.33479485680445     
  -40.007389029605264       -81.570241839040563        131.53482284373237     
  -34.894108539391567       -86.405418537999296        122.88252136131453     
  -37.228417600390657       -93.037947298442703        116.51436839790574     
  -34.596547947282303       -100.86549765268367        108.08750578128362     
  -33.560012428683592       -105.56916717295611        99.693390884264886     
  -32.695791851072940       -111.53467625464670        91.996967484732806     
  -34.511811809581616       -119.92048501069715        87.131821018367447     
  -36.523491311553826       -126.60673786113924        81.588432840007613     
  -35.143648462431585       -128.29952699384157        71.806166874814323     
  -32.294525604588145       -131.29902953182236        61.514617798398717     
  -34.041634619698783       -139.13841466333807        54.866400257912119     
  -39.258063266983356       -143.42979261126942        49.007445101428260     
  -44.929082038775888       -146.08977372831620        41.952867199467931     
  -53.216898556065914       -148.29769893546344        32.442209930952743     
  -60.986744664914482       -148.30969799996666        27.042442294397773     
  -69.640279313980329       -152.74126208048062        26.172539392998658     
  -75.668601395532846       -162.17295769715761        26.755365357059674     
  -80.199419157381215       -172.10470620654525        23.605804238374418     
  -82.276595334109174       -181.94596682609259        19.826793769824945     
  -88.274137253344406       -187.23823535708667        16.787231077201056     
  -98.107339088470241       -190.47494139482563        9.5921708060326409     
  -103.39443129948691       -188.86360231327450        2.4693426478088156     
  -107.82001753794788       -186.90216857506167       -6.3994973214188491     
  -109.71920171658164       -181.11419450454241       -12.192579017980776     
  -112.95139480304010       -175.90999716688037       -21.346293543043487     
  -118.95084354691838       -175.47490253797753       -26.997418292819006     
  -130.27511743785769       -174.46245662013177       -29.541272887636211     
  -135.75505537076774       -175.78260634333620       -34.456787725907176     
  -138.91435364304263       -181.33749806661152       -40.150959582429451     
  -141.41878058898209       -190.47320748600961       -41.766477244449632     
  -148.98111303684590       -194.85543946257661       -45.583653009531531     
  -156.29709318447934       -195.94094421002029       -44.775728613768479     
  -164.18660735586863       -200.06910938491794       -42.624348875628868     
  -169.32160508491052       -205.61466780413738       -38.586169262031035     
  -174.96007775139356       -208.04090870313891       -32.681087815008112     
  -179.73922575175223       -204.81755416325032       -25.271900458223271     
  -184.45492791069461       -199.73081390788562       -20.166244540835663     
  -186.93092279499785       -191.36778354091996       -13.842001526106230     
  -188.16198472661682       -183.47638896488627       -13.244594920350778     
  -187.29375545241294       -175.56111461083674       -16.481432624345743     
  -187.59966837638325       -165.94459123815153       -21.119906678011446     
  -182.05178229822670       -158.91144615900322       -26.010584204333597     
  -176.38694444523529       -153.51886210525677       -27.383384198424409     
  -176.52547725784947       -144.48085801933149       -27.620446725437333     
  -174.02789635947778       -135.21568894834138       -22.864202522397619     
  -169.72905901926899       -130.60746609441577       -14.698188202562420     
  -162.81779532834639       -127.30348669479284       -8.6890447948579492     
  -154.05692264999934       -124.16503400637680       -6.5689100110481888     
  -146.40631672369136       -116.56252376953520       -6.6017429187816248     
  -138.57433709671542       -111.29552870010326       -7.2384079361685565     
  -133.74426456049679       -105.84548006086297       -5.4595668409743894     
  -131.47035355966852       -96.667164013125827       -7.0147607298564623     
  -126.67267298835256       -90.186879453771695       -9.8971822685331006     
  -118.30203811108058       -87.375972781676253       -13.649830081515546     
  -112.87023576922590       -86.087677711866050       -21.825272392006752     
  -114.65433547097055       -77.149986453371000       -28.105454776334042     
  -113.22668143574833       -68.334777565767396       -29.248797450168183     
  -110.31804431796294       -59.674729553583695       -28.981945892437437     
  -107.59547629235269       -51.156039284672048       -28.907729543367736     
  -105.24893517412372       -42.251922057731605       -26.844579644854321     
  -101.07432044100511       -29.742485936369448       -27.526358423423773     
  -99.335735165186492       -20.480633851895476       -28.733064612722117     
  -95.209380269606271       -14.209067369406640       -27.879173821893431     
  -91.682129904952802       -9.0841052554664685       -28.760889191807820     
  -84.934111067464130       -2.5079694044027718       -31.492036714028103     
  -81.128118700184245        3.7759335029454490       -34.527272421224424     
  -77.461006237896527        9.0237193100362987       -42.243846848980823     
  -73.278567277233179        13.108823573735890       -49.906812375637429     
  -71.158113173620507        20.166087101733865       -52.551433401347410     
  -68.416634701418047        27.460754684534365       -56.619606912293094     
  -62.411122495883319        31.376988775165032       -60.996680316556130     
  -57.589023699356318        38.583398504571960       -66.056355030854093     
  -56.288626650852137        41.272650261396123       -72.687636334517123     
  -55.782283242714755        37.159216629654196       -82.384610061707875     
  -56.206276114943321        31.089226595551906       -87.419841260649449     
  -58.121273297131921        29.202825161730559       -95.384801749966499     
  -54.824013165588880        27.899755226142219       -105.48742829063355     
  -52.286246946441665        27.383880151905245       -116.40268014910437     
  -53.065074896339567        22.138540526473690       -128.27115790920277     
  -50.371854928614908        16.765106213585582       -136.74793015425379     
  -48.572837739446257        11.389080444690933       -142.93485058554973     
  -44.608244208628989        12.497861180507186       -152.16687546300702     
  -38.505896139227019        15.801148242298922       -161.48805097014832     
  -33.855334809363512        17.692338100426554       -166.36694335185047     
  -24.056678069391253        21.528841911895938       -170.52704078855396     
  -14.899671755666589        25.257648946037321       -171.99884718158148     
  -8.1388311573680312        26.932810719213251       -168.97210656280618     
 -0.83673833699063493        26.844313240665713       -164.55576585549838     
  -1.9272956783201636        26.438928770561503       -156.00447359932184     
  -4.7130904784880698        26.779288175257591       -149.42958554574426     
  -4.5836522910597068        27.345728128057019       -139.77685776907626     
 -0.73017309656455609        26.661084013244405       -133.11452880989853     
  0.98348306084758974        24.049820965293776       -122.07055656792122     
   7.6624044950978814        19.076210982935464       -117.41342393061855     
   15.151825514512531        17.571842570266028       -112.36171930535393     
   18.803769551834819        19.740382371050771       -102.62430011140427     
   17.947155860498910        18.422671110447553       -95.267435620376190     
   13.945836186674974        20.288744130575225       -86.351153439168314     
   5.9554608794372967        25.364778414592436       -83.234227609542245     
   3.5213078864374694        30.783671126949983       -76.599871644912270     
  -1.5885724958456677        35.395995538210443       -71.351421950302765     
  -12.804664108014038        39.131634821709213       -65.502831420196145     
  -21.237672705302970        44.384497948756618       -69.588895707947174     
  -23.389733892642056        52.935352996670005       -74.276281461013156     
  -22.656769173802303        61.691075990205917       -77.249674425351472     
  -21.453212732160736        73.192274824774330       -77.484729459193630     
  -28.381148032127328        78.889918027335057       -78.130421503415391     
  -38.669765231207165        84.589024724106281       -75.153601666140588     
  -45.440920338883458        87.102353107759654       -75.556498208867310     
  -55.122032423691920        88.795509897996453       -71.868402086134182     
  -62.782806381113687        94.752434214158654       -71.798702908083641     
  -69.244536644269971        97.621949138596761       -74.087206960087656     
  -76.814810700014476        100.15056198896781       -80.049263104049658     
  -83.181163021941671        97.580152549533210       -86.280661367834583     
  -89.570941094686219        94.340559090688316       -89.945283890002955     
  -98.936952301181236        93.175025874624254       -93.133369697339418     
  -104.70415836013223        84.911098842268871       -92.026920778889888     
  -109.04583846414411        75.968456444912675       -84.198939668116765     
  -113.33794389150049        69.607709815651901       -80.575894545915716     
  -115.67472673077756        63.339628450164412       -77.250549295626627     
  -117.32043455328323        56.090186757677856       -71.268732229501467     
  -114.50640689625391        47.058863346956031       -67.809865488058534     
  -111.98507022327061        41.807695919823843       -58.411835062324421     
  -111.06682166173371        36.217346108692681       -49.070502739560141     
  -107.66677737248224        38.947606643613341       -39.091308350224438     
  -106.55368792501849        39.795934018076608       -30.851663201741474     
  -100.79620567445374        39.711358113168544       -23.731486600017604     
  -92.361327447091810        43.965725688877768       -23.015270584193715     
  -83.673614305085607        45.671605713075479       -20.972467736380636     
  -75.770687100628209        45.027639953151066       -20.697676930497835     
  -68.269566480463368        44.814599556449053       -11.891604692723618     
  -61.830584937029784        43.682525876624382       -4.5533048324049332     
  -58.560285889484760        48.230213321055786        2.7370556749424537     
  -53.347196574900096        49.171003012780773        10.234647826082210     
  -48.834074040494158        46.500928524575599        15.754477506534869     
  -42.808008557711517        39.082245160158337        19.724084550843344     
  -33.743457545125693        31.812615289697874        17.762481465844076     
  -26.360802683528377        27.615315657552699        19.176515646116968     
  -19.473644147751045        28.227685618994357        21.425915514602679     
  -9.7021169409222665        28.120120163743920        26.475557676155233     
  -3.0175886973756150        27.038590262265572        23.829574687272270     
   3.4641504101804657        26.138622767284971        15.131647928788851     
   12.556963512875605        30.795335120257150        10.583063935863720     
   19.190114091057787        37.541138122462257        11.736448935075657     
   26.534779677123559        39.235013323945836        14.190708667976224     
   35.496148639844570        42.147588563059770        15.627797664259361     
   40.110068668492261        46.423727474123552        14.786152483612568     
   48.383759645100071        50.864723797563528        19.502912938863716     
   57.757578705073698        48.565849332212707        21.289113638991381     
   63.583898031762971        46.231622127884378        24.769117860879589     
   71.693965324614496        48.739784329635654        30.789129512558844     
   78.722896572081055        48.421750321011729        37.067455888710469     
   86.981665283357543        44.714893346653938        40.116824020928192     
   93.907581278486589        41.692662458880307        44.385186855527934     
   104.05600144764627        40.255895909115694        46.188256893681029     
   114.41549773998382        38.168169200973367        47.559793505138515     
   121.90630682875900        34.372662748135980        51.388474329434843     
   124.45746701899422        30.071622644821915        57.539133306416062     
   128.05836019753028        25.514080285209943        66.826729252309917     
   133.32469213782059        16.227270739965746        71.293253380313928     
   135.17800739550557        8.8351602416301773        76.759252157322663     
   136.15860762070071        1.6308002019759869        81.251274659934836     
   137.80016054840712       -1.4362651446447359        89.936020650238873     
   134.66159056670904       -3.2866207467383504        98.706996763062762     
   127.14894881157386       -3.4701396840615075        105.50776561036287     
   117.13346225507865       0.60935730953052314        108.75310133946286     
   107.91097229041577        2.1149138036462460        113.95730764706843     
   97.717734316327125        2.2359192070762361        114.82520104896810     
   91.195018955129569        9.1568873110220892        109.29481190270585     
   86.840147088462444        15.178778087472395        104.69459890190879     
   81.639837501708612        23.724827476641423        101.91213711079726     
   75.442309034941871        30.540817747716730        105.82816801326737     
   70.043629699193360        37.712429470215284        112.52709293532649     
