   8.1672726705877068        5.4583017791632642       0.55953352598646688     
   15.475554654275101        6.2485968462928838        1.4076283079083396     
   23.793547914964236        6.0020681419295840       -1.4391926990770685     
   30.096010349376499        6.4913767050252034       -7.7901397771841516     
   31.773032292008111        7.4231623513892941       -18.949837678017644     
   30.031133994243049        5.0272584209985780       -29.504300028627682     
   24.044694100688744        1.0345518325618457       -33.802717242826333     
   17.963447258887669        3.0493571492966680       -42.894028328923724     
   12.273989713638102        6.9379754931811703       -51.464971658258889     
   11.019085890222314        10.924529255601215       -62.567712338030674     
   14.635131034163948        14.638267735193352       -72.350949401975271     
   15.917179106411524        17.912438530321225       -78.647973460301600     
   14.633851202163001        16.917558173504204       -86.564032726951524     
   10.207417177641631        19.098367587453396       -96.818533156692794     
   12.073481340436103        15.792439066193111       -106.11865117279196     
   10.995180909760066        19.623426780678983       -113.88923987575176     
   12.776101435561714        27.481455518764861       -117.16765293102048     
   13.574494823288134        36.882645516940386       -115.87544643567193     
   10.383083754368670        44.093355355631246       -109.02961308791618     
   1.2343524549214919        40.589044853270636       -104.96134661018218     
  -7.9414373878197182        42.250553899811948       -106.15000707358257     
  -13.616771976508375        44.624108990286999       -116.54104227299557     
  -10.619787128274595        46.880001463199974       -125.89737688855183     
 -0.76314605503341681        53.588900929900646       -129.50924164332980     
   7.1137123725176110        56.588498806552678       -124.16424260104812     
   16.186559927701254        57.810587364269665       -117.77931646011152     
   22.158674658283800        56.684400037372541       -110.18858224561863     
   26.569025090880331        48.333443288496198       -107.41738659115272     
   28.329272594355217        41.187707383176956       -100.48000382816514     
   29.189527273165567        42.764474599121286       -91.821479953684175     
   31.844472416543525        40.962513634702177       -82.590573850734145     
   30.926162553243017        38.236135932951257       -72.646658091542406     
   30.078470462120222        43.169601690401308       -63.810562110338395     
   33.707399303061379        50.192654274883367       -57.594862650303355     
   36.288262049065324        55.475380752896143       -54.669507291576878     
   39.730882571914009        58.422447642332244       -45.635893966621126     
   42.204076518753595        63.523622050543310       -36.808168484691834     
   41.962282472853900        72.954039914074428       -34.392416983975949     
   38.881146121142251        80.412477820566423       -34.099624788256165     
   37.566537374397484        88.852581151136604       -34.685869622858661     
   36.713641172243385        100.56459292768341       -35.556297525956609     
   35.752816165751227        110.47083857784489       -36.077388793846097     
   38.230821040980715        120.93693940527632       -35.430216370354486     
   41.629012085217880        131.33324148770765       -35.181242929526405     
   47.552453308805269        138.80550471709790       -29.495317500580200     
   53.169750200086810        147.77602791291761       -27.157692810699103     
   52.199400527428338        156.19964393418468       -25.554881363737024     
   49.096372703807063        166.98886518444422       -22.006537882541551     
   44.933487364857285        170.33233971310338       -15.361850836016515     
   42.294652318649597        173.66489421893070       -6.3719396342402774     
   39.293139755460999        170.13347567371909        1.7546853638742732     
   34.568496526861495        172.64443573607383        12.220422124982463     
   26.953943276325049        172.43892016233261        16.321775521579440     
   19.751910172709486        166.62841292851078        13.020604729749323     
   10.145672767982333        165.21275783955301        12.585022891162424     
   2.4017015467657501        167.11119786319477        13.211448994774003     
  -3.6801171051731671        174.61183185913686        11.024541812426435     
  -11.733087720594654        178.28843685049790        10.113765215485330     
  -21.720206172858951        177.68920734800804        7.4083010525795032     
  -29.693673790963715        172.76598611620412        5.8145092814359884     
  -34.394774372152909        165.34691847719520        5.0932306786690447     
  -43.486671706865224        159.59856611480112        3.0200611197587932     
  -45.022023286354965        149.59389031085942       0.55817992373445691     
  -44.628407243566301        141.38378552903936       -2.9408509006402426     
  -40.894304882196792        132.57954699493249       -7.5830292854900563     
  -34.713787528387968        128.00137081860905       -7.3628841586766214     
  -25.320363230779549        128.50592411378580       -6.9295670977733153     
  -13.908737114949986        128.01080815060595       -5.3895123829463500     
  -3.8149944702702214        127.43550500322145       -6.8227067146256388     
   3.4202266136876318        125.47963042452054       -7.5329255599852161     
   12.217009045936265        122.47694436190338       -8.0171574449367995     
   15.837646626656394        113.96417331398654       -13.503030494252641     
   18.390540298349848        107.66105743621385       -21.016317268490269     
   16.950013653156802        105.31321138886435       -30.708932699737318     
   16.584610736438549        104.86939001768278       -40.343697720510704     
   19.796273809505223        101.25897730601632       -48.709189542360917     
   21.441287809605456        97.806646484080119       -55.734698831541749     
   24.837472108177622        94.469552968940349       -63.669395650461894     
   33.148900154400707        92.717346868443457       -67.426692896716133     
   40.150547457814056        96.949287882917616       -71.842703659342902     
   42.536251306675254        105.15732360864578       -74.959848284006227     
   46.103285548257787        113.32793268849392       -72.153181104637511     
   54.846666940154819        114.70629958455453       -68.995457209824366     
   63.433563720344409        121.11312444115072       -70.962613820089047     
   69.922880875246221        126.77381992358686       -75.752415918447596     
   76.861560316093204        132.92916295227425       -77.034604336682236     
   84.699787100970568        136.68640846028896       -81.347888634054854     
   95.992991498473913        140.83441139139609       -84.751571271938516     
   105.23048869501145        143.65210021382390       -90.499918537722408     
   110.58468370961060        142.69884997471655       -95.787721177830377     
   115.58282521647219        140.61359579879692       -98.415835741308669     
   124.04086964290697        137.14875979461459       -101.56467701755912     
   130.78267001971696        134.69562576158128       -105.19023084720965     
   139.00520402994761        135.34916363746495       -113.77742753022794     
   146.56236678073623        132.83252825949489       -117.75503108221763     
   151.31719336130880        133.04447893148790       -124.40886467456573     
   156.52203734530846        129.95214285172642       -131.73282273627723     
   164.18235754908508        127.55955778557784       -136.02598138596105     
   169.76395785091495        120.64031423276408       -142.02199572830929     
   177.44229505304082        114.89344084189136       -142.26032836890937     
   187.56302225311236        114.47966022374223       -141.56771597055697     
   195.59644590728163        119.24017318702472       -141.35781013778666     
   201.58049242200207        125.26356018263749       -146.13777138049088     
   207.94111407877148        127.73255411413965       -153.96952957975384     
   214.39629379413060        132.57240163191739       -160.22311658371240     
   221.34600112612168        130.70945570319446       -168.79677039043261     
   226.31504736454139        127.88421048775271       -177.33148641569221     
   230.44443876368337        121.41035268338449       -181.96932976443665     
   227.45547649170476        114.02844088540395       -189.10792719571205     
   224.66472309160511        109.93194913523050       -198.82204857222672     
   222.80285273311915        107.12535054669092       -206.58916539160651     
   226.29604387146600        104.12270268961373       -216.76156249160823     
   230.58237817080413        103.97601026195341       -224.91252806984434     
   234.05473697458058        100.83124102205126       -230.66449493199681     
   239.64046718403137        100.13851899648064       -235.94990761615341     
   247.47534283939973        101.89517045292642       -237.90457337219433     
   250.50053649418447        106.65171555021196       -242.93835326315525     
   254.12994337889918        113.77727143162147       -244.19936510714643     
   257.07660976094138        120.02954000759591       -241.91625915242383     
   257.77967334916048        128.70384997671152       -236.54651030772723     
   263.53677413487594        137.28235543859114       -233.69681767623064     
   263.40421431595399        144.03905315836209       -229.80567200418568     
   262.49088755772078        151.34115083704955       -221.97810014519172     
   264.06457866472499        159.82695798624377       -216.95980418662629     
   261.31657010857680        168.62278152443139       -211.12215381266810     
   255.34917818675115        177.75096959577294       -207.11011717566913     
   252.14295602327681        186.99502073818061       -206.22174298964191     
   248.43370398664788        194.69693502007135       -206.32073049280760     
   242.65068244886356        205.86868129016489       -208.81721808271246     
   234.38583958541139        210.30329590499008       -211.54445692341238     
   226.41616906027312        211.76508783604515       -215.83433187748187     
   217.56478857253433        209.61394376833425       -214.45632984150501     
   206.68346969074685        210.41285436280819       -213.36146370300639     
   197.38769643531032        207.19107061267482       -212.16366744884454     
   187.53611418615418        203.30805458109108       -209.14341740774680     
   178.28803161709516        203.63845276355960       -208.98065145563586     
   168.23535030152743        199.21830619391775       -208.40114618034823     
   159.32484698787763        201.00283951022340       -211.32563433429846     
   150.25259280892490        200.30530913739472       -215.29500245691381     
   143.54289792391756        195.26445025917440       -214.21149817420351     
   136.93130971552313        189.08034773186978       -214.62681301596737     
   134.30618728161369        181.31681415227882       -215.54188585172523     
   127.63480713969011        174.12072072984625       -216.08220007011883     
   125.05907310930857        166.39791011924547       -217.75584461322143     
   120.68679185095834        157.63850698322005       -222.52358829823444     
   114.76115236634692        157.83524050722141       -226.12802173039702     
   109.07987146461207        164.35918974818637       -225.58910377878775     
   100.66680028620277        167.93926107053784       -232.45161730180030     
   94.413819135834927        169.99542857495317       -238.36626448718420     
   86.018777625241498        170.42634726427769       -240.78360284721828     
   78.605019390935624        163.56173957976392       -239.28346420726123     
   70.986203961022511        163.99179210045060       -245.13956693807495     
   66.264387333079384        161.36231092852688       -250.79768319808457     
   63.226464093774730        165.95603567014629       -255.95253189567816     
   59.654501121247115        169.58359572023389       -263.19191312607899     
   59.718762389850333        169.75684160706385       -272.44269107619948     
   55.613470858981351        167.05227275931031       -282.70980438064453     
   50.616842995225952        167.20279772479302       -290.97460329013524     
   45.752351564084734        163.48213264116103       -299.96229317745866     
   41.179088343905690        158.16413041214111       -307.91368047943251     
   35.694085034902052        152.76950574908437       -315.47174881418505     
   31.145295254802939        147.70880900637025       -318.46517789314834     
   22.336122261813173        144.11867588659464       -317.51085890001980     
   11.245347694087087        144.85679184689735       -318.52146766418446     
  0.65799202212941310        149.14725917421242       -319.20621440808418     
  -5.7364667063177777        146.04755812865696       -321.98718759800948     
  -16.084147456555520        139.67066832625738       -319.76187312895564     
  -20.948976509773431        138.61021105617272       -316.76258118189219     
  -28.688024968160867        144.47446371603573       -312.63521497368771     
  -37.066246294102854        144.72102484700565       -309.12880973217040     
  -43.073425875169015        140.44911395400300       -303.61982067501515     
  -42.346419334574335        130.82179660710773       -298.53274801254474     
  -44.579815456092135        124.70517388608246       -289.54928229793302     
  -50.443916444505092        120.18647362866453       -286.04223885520554     
  -54.493736796438590        111.70630872403645       -288.80286071288316     
  -57.448268409931160        102.79689229428860       -289.60786532802462     
  -58.665920309880725        96.886137802839301       -290.37097085527341     
  -61.287914573987372        89.337470217981888       -293.52170403239160     
  -62.327515880338709        79.712085428649374       -292.76966358867850     
  -63.196769513310741        72.946062485536984       -297.59105772609075     
  -63.172606576620595        65.299812573895679       -300.80805840666676     
  -63.946853303247707        56.416782324141792       -302.56144490818787     
  -64.729059381258537        46.152747791393836       -303.14080817322491     
  -66.269275276632357        36.190292344825409       -301.94535387971456     
  -67.464156021709897        29.325085893718352       -302.28611729972602     
  -73.148930961624458        22.298115412698905       -294.85079338815103     
  -82.394241458601925        20.243943225749177       -290.80371939939465     
  -85.421318343357342        21.749287252901851       -280.82247941403813     
  -86.290786711698459        26.321926685752047       -271.94352815566157     
  -80.114504628843832        30.379836405945468       -264.04581066662786     
  -71.156086774427138        30.995177083167519       -264.78236954141909     
  -64.004208702081371        26.933405320307287       -272.15844535482654     
  -64.547552330974781        23.261153291147110       -281.18635838914105     
  -65.172281285364420        14.780055271600588       -286.94361386656368     
  -68.189661385348501        8.2456980452320323       -293.39195056517008     
  -75.630568143408198        2.5536821055179644       -298.85459703709307     
  -81.195489700448917       -3.1125485434195355       -300.23987218124961     
  -86.888085954471691       -12.239803984672250       -304.13424103818608     
  -86.383162581255391       -21.211799356027115       -303.55461520761747     
  -86.360690037821939       -31.932369388111056       -300.46192476117619     
