   8.2295674592647892        5.5533276280752943        9.4968544906333534     
   6.3866877334231127       0.70214461190153088        2.9806824326547883     
   3.4358300503860093       -4.6751000308079256       -3.8870948324035055     
   3.5511900030477683       -10.453957882588497       -12.414328027572054     
   8.8543413646940898       -12.471647676223370       -20.766306559208061     
   11.511477257423127       -8.4397714410894196       -29.270267026222385     
   6.7130359054212185       -1.3834806416028869       -33.071074802695293     
   9.9138024608033071        4.5262886526691659       -40.264615515658505     
   9.6730791409938011        15.648828092558574       -41.629489463202560     
   16.829692902878975        24.574431125306774       -44.058265496408609     
   22.740318556823432        27.443436405205546       -49.573272366630341     
   26.966456663078816        30.948417184220489       -56.167213939780211     
   31.111368155370247        37.043047538639087       -61.575697957614558     
   34.816650685602198        46.611730633092975       -65.553073474446308     
   39.666760796302086        53.875711482591100       -71.089796727804355     
   46.299602965433870        59.011813237785589       -76.290161454321293     
   54.971908233437759        61.982138459862881       -79.779555787667192     
   60.269287737187227        63.435607746486539       -86.683137493750422     
   67.190095253126216        63.596261360673793       -90.320474365515253     
   74.612034179069752        67.442142184143790       -90.527153190453603     
   80.859343338264864        75.882249569573730       -92.760495457037919     
   81.292516974798474        82.889302269065467       -102.85760281972506     
   77.103687818159599        85.461114623487617       -114.64134332398423     
   69.272663822800439        84.904938617954031       -122.74262078412045     
   63.420978233911107        80.879773129653699       -130.81316051707125     
   56.405199902736605        74.760767319709146       -137.60931676831123     
   55.701334780410441        68.569444950006528       -143.82508756667306     
   52.503182948253226        59.797692472127949       -141.93487368725039     
   54.560442753124825        49.554232100248839       -143.92784712412288     
   62.140468230331699        45.117307715613549       -146.22541357975945     
   65.378726930991562        35.232298251299312       -147.12198096126707     
   74.825782565224628        27.402971535363406       -144.27499053370161     
   84.660438046565247        25.346605283951419       -139.10125587735581     
   92.794341692576140        26.871399206893159       -139.20523307210095     
   100.93712062895784        28.583973429908383       -141.69661312301190     
   108.78702137884540        26.618516394330300       -143.46284107209055     
   118.33374570015687        22.357671785229968       -145.03592991241294     
   125.06990873570967        27.160630584640160       -147.40061028448324     
   130.89269153239044        33.332312926246857       -144.82559568455335     
   136.41474263140574        38.792279261196541       -145.12542815937522     
   144.80435892253900        45.975188317307698       -148.60639558998383     
   151.50024412165169        48.388846802385103       -151.47989273113745     
   161.00545124863621        50.241960307146826       -152.94518284068135     
   171.36491736502143        50.205711528776021       -153.62814039727829     
   181.83722883759913        51.320951524853342       -153.35316409400923     
   192.05126805655698        56.146989782606340       -150.75681966524431     
   197.33210108991202        62.005759349432935       -147.59137714513338     
   205.13657878385362        67.873474883869619       -143.48004382343430     
   209.07598054588780        70.242557182909763       -135.62951458878223     
   212.35109966180391        68.816925884290072       -126.65042628686973     
   208.54290755140232        68.077438607212969       -117.21397700075221     
   200.49101843457012        67.464845183675777       -108.83088488106937     
   191.91901347968914        67.993502392812275       -106.41941554815514     
   183.47535381571825        66.604840982071607       -109.42310637525033     
   174.25917158030683        67.390105665066017       -107.57599548663759     
   165.47377035709755        69.524158496057851       -109.17689556548206     
   157.99879093668048        74.603919510466596       -116.40334909348624     
   150.98377101426701        79.202011644942900       -115.89082135725646     
   141.38509095413804        79.165658255382084       -110.97395937551408     
   132.79264547574084        78.484299651463118       -106.74222424511545     
   125.45016592901358        75.139128979247801       -102.37671568612079     
   117.35010654028305        73.168327650173353       -96.055759617665373     
   115.83738156264225        71.299871707287195       -86.580978699309284     
   117.65292997621876        66.141214690829713       -78.372318743482481     
   121.09040665217428        59.991244946963945       -72.977712299391243     
   129.12981389470968        57.827146622933469       -71.528143907323155     
   136.16030497352625        53.050661328440299       -74.798015797020781     
   144.20200766471157        47.218477140934340       -77.347454441566938     
   152.90575893138157        39.752721053546338       -80.102110123448170     
   160.24280865684392        35.098946985083785       -80.238822643586630     
   168.53084448731946        30.207601508548976       -77.415194217939955     
   168.68112687447328        20.360648609400982       -72.233792828214916     
   170.76804114553769        11.588649359820465       -70.255071552178208     
   171.44311478662806        3.7666028875884194       -74.241053502271939     
   172.02670474759748       -6.4503877599850057       -77.632385900211645     
   176.47725756438595       -12.900010825466097       -75.064006527803485     
   177.78945710449332       -20.443261520379792       -75.650677122178934     
   177.78924571406287       -28.155227274611548       -71.027736669293972     
   184.27542935698054       -33.948580222513840       -67.538780168008628     
   193.76651073087251       -34.501895834097411       -64.764361185848685     
   202.20155412877153       -29.907320918046423       -66.788367753959037     
   209.67223860072988       -23.282680334346026       -66.096289416912583     
   216.35704982242623       -20.322014173735965       -61.668466164855062     
   227.00704192536389       -20.366961022908981       -58.061668815521372     
   238.02169757095038       -24.582004926768832       -56.936249226598463     
   246.84335194277375       -26.109030088675070       -53.991825650746975     
   256.76576516784957       -29.081019902112928       -55.443789012391790     
   268.53241719701651       -30.003420946786889       -55.209103750525131     
   278.61157098648454       -34.536935476525969       -56.606209076248994     
   283.60578868370436       -40.484172157404601       -54.463911065351539     
   288.40805182168606       -43.389606510053000       -49.613344376954231     
   289.99194376776256       -47.161628664111561       -41.881671758811365     
   292.71116107254960       -48.583960630612012       -35.067576431102566     
   297.34354671278203       -48.547900607190684       -26.527667619761047     
   301.92050303433359       -42.903518820058196       -19.963458618841983     
   305.33184911981618       -35.846329085906518       -16.440071911770204     
   310.55835091804096       -28.597448405792534       -14.955918787484165     
   315.97424359767859       -24.713663421084107       -14.138989880205131     
   323.92085859745640       -16.512601348481667       -12.228328652808187     
   332.67693686545670       -15.197893025180463       -11.195292465994228     
   339.61815935189679       -18.839430384865068       -5.7811409498888224     
   347.57888227159896       -22.155724154442908       -1.7772688541829638     
   349.34933707657422       -30.523810908147198       0.64686714235017462     
   352.94358121209285       -39.578429793847647        5.7465675969848604     
   356.36866744191934       -47.269548617317298        6.6304278735261732     
   357.66456229711196       -52.886417907031841        13.543945933693237     
   359.67982590256145       -56.569811991407391        21.434476957392349     
   359.88604566510134       -55.394198055793964        30.968798491104224     
   354.92918995286561       -53.695545420550445        41.949979828803578     
   349.79294314395173       -53.836312480717311        49.714988290166218     
   341.32092128533804       -57.857771718995821        53.251373793463898     
   334.62529729583844       -67.788016002692501        55.323621841248638     
   334.22964683827979       -76.703319855503537        57.599348843549507     
   331.53852719327136       -82.498709321258758        61.785479965055657     
   324.29204406528788       -88.655222246478161        62.611922231401138     
   317.77034821255512       -92.318490701154275        59.860819103867101     
   315.19877908135709       -89.829073427834118        55.716414337063270     
   312.00590890363048       -85.510250604223472        48.419905640608135     
   309.66336095773499       -83.856090580975433        41.022722779056579     
   309.43731553706300       -86.346205085661069        29.878679642710921     
   312.60370793273984       -89.896022232344194        22.667247954833073     
   319.54451810071782       -91.936392839907654        16.633443484039375     
   325.51587322814089       -97.633993514094158        13.507455602071417     
   328.94151620281173       -106.54361577260627        15.812949641849286     
   329.04310124580877       -115.96502231147716        18.035700235454129     
   329.28481590186209       -121.77660722933501        27.186467780601959     
   333.42245108007688       -128.73082632873096        32.213948125826676     
   337.41304516197749       -134.75838152637954        36.111936200944143     
   339.70551004998077       -147.45291715256334        36.062250130566156     
   337.67723230071448       -156.21343468936945        34.856427226425780     
   336.29636488161128       -165.34701800087046        31.904294259766800     
   339.19553850989894       -175.37517219867360        30.301924881977470     
   336.93030053392260       -185.20915300413850        29.960285553303862     
   334.07918955183317       -194.62888315237160        31.000367622495276     
   337.86975233088430       -202.73323369611830        34.078923136119585     
   341.78050490887904       -208.08491867010557        38.581689468877784     
   344.87619134586771       -217.43569797313728        39.203861006526296     
   340.58668858834380       -227.90924252308179        38.575955740825833     
   337.10990769863793       -232.42954083203324        45.903066592768027     
   332.98846906638920       -236.62551098430538        50.176216963730354     
   326.79147118742020       -242.38476279913431        54.706582917475799     
   327.18177095565039       -248.84045452012276        59.530010308282243     
   329.13937200920731       -260.59436338525325        62.728076512616127     
   333.90462805690748       -267.38861763337650        59.406303415895508     
   332.33485139090089       -273.61949426753955        51.152642009217857     
   327.26155460191688       -278.95010704314120        48.203253944892595     
   322.61308040174498       -286.21258049519940        47.702967113064261     
   315.83945835901181       -293.63851788268596        43.369499374539714     
   308.89739504291526       -298.36864900330312        40.594237538462551     
   302.03383859142173       -303.07060355396840        35.423036591466712     
   294.78651447956179       -305.76725243836165        30.322111014408875     
   288.55477637118400       -314.18703940359109        33.564990198219306     
   284.76936358509465       -318.16522862752277        36.457110331066303     
   285.89257381844260       -320.95512979277555        42.085444313834159     
   287.46930105296411       -326.03748304597082        50.178589696442572     
   286.31382282784716       -330.77034394971776        57.893939897895422     
   279.58487464609817       -331.17237050990423        68.062518696160112     
   273.08278246807203       -329.85719591886340        72.859560773490841     
   265.65473225772723       -323.64232892993152        73.612116400381609     
   257.38020015218842       -320.58538281251089        76.539113953704287     
   252.38192501995889       -315.66350195231496        78.765636116430699     
   247.11397192476738       -311.74261994881653        84.868555459243908     
   244.74740670508433       -306.34760372665880        91.379996593862529     
   243.55588701954099       -296.66274771545847        99.198029397124856     
   241.44275578839714       -292.87366058891962        107.33579096226094     
   241.83699888144761       -290.28844186613196        114.59336106901543     
   238.48050221515888       -279.47176660416829        120.00358934282201     
   232.81149653327873       -276.28817927735491        118.17235219018121     
   223.42812447317172       -274.43592161430075        119.02352266646966     
   214.73522981037593       -270.21345985496839        124.10129550675722     
   209.35899789403294       -265.02785223557885        127.72609934915076     
   200.56262596797984       -264.52640085263863        134.10277884196154     
   192.09191717157464       -265.64714789527915        137.51919051609312     
   186.66989033550649       -270.25030755821945        141.95178593997343     
   184.22120327233816       -275.38333172885774        149.88420217872425     
   181.14121928809530       -272.84019324241439        158.27636942239656     
   184.75921797876057       -270.68564346955600        166.63280156594101     
   188.86349613729979       -265.94816784833318        174.57662955372598     
   191.18287937176245       -258.17271343378854        182.91413358261576     
   195.23523065230717       -251.82767722061814        185.59892096041546     
   202.18591895158733       -246.58892984214015        188.31134844401817     
   208.17309676184874       -242.74048271358808        194.53505918243030     
   215.95028967690149       -240.95948035961220        201.06508322587507     
   224.26849616898738       -237.95210432648690        208.06886178978539     
   231.07947603882209       -234.84520220881510        209.21659376588485     
   241.45634960717453       -233.72341343664829        217.37894434119357     
   250.56721106451124       -230.43204819444222        220.18151308820438     
   254.13771318868456       -224.04211768665840        228.82458775367081     
   258.07992237565833       -221.35029618942491        237.53063400049194     
   256.22121398571949       -222.29609904625582        247.43698094758525     
   247.96037765570117       -225.66967206055358        251.98889916734942     
   237.59880013787640       -224.35004292933547        252.85249223047913     
   232.58682314002641       -223.31161484441105        246.09379150603343     
   227.52202392756706       -220.04607525271240        237.25114600351452     
   224.15109112606604       -218.22198868876336        229.65005573254109     
   222.17702699431760       -214.39968007894021        219.22804315919092     
   224.75199875700878       -210.05985498423703        212.33981643391837     
   225.88739311672791       -204.22124459853916        200.90995249140070     
   219.86547625973787       -198.82265896825771        198.01363781650855     
   218.13364838215730       -190.65313199693787        194.82850594134993     
