   3.9503191462241194        1.3378637668159108        9.8970995846483412     
   6.1715664035416822       -3.6171189815631735        1.1300483650185313     
   6.4259430850231851       -10.567038896191281       -4.9341850409396226     
   3.8437328098344001       -16.123728994217771       -12.784691112276215     
   6.0864575358916770       -18.631777143433013       -21.304537718646554     
   3.8939624423806976       -19.237865618999237       -30.043891650425316     
  -1.7292455892048375       -18.022117694111216       -38.642524392423937     
  -3.4733086068276897       -23.932107523255702       -45.720622286228448     
  -7.5283111684481252       -21.414699361173199       -56.020792397326268     
  -5.0053686624859113       -17.661203318808376       -67.904612042454019     
 -0.67901013833305157       -18.014370104492343       -77.142280178853497     
   3.6393848862527189       -20.541309054953047       -83.785292159407817     
   8.2986206416013992       -24.595192035463725       -89.451991024768404     
   19.347746326936523       -26.629745145928467       -92.860531596544604     
   24.973617963642809       -26.378360548728466       -98.352029832826631     
   33.410929560261479       -24.365954137012437       -98.049902884329867     
   42.506893059421742       -21.036469601636227       -100.12667719846942     
   50.745767656554492       -19.732075454106763       -101.66189108069676     
   57.790292850828088       -21.157107092703328       -103.26168397015715     
   67.459521316683293       -16.335022744298641       -103.65935628187464     
   70.353170655125268       -8.6242041458412970       -101.71923104701877     
   64.131400917606129        1.2941966311821993       -97.544311129913950     
   57.321454563901526        9.4466405877265665       -96.780449475648666     
   51.649969247857044        15.553393615887501       -93.769392901264638     
   42.571016968772142        19.107574430070834       -92.644165416133546     
   35.342404925535860        20.386806631602646       -88.500176559111722     
   23.687710612147658        18.715448367033691       -86.449471614448285     
   19.651965033000117        11.467587749649006       -80.132962755491462     
   13.360663671447973        4.0401731636568492       -80.234191555183642     
   7.7387654925405123       -2.5890762342632492       -82.980380930212647     
  0.57789205223317275       -11.275560861290590       -82.118053776587999     
  -5.0795435859413782       -20.778130357898760       -84.436983940026352     
  -9.4907163693227758       -29.944525504140614       -88.434413640685364     
  -16.799232795940146       -34.905397101634279       -94.878697152497338     
  -23.167628155246980       -32.743603905871908       -102.11071643814620     
  -29.387184709723869       -35.398817839445655       -107.51323241425251     
  -32.474827526931747       -38.538973321925432       -117.41670809272756     
  -32.476511152937157       -40.009308828309315       -127.10426092094158     
  -26.994685147781695       -40.319617934637193       -136.21985529048436     
  -24.438078051087640       -39.440322908086152       -143.98186546564654     
  -20.647238682612393       -36.062042166371555       -153.39254198510042     
  -21.452222916436263       -34.797105655525456       -160.79833883151403     
  -19.416085414173597       -33.505039896975845       -170.96170324026656     
  -16.634798527438235       -33.470566011649176       -179.06719662328936     
  -11.755678014498400       -38.662053994777324       -189.24834685108408     
  -8.5982175243201340       -39.461741715230055       -199.39876495370405     
  -4.5804426749310352       -37.040250003397539       -207.93023941395268     
  -3.8356240050918693       -36.243527301354931       -218.09760074834568     
   1.9591775196055323       -37.025164205679722       -226.41095577234395     
   5.5523315245388964       -40.163184357564973       -234.58970205220976     
   13.761125953961169       -42.378202158507200       -238.81444707596745     
   25.565933864841256       -45.549183985042760       -240.17213545040684     
   33.208158251970801       -44.328811108773351       -235.10562694555153     
   40.180968434118675       -48.287340079447446       -230.83674804161964     
   48.802328448457445       -48.586445986695395       -224.57959539125932     
   55.349708227613981       -48.766721736309890       -219.03323144531754     
   61.641334203312113       -46.109066643836030       -209.66889662002512     
   69.185560901859589       -43.842847701962981       -206.27844746281164     
   77.726550552803346       -47.344153610854789       -207.06239408096548     
   85.751470132376284       -49.775051423203507       -202.92459471876342     
   93.763499883659534       -52.242401084652613       -197.51147028874126     
   103.94354116570933       -54.902219903987231       -193.97546362901699     
   109.12945079829110       -61.193181636067365       -192.58094263870277     
   114.50315311232833       -69.607177095450425       -192.23569027031328     
   117.29829438925256       -77.231006388303655       -190.28296046839648     
   118.69399878029122       -86.920745572324762       -187.43391608901530     
   116.25414013709846       -97.973184741477752       -185.49570616545890     
   113.97529692964437       -107.05320738931189       -184.00175479993470     
   113.09228756786987       -117.30784974414178       -182.54377715185629     
   115.25820342348577       -124.92736809937293       -181.42620927878053     
   117.45353192105333       -134.59998041940017       -179.44310116987663     
   122.07534288720335       -136.66085092280625       -172.77506037069816     
   125.20758244739517       -138.86698841460077       -164.46836748230456     
   128.72782933910906       -136.91876652249030       -154.44983072305365     
   128.94126553369784       -133.17516116098739       -143.10703334242947     
   125.92589937747584       -138.12223098088270       -137.39505048002016     
   123.90825158446222       -139.86910107048067       -130.14874827553851     
   123.89944781275625       -145.01843525431536       -122.36054188202679     
   120.71801937523327       -148.35470021367087       -115.27131032478218     
   114.72936835627922       -155.67421838277818       -110.58839734152409     
   115.59240528005955       -164.53446767957962       -107.96497508114786     
   118.08424268273092       -173.48029028131319       -105.38394835933651     
   118.06310632590822       -180.48805844835076       -100.81902184427389     
   114.03862212372138       -189.47849343993227       -94.658258678862978     
   107.56910916678896       -196.81418291333645       -91.059992616130714     
   104.53392759504283       -205.44360120701853       -87.844323215791050     
   101.51405095831433       -214.10637026825896       -89.747141463787543     
   98.729748550199190       -223.55003711901776       -88.695756301410171     
   91.713442697778362       -232.02811659504658       -84.762754030891116     
   85.819188318562510       -234.30284059767033       -79.363907904109851     
   81.831455649290831       -233.40282555177743       -71.434627380439935     
   77.396021661515306       -232.41541934421053       -63.495455267011550     
   75.946859461142424       -230.71289569009983       -56.724656084635342     
   76.940045730063730       -230.11400002683928       -46.505051931102201     
   80.936418841245825       -230.27747978448261       -39.147777394006113     
   87.179433459633628       -230.71806984924643       -32.430367331945973     
   94.762001834433931       -229.70424410678510       -27.567693143679747     
   99.333805265114506       -228.05074808255569       -22.143931059995936     
   105.94768926554656       -222.35550568337459       -14.896822294166526     
   108.74079969722607       -220.63091622961701       -8.6247748383952683     
   116.45630836422873       -216.24789792610190       -3.5035952262745127     
   123.89292420829435       -214.84268216307507       0.25069126826451793     
   125.41842457953317       -210.89365745752360        7.1175458417028210     
   129.78433361932457       -203.38769148815402        14.576998863225128     
   134.97537857000839       -202.23381274280311        22.107356365755834     
   139.71880007385670       -197.92517654632528        29.212892653355794     
   143.45212084213625       -194.18539829422144        35.921911718265790     
   146.77534344129140       -186.16967009595868        40.715152053931234     
   146.40986241634295       -176.49144539202769        46.273658472158843     
   145.68818612842955       -169.56046506226059        53.656741981489347     
   140.44141875270924       -164.14407957163769        61.967657947371094     
   139.00091816016470       -161.60689757679879        72.674877064509133     
   136.39966083468869       -159.12640317745377        80.825288521887728     
   135.20439104817700       -161.47411919189105        88.036856395544191     
   135.14182461266864       -169.69600716253086        90.593154925063175     
   131.29604138158703       -175.92705776419646        94.005386133235447     
   123.74016005287427       -177.79590034840530        92.208507053507503     
   115.90594504626739       -182.67082689376554        91.279188111772669     
   107.99364792250071       -183.84608939312577        88.620703765330802     
   101.84080686016802       -180.55712390683539        82.854335673988317     
   97.711904193847488       -177.63046637581328        75.934670620920031     
   97.680972614045686       -171.22308764019775        69.028926970043244     
   101.86308657497955       -164.82533216774817        60.487553156523234     
   110.92485512459427       -164.66001895984988        58.764126905654905     
   112.96849659767372       -172.67572053204299        59.267604531091195     
   111.36138551846074       -181.19440476355726        54.355289038911508     
   114.42083246937926       -189.99880141278214        51.632914193522538     
   114.81468365037847       -194.50653971244520        45.003753714619080     
   112.47176884494468       -197.59615243695040        34.275332041702171     
   108.02408052692061       -198.60429609575604        27.319782355654752     
   102.31810122365857       -202.14858764426572        18.810620320956843     
   100.34100468973338       -207.65935270209653        11.224311982892175     
   94.614740552078899       -210.26168042564541        3.1918431161890624     
   87.417833235856676       -215.34787160210277       -5.5083347463307462     
   80.756480223755545       -222.74960302693424       -8.2514398576576298     
   82.333276565954748       -229.50836181228939       -12.834142534443458     
   80.341513023842424       -237.36876629704284       -18.466100497399907     
   73.627147366726490       -243.49019211339890       -19.593690389917583     
   65.647637091857348       -242.21940318730037       -14.103890941162007     
   59.841783362418482       -242.06305196385949       -8.4923401334567643     
   52.755685269757407       -249.32810688189500       -6.4136752619591562     
   49.967947623749808       -256.78944899575265       -6.6706868157619965     
   48.063790273777386       -267.12143443601576       -7.0231197151454978     
   53.481495551687999       -275.32084513421455       -4.1929771289492237     
   54.025764362811060       -283.73575822519160       -8.4284998759610232     
   57.334765130513574       -292.09400453449365       -12.594821948002277     
   58.250407996551530       -297.57029675159021       -17.940131787122851     
   62.167344347916867       -304.25225457139913       -24.774719643822550     
   67.052806251296488       -307.23648998987073       -30.835152871381410     
   74.369079243555632       -310.88185190428823       -37.747005745800578     
   80.144581735658676       -311.68069790738951       -43.599592118075662     
   87.170905230983635       -311.80895757860350       -47.633803664676208     
   92.933213690629429       -309.95231258977935       -51.277567788469014     
   99.617546258192135       -310.78420964291178       -52.030748955264869     
   107.46906905031307       -311.11435393811104       -57.077025618955929     
   114.85547311297671       -308.72499763928374       -64.133765990557208     
   120.33856992376451       -302.24964089116963       -72.765380915153742     
   124.30339805658144       -296.29832532828834       -73.615129077062363     
   133.32873055594729       -294.69317753705047       -74.238455289587449     
   139.28762274822708       -290.35853097410222       -79.500354193490978     
   144.72451000849549       -284.89705401472281       -82.310723040452132     
   150.41608842192034       -276.99237252618838       -84.546383672999667     
   155.83903613904397       -269.92163485702781       -89.502135488242757     
   151.54970060038130       -266.07168769711700       -97.143790243434154     
   148.11958854210042       -263.77006045252972       -104.30485108714160     
   143.30805830596267       -264.71782928231147       -110.62679835108656     
   132.29846574645654       -268.08945571327911       -111.91583158226391     
   125.84461003562382       -264.68819611880565       -110.45510893688609     
   117.44273967672115       -258.44751300673931       -108.66242423331727     
   108.10433084445191       -253.53864291944979       -113.33632646281342     
   99.261981432923221       -250.37924098676433       -112.66944544763892     
   91.611274136416228       -246.19144467653405       -118.46849731359566     
   86.032047052281712       -243.43754204034803       -125.52725097931069     
   81.841361624770570       -243.43949619135265       -132.53895649386033     
   80.195681795530675       -244.09699431489173       -142.26129761703092     
   80.396323808804482       -247.19797691577060       -149.68307534672829     
   77.504009918637337       -254.58347172903677       -156.28107036576080     
   72.787490791997186       -257.99819605199025       -163.50680453101867     
   65.827128638297665       -254.46840703344554       -168.91923521477867     
   63.034354162611066       -248.02617622556050       -168.91286313735816     
   59.078770902976657       -240.30228454035353       -164.90598307730721     
   53.975972033396317       -232.31008056632891       -161.75659537123795     
   46.642094662076374       -226.48649880543306       -161.27711680671072     
   38.538633091555283       -223.50268720154887       -159.20588821672061     
   34.038576023131554       -221.43796500549954       -155.04754601492351     
   24.823127469700751       -219.70207426687384       -145.55607078397676     
   28.454643432493697       -222.98068988755907       -138.72322997864387     
   28.253246048520708       -227.07011299028596       -130.76107385607366     
   24.871089525071483       -232.25945964969708       -123.33734308772979     
   20.900705336783801       -241.12216368385759       -117.30185630922045     
   20.963968104984303       -250.40004407600429       -115.37877139648555     
   15.654725108228916       -260.70962944427833       -117.36492278902506     
   10.807590927337486       -266.69798320964708       -120.66023445577048     
   5.4850448893288899       -273.42109391034688       -127.28525837614353     
   4.3010134828701041       -277.56097834074842       -136.28894343228285     
   3.2279698160616022       -286.15519996666654       -145.52903826803987     
   4.9867298472556740       -291.26202910503343       -152.91590903088880     
   4.8283707924727537       -294.82935266665658       -163.23868063056813     
   7.7933468399005790       -291.07583375242012       -169.87260262009701     
   13.602099609370924       -286.24669985468211       -178.21927261518735     
