   4.3637211007239358        1.1900968959924967        6.8810197472581507     
 -0.87742823072109388       -8.0450842491260488       0.68359728315910928     
  -5.2381211306796587       -14.076369481403923       -6.7480087869649097     
  -5.4513948715743368       -22.448763405591777       -12.526355840811945     
  -11.219110951138944       -30.594816312190517       -12.099500926605465     
  -18.422669478160088       -35.164589350191690       -8.9730717329795127     
  -25.951134893621699       -39.297504106707549       -4.5051962753778909     
  -32.826380254050861       -43.299891024927504       -5.6783994243318752     
  -42.044676978459862       -42.444374860614133       -6.6730591120045659     
  -50.491372926020446       -36.531577093678834       -7.2591181230749875     
  -55.717759725992650       -28.916084920420559       -12.605988963653754     
  -57.760495872471999       -21.372909866419917       -18.948787285823595     
  -58.055691752578980       -15.447565901145353       -23.506911658868773     
  -52.795718980801453       -11.824891430846485       -31.430271261062487     
  -46.093590161714260       -8.3171634457202828       -37.619205212750558     
  -42.960181001940271       -10.179528893169525       -45.481335146254629     
  -36.611689828334207       -7.2028829084377648       -55.149940912501734     
  -34.270964668758282       -8.6277175351476174       -63.679813141523113     
  -32.453672618323083       -10.684136003770746       -71.003006336238741     
  -28.154337349434485       -11.074559900541630       -80.055008354694976     
  -20.468980349094309       -13.510513615798374       -80.857473625993066     
  -13.328092006971715       -9.5042235748356276       -74.369395285399250     
  -9.4730727983001231      -0.38194881347254039       -67.777913138693961     
  -7.7694225855781980        4.4735571114013410       -61.463021173889928     
  -8.0530789707774062        8.9507985947335911       -54.450870915574981     
  -6.5913739560909903        9.7905805321726973       -47.507465009055011     
  -9.9555556000065479        9.4276776053191043       -37.177746230920548     
  -11.782583476414487        3.6331755734638449       -29.038353700350790     
  -17.719306943004185       0.46888617347454442       -23.796835135604844     
  -25.045925595467452       -2.9893134661025655       -21.691271663382668     
  -32.362715187882458       -10.036459734600292       -19.321203225407285     
  -38.016920871150745       -18.434463240895653       -21.205142306534423     
  -44.557040527001263       -25.128682910200439       -22.388749690331437     
  -55.047160305920485       -26.471875870094706       -26.599454435305674     
  -59.916978075811095       -17.621343248775226       -26.461863271778427     
  -66.160602235049751       -12.086698822131552       -23.842020646839366     
  -74.169487478634977       -6.2034491700709395       -24.737277243973260     
  -80.797196230172688       -5.3006198938110387       -33.095306034935980     
  -84.318342591030387       -3.8256461403426769       -40.580652743273220     
  -88.880598038772447       -2.9917124549432828       -47.498143861359260     
  -93.497692135791183       -3.7133445742523890       -57.655386876128787     
  -100.57542642208887       -1.4242309110131401       -61.613488148388228     
  -109.99177682981772       -6.5752488378746179       -65.364435126685777     
  -115.60874126249047       -8.2074851953925290       -71.677554173124321     
  -122.67654067574564       -13.532582157030063       -78.122440611009793     
  -127.77176659678246       -18.137581424872103       -87.450557822495966     
  -129.63440819847750       -24.317144802735754       -94.790109122942823     
  -134.70178588650964       -30.319584834452229       -101.64347018611974     
  -138.52428993904130       -39.197613501805691       -107.12576232980349     
  -146.42291657749180       -46.221372414492166       -108.36147448822115     
  -150.17067643465720       -54.380984342257435       -105.93637046152739     
  -146.90543338696779       -63.586212305435410       -102.96327025850128     
  -136.95958558982574       -66.729836765086645       -101.21842718309684     
  -129.62845334354881       -72.803993232221700       -95.215554508763461     
  -121.78963781945440       -75.559919433757571       -94.151998244967785     
  -115.31161624621190       -81.695804121143226       -91.906255613836791     
  -111.17348940234746       -87.936074096022153       -89.824986143614410     
  -110.13131911546326       -95.948124878056689       -86.967736475512410     
  -114.07977033166966       -105.61633052692559       -82.560288276868974     
  -115.52137202749921       -110.91029649850185       -74.430895770597019     
  -114.62674824725278       -113.37975941077576       -66.024368785557172     
  -116.28148545899634       -118.18287586398270       -57.469523330325814     
  -122.31081831882918       -122.83972789900443       -52.577385780515293     
  -127.00415575065026       -131.12778068621509       -51.802895838203291     
  -133.62013579214334       -136.05490392484589       -50.498669551957313     
  -142.29423066696066       -141.14155504149230       -49.004959743379381     
  -151.19790768291227       -145.47032342747013       -48.747888553009055     
  -159.12288028722341       -149.60477894576985       -48.210977343525116     
  -169.26840229671038       -152.20720893663457       -46.582024882168376     
  -177.80353340555789       -154.81997601563538       -43.905853995037951     
  -184.81235328687265       -159.53970671059309       -38.273944315890610     
  -185.48069253071782       -163.98790805602334       -29.887361549291711     
  -187.16920579984958       -169.19382561392712       -22.614126322318597     
  -182.88376095604033       -175.68825138890853       -10.998285229529415     
  -175.95477615233921       -177.00681810911857       -2.4228315329498926     
  -175.01709024187124       -171.78893706742480        3.8217924091148312     
  -171.41635931183399       -171.76877360591942        9.7144936440886553     
  -170.61354260001752       -175.10240249179466        18.102187193110073     
  -168.53457752354393       -175.45587740646994        26.835547231255561     
  -172.74818152937175       -172.71599909081411        33.697835633770310     
  -178.53177379627004       -171.34146935107248        37.623923790464801     
  -184.15395576389972       -171.78684768485604        46.974262487186138     
  -184.83694965460100       -168.65574699770730        53.125896914667784     
  -182.95223751837025       -164.75488752973476        61.250184016628864     
  -178.21792020529924       -160.51736249320874        66.166282004791114     
  -175.25082771025023       -153.34127947530638        71.441109264558889     
  -169.41987494140918       -145.93948651516359        73.512536691520381     
  -161.69218657001201       -138.01106781348304        76.687548033754652     
  -154.12393786309735       -134.26689634324543        79.564213884121997     
  -147.03099645203619       -135.02652897209373        82.069313493977688     
  -140.48578624135766       -138.86002446392828        82.961529101548038     
  -130.77329284761271       -142.39167812684821        82.996793198191384     
  -120.76355044089659       -145.84653576927585        82.957383712963050     
  -112.87676556482792       -150.54840644452557        84.377237539807865     
  -106.40860905746291       -153.37968669461182        87.821432529210526     
  -105.19327189748753       -157.13157942340857        98.792874227899887     
  -103.72727378268165       -160.47873999357157        108.39111653340819     
  -102.23733905897470       -164.20779852571906        116.93999215189947     
  -103.34163555972228       -170.66512467974604        124.78418100787241     
  -98.683115329827316       -176.68202839098902        129.88350884471038     
  -99.945429280137716       -181.71188199252225        139.52658168141460     
  -100.26060008620068       -187.45071784211848        146.84067768955518     
  -94.643430652114233       -193.69045953597978        149.82276784242660     
  -87.812863533058135       -201.64250657471550        148.16798518871914     
  -81.383276080047480       -206.72285340582130        146.34085668544515     
  -72.127152107928396       -205.00122589744853        145.60058317614980     
  -63.707747441530870       -204.60835844342441        146.18270961467630     
  -55.445597754483074       -199.68735989883726        141.62830604178353     
  -51.802420672688491       -190.71575952859405        138.29231039887367     
  -53.572566136128643       -181.72707453092789        134.82341391125161     
  -50.362754837682864       -173.00593718230849        131.47960704843746     
  -44.403314042352335       -165.22882240738468        131.88203964575172     
  -38.909437643715592       -158.82956781273214        129.68089904838558     
  -33.803392920334687       -154.37808828622045        126.22179701373415     
  -25.455808542910049       -149.32569626078109        124.81962659742555     
  -17.294965985335750       -146.08874049766669        121.74913078491626     
  -12.072250931260712       -142.75191372936590        116.38273241189422     
  -8.1049261003403643       -140.31145448230825        108.91496203201397     
  -1.8650071121744816       -137.25853297808609        104.03967120534897     
   6.8797512020472453       -133.45365368517560        101.07768473432407     
   14.672027308570037       -133.27253504521667        103.86745559927184     
   22.138097481006582       -132.68147141386450        101.96527980227805     
   33.838542619823585       -134.56479604145437        98.570367602053793     
   37.305600913346069       -141.47989291995748        92.695427020346230     
   31.098466655708023       -145.90233209240338        88.160441646312279     
   24.254001544439831       -148.40514563832562        83.247405338345516     
   17.961470343181375       -145.44401856389624        79.367395553127963     
   12.129461168556375       -141.56156989089703        77.138266250937548     
   2.4966007705085076       -136.54613252426645        73.579451771315348     
  -4.9323943025233916       -131.81769226388002        69.132717480375376     
  -12.197255024109623       -127.05137435976974        63.115756122898411     
  -21.087410719284776       -126.17584343186036        59.646865703233331     
  -27.760672491471638       -121.99059713715971        61.308294913371320     
  -36.475133158208408       -115.93443511263951        61.487611517401135     
  -36.684731310760839       -107.31329031511629        65.501112794132979     
  -40.727179277138944       -104.34162377131256        73.138364208159672     
  -41.861168661828856       -108.47133413291130        80.500840299895984     
  -38.942987441321080       -105.77375313238957        86.756029129843071     
  -30.821134181714484       -100.41031710059204        89.660174198140027     
  -24.556196234521593       -95.386473196072444        94.311584565954519     
  -16.279511999453547       -89.576157939192626        96.198353190153057     
  -13.162835482371051       -82.554724933991650        93.881867470504275     
  -11.149830304588960       -73.439575794165350        94.307989297179162     
  -5.2579869915724942       -67.004632856441958        97.973195675439285     
   2.0816237096817787       -60.686748296276718        100.85646213906361     
   8.5873546449316649       -53.738628491448509        102.57630303499430     
   14.752770299356882       -48.575757578001756        101.75165396902736     
   20.888758534694546       -41.151501220225356        98.492754478397728     
   26.826067284778759       -37.768069851215500        93.601867964051323     
   33.882115347016139       -37.728809765449739        88.795685438982119     
   41.561913372714855       -37.267135877308846        85.739633446683555     
   47.671573370100361       -34.968935642861979        84.581790765736969     
   57.196748994660794       -30.191698600626154        86.620794508428318     
   63.870863141882040       -30.510717463897535        85.310281321849928     
   72.100294557680428       -32.092116143755021        80.548562762902037     
   78.383404564966298       -37.100343243599610        78.696980588144257     
   87.246718642706185       -40.147417584265540        71.083266962179266     
   92.961769060094809       -38.302700405974718        67.320354179921850     
   97.550777459116944       -41.060725893846296        61.278863415904738     
   105.99768301770754       -38.275962645502943        55.002718395349476     
   110.66168226307497       -31.835888597400128        50.649642765568728     
   117.40848225146198       -25.936402470022003        47.912440900526093     
   122.75111664585455       -18.191029183033294        45.704302845168733     
   126.18613276053341       -8.9441128587379950        47.268242716911999     
   132.81506895567875       -4.0911334713185425        48.190058912606439     
   138.42528103811011        2.1687374818931886        44.576788302907346     
   147.92079900738707        8.2306753171848968        43.050928914507971     
   148.37580870363314        13.964628980331785        41.729894024182990     
   148.67750265155166        22.395036799271093        43.671728814192164     
   152.47953424771134        35.464268549392237        42.631008111203244     
   152.85558654050254        44.920941496329867        40.509859943145365     
   158.10614346895824        52.743708065835634        41.388008319406524     
   163.93564178153002        61.585964327905202        45.389675432626454     
   167.76955974182732        65.396928703372566        50.563298196144160     
   172.93791938774814        68.171230501479826        58.436783518885086     
   175.98396755340787        68.702679814419014        67.307214792745071     
   179.87780106651627        73.372691728076887        73.466946280386736     
   183.08131351178480        80.402211208465133        79.119922493760455     
   188.70809356486291        90.126933775017676        78.337259126555438     
   189.44105981691769        97.308625505362045        76.909745477696617     
   191.69097707909958        107.77065485554532        76.758404373916548     
   195.80103205084606        116.87184958470806        80.012731995162326     
   202.73936019754649        123.32828242390721        81.994472837562014     
   208.76867828369200        129.09055095795662        85.078711218177347     
   213.75078476252668        133.77739181272133        92.228382188888389     
   215.65172638382126        142.22713348674799        102.46331352908916     
   212.98605935858058        152.04068234655037        107.49230867529563     
   211.55083476790566        159.73648913605237        112.49509278978826     
   207.12553669762980        166.79128873151444        117.08171177877193     
   204.15448481119904        175.74359276269738        124.04941467059297     
   204.35329776179640        185.53324678836123        129.02038955471110     
   204.57466879756066        192.43070556630724        134.38096232897652     
   208.08204430212942        196.85112632022972        138.86494677828702     
   214.12599612095369        204.30507187008996        144.55936956146084     
   221.58523365177541        205.72067126002449        148.73291102234890     
   230.40204472081638        209.56793425991214        153.25098016638393     
   239.20965723220718        212.78397848509715        155.68606998118642     
   248.56230452610708        213.02479267967044        156.92999706096904     
   256.92258845550134        214.45458995819976        155.62534300911793     
   265.84521290226581        221.96695171139251        154.14381363179064     
