   6.2582660335024158        7.3005305522784880        7.7856828163440497     
  -1.7609253752049199        10.711837750754471        5.0994745622095365     
  -9.8108816509088257        12.933485720976732        4.9772794885026599     
  -19.075210688445974        15.833107445436733        3.9948700523762852     
  -30.274474637026046        16.707692966344833        1.3451461842890922     
  -40.716855233939768        12.459965227901630       -3.6475325460130961     
  -48.083524192304452        7.8718818819304435       -1.5168690886984848     
  -57.241470753006581        2.0329235776144685       -1.8694193914400898     
  -60.578168307154833       -7.6272215778822456       -2.0633604064826727     
  -62.373024175540792       -16.240085381375124       -5.7426963803512621     
  -67.435745678488885       -25.429110182843544       -4.6086421268629891     
  -70.219412929252712       -34.816429422011517      -0.33940838677382601     
  -75.419406011293034       -40.489532269121746        6.2687294456152358     
  -78.434056700156972       -48.787623480343896        14.194095431911720     
  -85.126819842667402       -47.959921552632451        22.155479709572248     
  -84.906045266623252       -49.302514765128109        32.334508189014841     
  -75.920864573115722       -48.463253759157723        37.765029687324855     
  -68.442683936538501       -47.089738248397495        43.454829638685837     
  -66.960175548918642       -50.158501720973334        54.484493482693154     
  -66.823888508706489       -52.015780494180376        65.629238014934288     
  -66.713857686991844       -60.260695423964037        72.081214409359347     
  -68.826417785369955       -67.707993768534152        73.134276659515663     
  -66.634817007484884       -78.255048154848666        72.768908720855336     
  -68.217553254185034       -89.013987682043236        74.832097994627603     
  -74.324415948011321       -95.236448615263086        77.840825406638515     
  -82.875279965032135       -104.05044910342964        80.955317480466164     
  -85.536345710921040       -108.50383058037690        88.205278392949850     
  -93.737815362784858       -110.87552401134806        94.525707716332718     
  -98.456437932270291       -114.63475394066893        101.93982995957003     
  -103.04836434294864       -124.99869784574264        106.47126087617876     
  -108.67654063208136       -132.26773929275458        110.55691068632314     
  -116.33398049886641       -135.67207452312769        115.06489366113175     
  -125.58475362510967       -136.02873059191623        120.93704498911484     
  -130.43505192226428       -133.06590168992477        126.27367122838911     
  -135.73448747300387       -127.65275229534069        132.91658921456909     
  -141.91148112368143       -120.49102568892306        142.93057038150488     
  -142.15116160988833       -112.83360669734893        145.05184866864380     
  -140.54918637365591       -101.93337755376146        145.55852382913938     
  -133.22737076322318       -91.678674884414676        147.95078911754158     
  -129.96916702590264       -81.319238897794605        149.63809114007188     
  -122.05770295623888       -80.018683256356013        149.23350176801449     
  -112.80280234967090       -75.223606305175196        150.95919907636559     
  -105.41449110359956       -71.224326499610015        155.15474436071585     
  -95.721083568794370       -73.442241798546661        157.93486515699902     
  -87.356156190669807       -76.290467869569000        160.24271374288492     
  -83.093497083176231       -81.128129976163336        163.54155226274253     
  -79.773318732460652       -89.070235528799316        166.41465967058906     
  -72.309811254641573       -92.593275544404918        170.13908165375435     
  -66.528450219704652       -96.535541150773469        174.35154529997413     
  -64.038139210066319       -100.23685679183335        180.31526746157971     
  -61.581177417549696       -108.81847723834201        185.33040658177228     
  -56.155160358244942       -113.27603968732495        190.71999018348191     
  -49.262468553177399       -113.63571384907141        197.13836712434880     
  -43.151154942716907       -109.28354186865812        201.72645764753412     
  -36.951174538788585       -110.39604458581778        204.63423882602990     
  -28.551463455449991       -114.66820557002291        206.68335255129801     
  -20.366251882553250       -117.58951999651580        209.06364969677742     
  -14.473005055500565       -115.52793078563712        214.41472667170592     
  -5.9976147920083065       -109.71395187263835        213.90976578176156     
  -1.0319677366205013       -103.19330345522451        209.95460941896198     
  0.71027080468205384       -97.612051349424092        203.21521787140017     
  -3.1993773100071792       -94.213705850678366        195.45942927955889     
  -6.1066356610471644       -93.336041339545744        188.43155744284832     
  -9.4283835119796962       -88.035535839236132        181.28208744900004     
  -15.842438188697223       -88.265362390944759        173.34585193996088     
  -16.619463230692801       -88.654823765866567        162.51088631630688     
  -18.510313719850735       -92.043696448114446        151.93491548982487     
  -15.816594917451891       -98.315216380994585        143.65600271112172     
  -13.600047977364500       -106.13455038511646        139.88527208155904     
  -8.1958587083339260       -113.18443361913177        138.33691446268264     
  -3.1091368280408602       -121.69278990264522        140.39054331047214     
   3.2487260603076678       -126.56189113517254        139.71325684387483     
   7.5788165707724460       -132.62286995676908        132.43444394821276     
   4.9129614477334442       -140.69196086379574        125.57527083449716     
   1.8884973741143156       -145.39473611844502        118.85719837859322     
   1.5824802409531173       -149.91042328528127        107.57070323157691     
  -5.2964317030669363       -152.49616307934642        100.10501440944168     
  -11.526112364371485       -153.84939962215256        92.692557526972834     
  -20.582407686926224       -149.29770432432696        88.466345660954545     
  -26.886239772619724       -149.40544890062662        81.125613026434394     
  -35.795943887263597       -152.10088882099626        76.445484169219483     
  -38.603553992923842       -154.36705056983550        67.697841730308681     
  -43.487310154938299       -161.13541573004497        65.649425912840996     
  -42.766844526011440       -171.64788750761829        62.769610121149256     
  -45.563810082068350       -181.74601652107862        59.495589685946150     
  -53.425871590633676       -187.56225877668413        57.867904114807750     
  -61.229795583072601       -188.67713823958081        54.384318390349335     
  -70.530845108852134       -188.56141382463531        53.598820422962064     
  -79.983940575064167       -186.00040701773352        51.575493549784724     
  -89.098625604630286       -183.36551440376513        49.470984006726340     
  -97.420280957002930       -180.10383261013433        46.571572898548681     
  -100.47622674129954       -174.25771651698986        41.324125371742724     
  -100.52162077528918       -165.48110050071440        38.566711852207419     
  -99.206843182912039       -158.59823458257696        35.488477191951759     
  -93.931837113164875       -150.12889672442429        30.885091856794574     
  -87.364031590118813       -146.56412001544021        23.566931982707345     
  -77.675110148924006       -146.69885464785438        21.929830187375288     
  -70.747319114208395       -151.72860411015202        18.577637427982708     
  -62.952257717600418       -155.71119385316811        19.355077089974444     
  -59.965598933439210       -163.55128284028720        23.888385947051816     
  -57.273723341249777       -174.14142850462625        25.527897539626153     
  -54.146364594129693       -177.40766583711894        36.049801094855439     
  -46.471602026439470       -180.32713830598294        40.933432581566251     
  -41.487248972100829       -187.42763356590135        43.829037597797168     
  -43.425462251396254       -196.55992409454475        47.209386189497820     
  -41.758214483491756       -204.18450736029578        42.780354336438762     
  -42.002168191910286       -214.08298841727569        39.943791116720718     
  -47.622598683937994       -219.42510125582123        38.311900671522608     
  -57.459888481439677       -221.65789742851899        37.799354356886582     
  -64.511054245597037       -227.86205289641705        33.288732163929851     
  -67.788032142186239       -231.15949874593358        25.199746403832023     
  -68.245289762313405       -237.50144666169865        18.940382407628817     
  -72.245912962231358       -243.58147924931200        13.843237995198393     
  -81.390017840046539       -244.53655878692496        8.5250037394454665     
  -91.201932062892638       -242.75775799380415        3.7092164752020125     
  -101.93144543645235       -245.63621102240506        3.3153659560201163     
  -110.36266649700647       -250.62567876860237       -5.2885773896757939     
  -116.98531413238609       -252.72992198800154       -10.033162999787507     
  -122.34232604830008       -255.27697380150676       -16.975078849425827     
  -125.60165902261096       -255.92959639428904       -27.139809134508141     
  -123.72160200851306       -264.47861444387672       -34.602668222526802     
  -119.65778961342224       -272.19431998771034       -38.142648120692229     
  -120.67177269973706       -280.17186182112533       -45.111981224591091     
  -123.35347702342861       -286.59209399688359       -52.705423191253402     
  -125.13825758040001       -291.60078104712204       -59.895795386052896     
  -128.57121214343908       -292.66443467492934       -70.740487433292714     
  -131.05357194931437       -288.26168913060604       -78.049143734473347     
  -136.42109078804330       -281.38574002856018       -85.036109498519806     
  -139.21794059975429       -275.58981528015920       -92.544405499497600     
  -147.30460434617032       -268.48333848586446       -93.952206419678845     
  -156.46447539094601       -263.63438957396733       -92.491791008482210     
  -161.59380963109621       -257.65182158931185       -95.363117131296519     
  -169.84303766660793       -254.37696280029593       -96.895413501740620     
  -174.46503854524565       -249.62551336551348       -96.235710341143289     
  -182.42811334981988       -246.61884144584974       -93.778013645283949     
  -189.73585645464948       -244.66517011343194       -95.284264832135221     
  -194.96333218860107       -238.89204338232537       -103.43327489525217     
  -198.17084348679640       -234.48383824440768       -111.75175317201055     
  -205.20316335207326       -228.67525066230547       -117.41231011958692     
  -205.11660078923106       -221.60001756821632       -120.10155115677011     
  -209.94490258163628       -218.33534957496931       -128.58336834318598     
  -212.41071600059894       -214.94317868356310       -135.43980015657840     
  -216.89648193412518       -214.16094853763354       -142.99850837989408     
  -225.13770154423375       -217.74397035246491       -147.62606151743577     
  -234.44884885897642       -221.32353864383498       -152.25495785547170     
  -242.62698331890061       -222.90031183492758       -158.04226897328596     
  -249.97750582686336       -221.18662737782603       -162.84193864734362     
  -257.04598919935120       -220.12745268354576       -167.71863521725038     
  -263.72306509640686       -214.57451536984775       -169.07803399631439     
  -269.73587853156948       -207.04545638114274       -170.50494148516174     
  -275.98609192946395       -202.36844874383291       -168.94129388667574     
  -284.13421663151803       -199.16978716105879       -162.14719711553698     
  -287.70231090110894       -199.75152103027764       -154.35817877464910     
  -287.03527239721859       -198.27557412635886       -143.67412580340135     
  -287.56721379288246       -198.61185964788643       -136.51932980206331     
  -288.53537344557867       -197.78434367864074       -126.99342999796599     
  -283.88968389854108       -198.79569791522289       -119.87457690946638     
  -275.23589062402732       -194.13868321495289       -117.24813076331822     
  -269.48918836928993       -187.45653093575882       -113.67884692817026     
  -261.76843530677291       -181.05770848299395       -108.33030297478700     
  -253.27267260290455       -179.30256143023757       -106.49274297789006     
  -243.75921373611888       -175.70262110258926       -101.19892444710806     
  -237.98127151300210       -174.78488588973238       -94.752184702944874     
  -230.44770882123942       -174.32470738793629       -87.804750341201498     
  -224.55697189313145       -178.16423826420217       -79.088359228420586     
  -218.60213940828564       -179.25475996121742       -71.396767027643477     
  -211.31882927447717       -180.10328724131602       -63.368860210404819     
  -209.05677340407695       -185.19051868153358       -56.936883137945614     
  -208.78888522390073       -193.06519966725998       -50.916269020234949     
  -207.23969018545239       -199.62765503229286       -43.834410056681861     
  -204.47281780341785       -203.76713189655649       -36.265265437689365     
  -206.21390287388869       -210.09786201688445       -29.940919962976082     
  -206.01908335598267       -220.10173682746270       -22.161331773065939     
  -203.98951210714287       -227.46802618192709       -17.910696740071870     
  -198.98072490440916       -237.49178422901866       -13.582663945054264     
  -197.09508799317231       -246.75300652842691       -17.316371652977523     
  -192.73802810696199       -250.65470663109045       -26.385631370998325     
  -190.78861677277754       -259.63337301595823       -31.102454277629164     
  -185.86323500704370       -268.95668844932840       -36.653720132729546     
  -178.42243275281550       -270.34046462508826       -35.831210682960148     
  -173.16874667733646       -270.35286707600324       -30.590133324838263     
  -163.04215038563893       -271.52870616625955       -31.757298063704937     
  -154.04916376231213       -268.01760502495171       -36.398665366798809     
  -148.44875719737126       -264.24112018065341       -43.796609664826946     
  -144.61649539145640       -263.52921763661004       -54.359608808154860     
  -140.77499403922610       -260.03091547578276       -62.990150600243055     
  -135.16714483543376       -252.55715969576579       -67.471135684462979     
  -129.27267722867731       -245.50987548147623       -70.656738857287252     
  -123.35538920268769       -238.17379800236068       -77.360981743749335     
  -115.08573960224078       -231.34632197829544       -78.927867898546083     
  -108.17563600673506       -226.70847120433001       -76.571912979740119     
  -101.40198483441769       -223.29942276849329       -73.694336329137883     
  -98.303945323355251       -227.70203759961615       -66.246288002456652     
  -95.532166371998201       -236.52532343971279       -62.852791340824467     
  -96.570170853655029       -242.34935837674072       -54.911296549282667     
  -95.348953115734929       -253.52862631945544       -53.599131603422222     
  -92.961233517625772       -262.54068796789079       -52.203258098079147     
  -91.952195316772091       -269.07800847710780       -48.250604987809425     
  -91.078941089622006       -273.53285271384857       -45.293408818384421     
  -87.361823157685293       -283.11954342140143       -41.170923628157823     
