   9.9707259109985280        1.4560958341958248        3.4712491419654476     
   12.953486726927519        11.864076467163670        9.9525286605795760     
   17.786821428919652        20.103297374896592        10.818104176188712     
   13.936126582687454        28.968618137733941        8.8211283066335273     
   6.4318492123266608        36.657024743481784        13.287704768206222     
   2.1292097442785582        41.556827923944951        15.950743982608941     
  -7.3395724986808446        48.133418003150979        15.976335058298311     
  -12.587785143608855        48.717406719733532        8.4904082325457964     
  -13.180183574463797        51.084273280005675       0.94870634627073969     
  -10.181364273167368        58.019342626433030       -6.3687885805037219     
  -5.2867555683472744        60.119140640382497       -15.430078999228904     
 -0.68031625687991237        65.627759210400995       -21.654266651172527     
   4.5034053598547459        67.537614734560236       -26.213133708312434     
   11.731683090137725        62.536167209156588       -31.179032292701834     
   16.986504185204204        57.424987608755373       -36.171608802969573     
   19.676154657451466        48.801558340466030       -39.316465038475343     
   24.156784511254390        42.190392802401576       -45.950858133799329     
   30.132940810361951        35.750642566688029       -46.297582198356864     
   35.166206936532802        29.839192049874143       -50.960121457956518     
   43.473143379069640        25.854938383377942       -53.074228012551487     
   49.993400266728898        24.622754697898138       -45.951329645883860     
   53.086166632308426        23.992245989915887       -37.619656344204479     
   58.777848292172685        30.561071498684434       -30.577168707088902     
   63.767565767792185        32.744997052567349       -24.625114796024690     
   64.046614691754655        38.580190177011687       -18.831906845558933     
   63.341986397788709        42.881159559585498       -14.407504005886558     
   61.922056941868426        51.592137185936707       -14.487834591121327     
   55.544772813381407        58.268185570444757       -13.059967101115731     
   49.983951686515468        64.376059973083173       -17.452219829184358     
   42.434301956495716        62.674762819298820       -20.090488814956586     
   32.905183176619595        59.597867548874618       -19.832439744615172     
   24.551375138765930        55.758290079903361       -18.914719509696944     
   16.171780097207741        49.297395675027587       -19.084462509696301     
   12.404707670945932        41.907498304344102       -25.846149685212758     
   8.1067372621620741        38.764116188521555       -34.805108302791169     
   3.1825078064948116        37.238908506634388       -40.807951033279281     
   1.0286739682141999        34.761703181010418       -50.094634592478300     
  -1.1797793690393021        30.760914690893372       -60.351377515779376     
 -0.91476753274231370        31.134204029861792       -69.339091607336343     
 -0.47300034772598210        27.545345459801879       -75.539062375053149     
   1.3014225991826862        21.987317071913445       -82.607839596535982     
 -0.52771729778667265        16.169363749570678       -88.891864745135337     
  -2.2929630907817824        5.3225471427743116       -90.209403156525937     
   1.8346801733970040       -3.6598602675532135       -93.842690085441149     
   4.6445960193251281       -14.113968600437154       -95.921406966595242     
   8.2343773508912363       -23.374824018734358       -96.883221956074237     
   11.769930815459070       -29.787220945132496       -94.944408256406291     
   16.818554329328521       -38.293030658252562       -89.929699543906509     
   17.663897624049181       -47.855116459623396       -85.403916648371734     
   17.210433325169035       -59.182496932463437       -84.949223328316364     
   14.535202688572449       -66.480912298957008       -84.469352308221445     
   5.2834263221790216       -68.677669917397253       -80.300421468702453     
  0.22469366629418630       -63.026074946367828       -75.501437315734776     
  -6.4619625170231316       -56.946203130651469       -69.207260079575434     
  -8.5707082112736899       -54.067994774030865       -61.892320012334878     
  -15.620678758922857       -52.916405290809926       -55.871852646680665     
  -21.702940545252908       -53.044012680048304       -51.925770494398606     
  -27.179259780134899       -55.097821567552415       -45.397295808956585     
  -33.508244000854980       -59.563337737969469       -39.911320862519524     
  -40.300582120718445       -60.177272693010693       -31.240980468805112     
  -46.144091459188161       -59.641859061065027       -24.511559493296502     
  -53.004962833759251       -59.212226630050296       -20.466220543170202     
  -59.283320658526520       -65.576768520454067       -14.594473212067619     
  -59.760829619918141       -70.429147340319233       -5.4250345911469324     
  -57.786299886499179       -76.570582057840994       -1.8002760677831837     
  -56.262243788098189       -87.621064837386101      -0.46046049448248283     
  -57.671384442643827       -96.964814728564264       -3.5437823823364667     
  -56.919896603967075       -105.25994148198735       -5.3384842224445954     
  -54.509073995884322       -116.28694424927122       -7.5164573031038735     
  -49.505597378451384       -125.53651184943637       -11.915140581149124     
  -48.030086497590531       -132.43192732420971       -17.862740530657909     
  -51.722158888705167       -140.62720736677255       -22.877963199894637     
  -53.649015209041835       -141.62254862549671       -31.906389992171086     
  -62.007481087412017       -143.70257886592091       -42.831954549105319     
  -70.850253852900494       -140.92137124636284       -47.497558597996672     
  -76.497444873821166       -133.49898000312163       -43.164537866150511     
  -84.465204308753002       -131.69968366075645       -39.470389706196201     
  -94.080539447111533       -129.74570928761796       -39.242743331256150     
  -100.87387076553605       -125.67918949462729       -35.609357897084521     
  -103.97020457261945       -118.82620294333515       -31.340048091267640     
  -103.69609842447835       -109.51356483105835       -31.610094147143514     
  -109.16903442321365       -101.68245889778618       -28.067004897594430     
  -115.46373851008477       -96.418743487951758       -24.746041091770010     
  -121.53655507892910       -91.991212250065530       -18.945348444455284     
  -125.28094928520312       -86.666948217993507       -12.005919917022538     
  -130.27654896625950       -82.696889255847083       -6.9402824575753570     
  -130.68173218931912       -78.570516722139189      -0.63274728441159311     
  -135.19525946659485       -73.645349039278784        9.0999424569177272     
  -137.98498845011915       -70.556749534131910        17.318636385703677     
  -138.81718187366846       -69.008161245245248        25.628284549464666     
  -139.97668028571951       -73.483419896904252        32.048195566761926     
  -139.25379490839532       -80.114601249445343        37.211053828848094     
  -143.79025241324956       -87.378204560235730        43.134201222257175     
  -145.46626447587576       -92.115547599252864        50.177911479166312     
  -147.76465499646707       -95.266192255925858        57.755765306595151     
  -147.01773095560515       -93.152870661581176        68.225031347657989     
  -147.59481491146721       -92.393567942886790        76.131252558823377     
  -146.07949771909691       -96.218210350181977        84.788123824642554     
  -144.21349009128312       -97.803997263790336        94.326671100745941     
  -145.14291854309403       -102.12815475067941        102.21657476467612     
  -148.62141239077704       -99.002998305837110        110.77866635282614     
  -156.36825623065621       -93.940168351038153        116.73436851778683     
  -162.45854421951617       -97.998921346526856        123.74871284573955     
  -165.23904427557088       -105.61725712227354        128.39234539870586     
  -164.13909648841974       -114.34859282036746        131.17373375584586     
  -162.52535010159482       -118.30441088097496        139.05658105244623     
  -162.89935621485577       -123.20969850066041        144.37396646673037     
  -166.47931768730248       -131.15588395657068        150.72269177258110     
  -167.36760863807461       -138.03374131953507        157.35882824598755     
  -170.26919805577825       -146.59579848403186        158.72248431156859     
  -174.88352913816476       -154.19541358610397        166.34619246944945     
  -178.14074158829740       -163.68163466677976        172.14494911513449     
  -179.90048345062945       -169.03023229122971        178.51517058350049     
  -177.66749940879288       -174.87706868186791        184.50753540891390     
  -173.47591198282362       -174.40224412595131        192.17077525008574     
  -174.31139310690600       -185.31963516579265        192.05698447706510     
  -180.27787765076383       -191.18854724694938        190.86665764785940     
  -182.13199422820821       -199.83700957196083        190.85488396062058     
  -181.96145408430857       -206.59836897464459        187.22591596049782     
  -180.13074090251706       -217.75178162580750        187.85084550575337     
  -175.36482368670517       -226.83505372621903        189.70122623431405     
  -171.59899738029338       -234.95935309449231        194.27685835896239     
  -167.70767035816834       -244.94705792855132        197.13017935928139     
  -168.25011227257198       -251.61156509702738        204.22664540804206     
  -174.25353437067500       -255.65251694641131        209.03181331278424     
  -178.10274637007248       -257.63091849344494        216.21740937261364     
  -184.33461063615772       -257.11551948702191        220.56633221284912     
  -190.74157846789115       -255.61048589492128        222.48451657595501     
  -200.89997904661485       -254.29244725834758        218.36320488355389     
  -208.06214895873146       -254.00383617054842        213.94736332703883     
  -211.64142122553488       -247.65123180803761        204.80024292837152     
  -215.06906419819140       -241.39006946698078        198.54628954901651     
  -212.38936671011081       -234.55262421683420        192.57134726072704     
  -211.17400421396590       -226.63786320714757        184.67375531756289     
  -207.11876343925297       -221.35835321574001        178.70538894407650     
  -206.38866238499176       -213.86369351798987        174.45237230353760     
  -208.57526598766538       -204.90904948339102        170.41343102973349     
  -211.04112934587090       -200.73160622843716        162.95026627331788     
  -216.00052412036848       -201.70167991628631        153.73513705901127     
  -217.71534587635017       -206.47418671002424        145.74542215645059     
  -222.34736417960536       -211.98313819843366        140.76441976401622     
  -227.54031875660422       -219.11506818242771        141.83006329726220     
  -231.59493588054750       -225.93360098120456        146.56368386321861     
  -232.55871238291655       -233.94588103307490        150.09899708106312     
  -231.40177950704901       -243.61508008050345        153.35381236895020     
  -235.21924350486665       -251.23977636016809        158.53678279656990     
  -234.94187238601347       -257.86780729450641        167.23312638838402     
  -231.44940141430101       -261.96148671362749        174.33630990518054     
  -230.00512343628696       -270.24674098167452        175.37556029748814     
  -231.44095631272683       -277.79905950919300        175.94158258513656     
  -234.55550579572815       -285.71183817235561        176.55283633472885     
  -235.12769775490790       -291.79336712880405        183.05527318809462     
  -237.42753535311044       -299.82451765435491        187.53298902549568     
  -240.08472007860411       -304.90494619070097        191.92560405544890     
  -243.76820020898367       -305.85377615216566        200.51337671283676     
  -247.18575155325112       -303.43920739466284        207.90640670353366     
  -255.22682470623431       -306.70531856260965        210.47399773340396     
  -261.47913179664693       -308.34925171259204        211.69459972023316     
  -268.84903694530249       -310.90598973967849        209.61784694476236     
  -277.72009948833522       -316.83773847336147        214.71732212989224     
  -284.79988628333058       -319.35673515085256        217.75309117157107     
  -294.65885135573171       -319.79125691217132        221.31583914800007     
  -303.22309244882848       -315.51597627655133        220.55141684253988     
  -313.31848902836742       -315.62142420857367        223.43696434924522     
  -319.65473779608715       -318.16928490383185        222.02235245819307     
  -329.90020501024492       -319.93334564719822        216.88751831023762     
  -335.10717144402457       -323.09395782562257        207.45876902788228     
  -336.40756934595453       -319.67795050510966        199.90294189880854     
  -340.75719784645094       -315.81744113630674        193.38071097669064     
  -349.86605502999498       -312.43153477056444        189.56295876650231     
  -357.14538291767593       -305.87497825737154        187.55359347873133     
  -363.66266266280218       -299.57722986457651        184.06663341445307     
  -373.65735334263496       -295.48712580378788        179.81878131911790     
  -383.34546910340362       -292.11227474878615        176.16056936682199     
  -392.24386265410590       -292.45416112880014        170.28785548010131     
  -395.31479217139213       -294.34802272095698        162.38071924055521     
  -399.11701518024040       -301.89316877670461        159.74715218407317     
  -403.40713017089547       -309.39253658894285        164.08685848178462     
  -407.47045870247166       -316.86947148619606        169.53263217295421     
  -410.31372688665027       -324.45696681941229        172.87598755919109     
  -411.53953302729690       -334.18825955553837        175.94460751917580     
  -416.59209239172770       -343.50121216348043        177.15589337108904     
  -416.49492987979943       -352.63276681689320        173.78061025158109     
  -418.96133577278920       -361.16246731549063        170.63018981797461     
  -423.52748599059373       -369.25338058710611        167.79767809130868     
  -430.68333410310913       -379.70451524221664        169.52782826933134     
  -435.75737552226235       -387.77080401525774        174.05675612777912     
  -438.51855634812330       -398.43760551027322        172.47202281989544     
  -440.50573909193236       -409.28737058250277        171.32242557523870     
  -441.36160009816001       -418.87101553337050        170.30906422664924     
  -441.62594053073985       -430.38284964210186        168.27079702223145     
  -440.58319118519796       -439.56953794374544        167.34367748811053     
  -438.32588851127832       -446.30845600021360        162.87059493158236     
  -434.49169036504873       -449.89410639427740        152.16592485198501     
  -428.90215083998004       -452.12319868495933        146.85609261850186     
  -421.73187054551443       -452.89775416430496        138.93992981373106     
  -416.35946803125557       -454.60139136358782        132.38086154413077     
  -408.93979001022126       -456.73891531497998        129.30000511354703     
  -399.06650661439045       -459.15076057163503        125.39620635580559     
  -390.63135320370134       -458.14020951893917        119.62748343503279     
