   1.4577023859152831        1.3000971364467091       0.43803860779536308     
   10.807615890370844       0.34682918458130985        4.2809790040076336     
   19.423132084427227      -0.89951394282854835       -1.5672637141739756     
   26.390813230062516        1.4701433714461132       -9.5016906254447520     
   33.866434173762215        5.5109272782420362       -16.647444106139716     
   40.881460152233686        6.5969964516372670       -21.707750722470337     
   49.936951180497736        11.563543405880324       -26.277964368091091     
   48.811661020297436        19.384527632971526       -29.918781963765184     
   44.034622973026387        25.367971582895649       -32.582484179663481     
   35.588188584500912        29.995764694659584       -38.803120632043175     
   26.567189503973900        31.396529261831006       -39.022106608259605     
   17.813733942866644        27.887340868049677       -41.135373396456004     
   9.5786525718539295        26.284298506736235       -38.642567378186101     
   6.3183363422160568        19.617541316824230       -32.989159162953939     
   4.4009518617692507        16.271896322734165       -25.002080962056795     
   3.0821234690181001        15.510983564044352       -16.684590818999993     
   2.1814416216376884        12.781149971946292       -3.6472845242274161     
   1.8049116286321834        5.5016339449273346        3.9525647713177818     
   1.1071007328253657       -4.1123957874617645E-002   10.942434767181112     
 -0.29435886104135989       -8.2580867182009854        14.563829718308796     
   5.4585613598807825       -15.453598641139934        14.673377543731618     
   9.3841696117916555       -23.520071674149364        11.916575806946554     
   5.0716593188552466       -33.103428750149931        7.5627506661417101     
   8.1902381005500615       -39.396684634482739        5.0589720679312222     
   11.293938731548995       -46.105916312645689      -0.96550701757027468     
   15.741189472148193       -52.359341549992820       -5.1805194557921652     
   19.927180240929701       -59.346875890471352       -10.712782022813201     
   26.176837577243894       -64.727419566475504       -18.794464782441565     
   25.978956084950134       -62.802053360925612       -26.987496811156291     
   28.257372369519118       -56.656895418525977       -31.746582590680276     
   37.095822359976751       -49.855103332492035       -32.677191554490122     
   44.483524238067126       -44.306054837943066       -34.287708781086621     
   48.663879066840138       -35.253151609337692       -34.635492981056416     
   46.801894715686927       -25.543176139553907       -29.115632915247147     
   40.348203091953835       -21.188363404591570       -28.529033433000762     
   34.612834459743347       -16.175688563919749       -29.553051856420268     
   26.247252943603861       -10.508546110042516       -28.652717419981542     
   16.754710745834842       -5.2220924283058423       -29.441262578305441     
   8.5918939807478409       -5.4505905863869941       -28.052341701309359     
   3.5292948003595512       -1.1762318344186156       -28.521950458289467     
  -1.3832563575949877        7.1779550098377172       -29.944535211762059     
  -4.8997782875762823        12.823916232786900       -30.860809640326210     
  -8.7980079148345922        23.364512844449763       -29.719874138010027     
  -15.898615598138605        30.082019939340597       -25.377324670029310     
  -23.745875474989539        34.574375790092432       -21.248602327153208     
  -29.178000543549899        39.221660696041795       -13.572103594185364     
  -32.096950270129980        42.927557523439006       -7.4194848515714114     
  -40.376239470453015        47.165398882341080       -5.0768824107338730     
  -45.904361862109056        55.920400177054177       -9.6434533272310432     
  -50.630043188005956        59.331932066750682       -18.606044757503696     
  -50.783542058063830        63.686503124905201       -25.264745501404690     
  -45.011062474405207        70.537881360186972       -28.358558288185719     
  -38.310012433839688        73.219003777416930       -27.144698735129339     
  -33.570471110501487        77.452275849777237       -19.402770279941706     
  -32.693921959155702        82.139747471059621       -13.224132801085517     
  -23.837246706728621        83.747958365404457       -6.7385996407633968     
  -17.104740149564599        83.822364586564134       -4.4952193981727930     
  -9.6084848649786849        85.669577010787734      -0.52027642362403981     
 -0.40309307200787714        88.562110305867023        4.0450706871516502     
   4.8645248315124121        92.936175049344115        13.757086830843491     
   9.6305371256505765        93.503269456108228        22.288514961214673     
   15.957941028111541        91.554123396825148        27.678460920494985     
   26.097864162641468        92.663597524633317        29.057221989934220     
   34.675222841356799        98.394746943413182        33.174400188134911     
   36.633205720460424        105.71949024592045        36.113162256446032     
   41.080235851676981        114.88800037587376        34.746653019654133     
   42.551980165399492        122.53134711540511        36.894109321234254     
   40.236727916075111        130.72949615362768        37.475630980757273     
   39.746023047950438        141.05407540715112        39.020882990093526     
   42.336829524299091        151.36293375760332        37.334769579994600     
   42.065699387694508        158.42646113147089        40.829826586324117     
   39.646660421601950        167.06359997200664        44.759099641469305     
   36.553022388288099        172.81012825159888        54.441382350442069     
   29.932327622738509        177.75452603087166        62.871420355083501     
   20.812188958118636        179.06095858233496        64.669232064315736     
   15.351382562349198        180.37033489120421        56.231820912116603     
   9.1889157650470530        185.25544064545923        49.961323095243102     
   4.6959608103114734        193.43251284882038        46.014080548124639     
  -3.5502055494402525        196.71994795292852        41.773303557778235     
  -13.909971993329872        197.93632240574277        43.099417524555605     
  -21.187606728525619        200.61318675501539        47.475422884501285     
  -33.472431593620691        202.79307331574699        46.697019973019422     
  -41.705733720161696        206.49802881422133        43.460219932160527     
  -51.041711775697088        206.54568569676744        41.704149028680490     
  -59.237559349192800        205.06498309125774        41.188755105302960     
  -68.016644335259727        207.38710816947847        39.694157298462386     
  -74.589780032829992        205.20174064991375        38.359268339595843     
  -86.462874296559292        207.60764812483984        37.714606794407985     
  -95.403261349298404        209.79579281012079        41.940455323608262     
  -103.48655401632574        210.17107850335219        42.804141403781983     
  -109.70574017787352        207.09859443586930        39.000301346696176     
  -113.67305918297713        199.80362099620331        36.780772248822984     
  -121.04445843136189        193.79093092674938        34.322001593324018     
  -127.56160151062672        189.86134618007009        30.300824873715584     
  -133.68421253974486        189.96833352739304        25.806380417486452     
  -143.42978067036344        188.71684689995405        23.474731338879423     
  -151.19627067232457        187.83561400577670        20.136761039597644     
  -157.99167321083641        191.94826694614071        15.136076784029770     
  -162.36951077701539        197.79427259020198        10.930800773172594     
  -170.04567677784979        205.48443463783002        15.488906877613489     
  -179.65474999072447        207.62761386191389        11.642394861651868     
  -188.66606185273469        206.87751301313887        7.0837566581194853     
  -196.36133288475440        207.55413679777723       0.19870443158157686     
  -198.78170895949120        211.01796071574498       -7.8257320750630850     
  -199.53765385523556        213.68783178808295       -17.301943680045213     
  -201.00907746174914        210.99196853492344       -26.749936735519810     
  -202.21269814731488        212.78655089959645       -35.545927436353253     
  -201.63377009520974        217.27740184733625       -47.028496772451803     
  -197.93795316753170        217.05267675032346       -57.064206308928732     
  -196.37984417321556        221.10702466192132       -67.194959994884613     
  -193.70004538769135        223.28885243311456       -77.317853925812273     
  -186.14371202040405        225.12164437865275       -85.169104531228840     
  -182.10975367319435        226.61880568659416       -92.398854903988848     
  -182.68627766146835        228.82581622483789       -100.59235240569978     
  -185.89266440433374        228.64050802119345       -111.88497551098953     
  -195.08569320905849        228.26731727153299       -113.11439822678875     
  -202.66586194073363        224.49608614113231       -113.38107041336968     
  -207.77289498262945        217.40734152962588       -114.63745691776580     
  -214.11431634541458        210.48248187674400       -115.40004906062688     
  -217.02081199796692        200.24633685805156       -115.86139144502437     
  -220.11330445810609        190.52706594111822       -119.61875057811619     
  -220.34630343715980        181.66093681971597       -124.58470056074742     
  -218.13412101577262        172.67887817074069       -129.19841819671137     
  -216.29101857189210        163.24639013650852       -131.86448687549512     
  -210.47029514635298        156.62842338922644       -134.80565951293784     
  -203.61715378746470        150.81792488843826       -138.26474427983976     
  -195.85272766573001        146.93168819839011       -136.24248394212401     
  -191.83424372318382        139.06426038076617       -133.98378964872654     
  -191.36801462233382        131.71128548559420       -127.05739886667305     
  -186.23906970518925        130.62340399307232       -118.98308144600082     
  -180.53792153279721        135.99497694343859       -110.92360644545408     
  -173.89720090488362        143.93892917363092       -107.79902595972055     
  -167.05223222150693        152.73592919239110       -107.65194956704096     
  -162.20288973096339        159.98538568625594       -108.15714319745962     
  -157.24279845004003        166.93844703298049       -107.61139077919398     
  -151.24067540082115        172.74553673958675       -104.71021211671274     
  -142.07612235870880        179.41510202201482       -104.02227582532021     
  -131.00840472741615        184.28756567106012       -105.20838681204748     
  -122.27369972079524        188.19019755068112       -106.30676720270458     
  -115.53277101128248        194.03508935476532       -104.39243745084298     
  -108.88626553398780        196.92740539023828       -101.33083660424569     
  -100.35556428368216        200.83551031503654       -98.858144159326798     
  -93.623733455278995        200.23713160129162       -91.886907508055970     
  -90.866743892211389        205.30325127808791       -85.517014905624535     
  -89.126911255969674        211.26688177657110       -77.021712985834085     
  -95.550917375750458        217.70457964111333       -72.302195788046788     
  -98.227419377181661        226.28959880047063       -71.296095615357331     
  -101.55188068315914        234.04071492091322       -71.432926993565957     
  -104.36023381697188        241.05563840553347       -67.004223982979568     
  -105.26523831565501        246.56744881290928       -60.733767940130576     
  -104.09516738711599        255.40460326317327       -54.893412162092773     
  -104.53652333723142        261.91402493548514       -51.382353948248891     
  -99.985832282021875        269.84266498985880       -51.904848168696873     
  -96.610463399576446        276.60267236818095       -50.759042838073782     
  -92.711586342933600        282.81089858443721       -46.315128270965374     
  -96.184030109058511        286.42424620604129       -40.161168477809611     
  -93.611394652411150        291.95846327424186       -34.828086339905667     
  -91.997986467811614        299.07023505273702       -32.313978763864327     
  -89.427193746930442        308.29396028983820       -34.962530964549558     
  -88.254763975148308        313.22169261492149       -44.881386454571839     
  -87.729794248841330        317.62949587791474       -50.328582951798552     
  -91.052886411375255        324.75352646779731       -52.910464776366467     
  -90.660454554868863        333.98817396275666       -54.794933597494946     
  -84.120847190031228        341.67364296684457       -57.102764245424510     
  -76.381664150789845        341.96851480780117       -60.836555327922440     
  -69.436510656536143        342.09584405283306       -68.850040608910774     
  -61.387822304129884        338.26222214777107       -74.662487435961509     
  -53.306371302693165        340.89846173949161       -72.516670124249799     
  -44.019996399749502        345.22606312824195       -71.409133364704246     
  -38.994824316824676        354.54755971477118       -67.989245638930811     
  -37.541362995055977        363.80449142551214       -62.568750220764628     
  -36.889970609966269        365.72021450581178       -55.113418509182253     
  -31.877987861905197        369.95311533080741       -45.497198510029335     
  -27.042164719162713        376.95986731552438       -37.964642517561714     
  -21.367488996179588        378.73068531896547       -33.155959184522629     
  -18.353395104216077        369.73386855547136       -31.254704164586855     
  -16.579143096430556        360.87005062995638       -32.644508992603051     
  -13.664682582623627        357.15472598980881       -40.019266249767043     
  -13.820834829808746        351.73308516594057       -48.852593427577602     
  -12.602899699801455        346.92126522719451       -57.249543706261591     
  -13.740691953916027        344.25723880754066       -66.709489288735540     
  -12.399173664896367        343.66424085758570       -75.968054289689292     
  -7.6760171647229072        339.63852076529719       -84.440716729696021     
  -1.4340283662103772        336.60396839448629       -93.068711583481502     
   5.2295722154837847        335.29187550564717       -96.253899893225366     
   12.209736648141764        335.71570474187956       -104.78082167633062     
   18.697448008664253        327.84424219247808       -110.92107306751370     
   25.585315868455666        318.37188057905860       -109.20873221568803     
   34.129539958158603        310.88556912051945       -110.53548666849571     
   41.699376922803211        305.62886111858472       -112.22223559428431     
   48.020835562395476        298.73053953978842       -113.23181516676294     
   57.108823987596601        296.06451912814759       -113.18901485313813     
   64.324818601923752        292.73919689146078       -114.45722818707628     
   71.763798252036054        284.14522496522591       -112.77901294978523     
   77.797711957987630        280.53515966240400       -117.02733570809562     
   82.916443729260493        272.17520474282378       -119.11171824530231     
   89.615079596752025        265.55151175498514       -121.58436120488426     
   98.486304582226936        258.99305797113163       -121.69434332309339     
   105.02464492751866        253.54952522388277       -122.06188770372370     
   111.17511703910512        245.77500316323443       -123.79745148697731     
