   8.1498601513482640        7.4881897049845634        7.5589919275958692     
  -3.5436794105467300        8.2831883433887583        7.8472748820669267     
  -12.894165720171202        8.6801996880424781        4.4158818172194856     
  -19.555633261812261        8.2168386030178340       -5.3786561589891022     
  -22.103230476463580        4.8594134909417335       -15.039850475416266     
  -25.658686059075563       -1.4963471074520953       -21.611339314429557     
  -28.952034751913970       -8.8664452008434864       -26.165546645247254     
  -24.996587662834145       -12.852533456326285       -30.938372748964238     
  -19.907169341385611       -11.373761197888712       -37.377222267671847     
  -9.3022045452802331       -13.428867818516721       -41.028051353064882     
  -4.2135797251709732       -21.187860631287720       -39.175530699656939     
   5.1546020251860512       -25.770282063693173       -38.961545367940289     
   11.973733083438390       -31.576656215085507       -33.320162738302436     
   16.152464594896088       -36.081693451524870       -28.082200752830673     
   18.864332516083209       -43.144709942194993       -22.739097220375577     
   18.024715844495631       -51.395850929224650       -18.384245874012830     
   24.694706650157286       -58.868024644075092       -12.077720500632950     
   27.881554627708340       -63.137128333887347       -6.2349575555459253     
   26.799153785857925       -69.355998505701223       0.84841943486289750     
   31.674639056129763       -76.433945410671100        9.1975188590525008     
   35.203333842575063       -76.536598261554644        17.595746589446364     
   37.488038990929510       -77.536293384010236        26.680194201034681     
   37.250762884982294       -88.476843610470667        29.920024448805663     
   37.607050811215743       -93.917606011746301        33.362170433365975     
   39.888032204245974       -105.28969331336580        34.255726179093458     
   42.645058374206059       -113.92682736147958        36.810790476332755     
   48.782928501323994       -119.94811421815339        42.600586762989963     
   53.159885580518193       -129.28951087750846        49.941944179330065     
   59.385790223288751       -132.56475512554778        50.510040109659684     
   66.005760494207351       -132.10807482952831        52.494315382943469     
   71.911111095923133       -127.16460936801849        60.459831552963919     
   76.373556574494557       -117.79024127759357        65.997854924548164     
   79.470406078313289       -108.05466162933712        64.075465256042037     
   82.009933474013408       -100.45602249367965        57.904773590552708     
   90.779689200090061       -96.052028180790018        53.662275152831910     
   97.531263201411122       -93.046550667381325        48.623381084942039     
   104.85645491524269       -93.456288852099419        41.743744864838575     
   108.30385799921774       -100.83952339235853        36.120102112808326     
   113.70813778623710       -105.75681264661193        32.267433936356156     
   115.44886431158253       -106.32575612543118        25.422434011422936     
   116.79339114917710       -103.56393261948654        15.365924727298591     
   114.91328675109810       -100.75784500902498        9.5630424074288172     
   111.08260947832099       -98.005996297613592       -1.3074428120498069     
   113.08341554614407       -92.702564279398530       -9.1388637418286365     
   116.22112201564367       -85.858086594099319       -12.133474764322045     
   118.68544685288657       -82.898781118451410       -20.867490970569040     
   118.96517286358653       -84.123092516395872       -29.624950522242550     
   125.34308090390077       -84.254677644315251       -35.516364088185078     
   133.35186560816561       -80.627003966921507       -41.813920669260035     
   141.37142384571248       -72.796017487093422       -41.044831705051564     
   145.15193619052147       -65.397946472223850       -42.348203183673036     
   145.44047030805905       -55.873224534630992       -44.409250275020014     
   141.86119802074472       -49.431926679032586       -43.811558597514050     
   134.60176914996939       -42.145613669095212       -46.947229251032766     
   133.85105413908821       -35.152483311937544       -51.804344935756120     
   126.45820710820686       -32.594469440529735       -59.651878205397708     
   119.45529323115696       -29.143722486311560       -64.386123739283050     
   114.03489473247816       -25.354599564912291       -73.420786304603382     
   110.16660407613459       -20.319428566520060       -80.528463348946062     
   109.18520196057597       -19.958853319854995       -92.108684453229998     
   104.77604019753343       -18.843535957819199       -98.296921301218163     
   105.81712174601113       -14.071203963305834       -106.27103485728200     
   108.36216937730839       -8.9212240542723862       -115.04492973140962     
   112.47927439866585       -7.0091022137145842       -124.78201611502844     
   114.02432151904796       -6.0257592449222557       -134.56526221916920     
   121.51142934810470       -6.8082430905323008       -142.86135193655096     
   125.76273855547336       -9.0096400442324693       -150.67218634946499     
   128.71140896955831       -15.924327324166711       -154.92783078897594     
   133.55914022711977       -23.229355833551438       -161.50005420279933     
   139.46736587364137       -31.026064483893151       -166.29626374143089     
   141.30908798318919       -38.336825620120521       -171.81967474237072     
   141.33428519528658       -45.778441418464524       -179.69949096222845     
   140.11185410252631       -50.504387268184757       -189.82929302490186     
   136.78079336973980       -57.937008383678517       -196.91877227694920     
   132.11032528401887       -65.427716897964672       -198.51083083614367     
   128.66668599614448       -71.295622004395454       -194.14065725333225     
   125.47042361047035       -80.758176991141113       -190.53321921933281     
   125.13526013883440       -92.341364507673006       -188.98065185610636     
   119.11678616212632       -100.43769658871128       -189.87961093518683     
   120.02550240473585       -107.80774617447489       -195.00580178336267     
   122.24760955459467       -116.79787792861919       -200.53642130598928     
   117.21183251944646       -126.01809526163046       -205.66673019447501     
   112.26311528232259       -133.39390752401874       -208.95045834760785     
   108.60160011437407       -139.85499461013134       -215.44979970654100     
   106.04102158965411       -142.84291476471745       -222.43691773371182     
   105.81577789531231       -147.76041176595186       -229.28045726388220     
   103.58241151856571       -148.78518106558124       -235.41674494225339     
   101.54300867975566       -151.79654697581651       -248.67526617653800     
   106.40035540764721       -152.75473093457464       -258.82859779642303     
   109.51246886079912       -151.04649405096299       -267.44762960553930     
   107.53928612231014       -147.16538699375229       -273.97010760728972     
   100.37136465407779       -142.61083201246109       -277.86944901669972     
   95.287329602985494       -138.06521129622729       -283.82537299329283     
   91.304396605365810       -135.04910630440222       -290.89390861226673     
   89.539507455881321       -132.76895587363484       -297.97059140444367     
   88.721204290152912       -126.43168910746633       -305.31932399079415     
   87.290555156247677       -121.17325360146171       -310.36389172574434     
   90.125751055226104       -115.04997993349178       -317.05472527132849     
   92.909994198496051       -112.36081943874882       -326.14711213217009     
   103.33063055575421       -109.75560505113941       -325.16117445220567     
   109.90233307153203       -102.28057098846287       -328.44750383284361     
   110.96426200332729       -92.710108354481946       -332.38064955199530     
   113.24969506264658       -85.893850734605905       -340.51950673886813     
   110.25563712794745       -76.982179678476399       -342.18351095712518     
   108.85463216557744       -68.067163557433275       -344.92998529076903     
   107.92767448875678       -59.327880123601460       -344.18575683754091     
   109.12122516818823       -51.083970556040811       -347.14080219642722     
   113.89058020233006       -43.028626031770614       -352.72896097925133     
   123.25766378164050       -37.485755830024686       -352.44244095502467     
   132.50020227991115       -32.962012030288918       -348.06258104101579     
   142.57564608960959       -30.437207665141500       -346.18552726778728     
   153.16565944174596       -26.914349859173910       -346.40655782728743     
   162.61198637266585       -24.196536196467150       -342.88913662342514     
   164.64813463464773       -26.007505418792789       -335.13186693961040     
   167.24714943502778       -29.484450783560249       -324.32762762469741     
   171.36326794931279       -33.507307026843591       -316.32224040559583     
   173.78905416348869       -42.455477632548764       -314.18710250228088     
   174.81968054892872       -51.209668316610646       -313.72607275560125     
   182.81858222757739       -55.876569092102443       -317.25898062221046     
   193.27579958555214       -57.822999715333935       -318.85476250882232     
   201.94517306511099       -62.176893962782685       -321.32452587783098     
   211.80309881794665       -66.433121319223233       -324.51849314742185     
   220.75379463055711       -71.375641568566891       -322.38681915082446     
   228.43544526587306       -72.185788105266226       -317.07110453979141     
   237.73537055686458       -69.541747069060477       -317.44911272375970     
   245.59450922745026       -69.812312521413162       -321.84594203936564     
   249.23803054658288       -64.949295458316044       -326.08016883077329     
   251.43161222174314       -57.981445641507094       -329.06420175862252     
   252.40867329256344       -49.358331714504118       -320.54298791949049     
   255.43335699910023       -48.684116854761726       -313.41057927955427     
   259.73078891839339       -42.977374376212822       -304.69581425739761     
   261.32523256723323       -36.383395898468962       -296.86161294027045     
   256.07111843275703       -29.804747857575819       -288.64396387526563     
   249.94541149765061       -26.444166771464268       -282.43128699686321     
   244.24251849501906       -21.360766151678774       -278.17859681087117     
   235.78643077170872       -18.114885185750325       -274.99654014256441     
   226.64092405475765       -15.763787572594993       -267.39589746023000     
   220.25342902767829       -10.520652827352876       -258.48794706901185     
   212.94238161096118       -5.9857056103163018       -257.77301883514690     
   202.46995823708153       -4.2087722533947840       -253.44825170506360     
   195.32731260193273       -3.3482481386241147       -248.51805774249073     
   189.17827315794548       -4.3069861673185983       -241.14339724979556     
   185.98795079079409       -3.6801430605694918       -233.19518772217177     
   182.34012809758141       -3.1382131606199550       -225.91990757374373     
   183.86144606014199       -1.5364704507613283       -216.18845314868398     
   183.84569763314553       -2.1345577533018059       -206.10927783265177     
   182.92752085551135       -2.3395078485945078       -196.94742146751693     
   179.84144950663313       -1.4098392961410013       -189.61180051470748     
   173.82528435327731       -4.3109064549416871       -182.68138466768573     
   171.97667316173622       -9.7622962969448963       -175.46678301281037     
   168.88410643308072       -16.697503196894502       -168.02639554377134     
   168.67151260809439       -22.366770230513055       -163.80867377582013     
   174.13845961816060       -31.544175886979531       -164.59273239241338     
   177.94419008090716       -38.968932189177963       -166.49125287554037     
   184.82715917845240       -45.478194307417027       -170.96451812932497     
   190.25940263731991       -51.318628897236010       -173.73663033667617     
   197.36770297667485       -52.125767923281614       -177.30759049355862     
   206.28382482831631       -50.214026211044654       -177.44879024229277     
   213.43040151913632       -43.505631097671085       -178.39960777771353     
   217.35476217355816       -32.356964124079582       -178.07211342945928     
   220.94481433215148       -26.640421805714539       -180.74612059373649     
   226.61956366184472       -24.257666522679017       -183.17275294323059     
   234.22663466386518       -24.435494418945154       -187.79770010051573     
   240.75571598844826       -22.744837011256266       -195.20696882158953     
   247.07913154935383       -20.916843837317799       -198.42256920252612     
   250.89012887467530       -16.700691642954382       -205.06749397308300     
   257.58701073818202       -11.426517285039210       -211.67626581909462     
   261.25456663539745       -7.3335799056252426       -218.54116790158025     
   266.13430284415540      -0.80681962935972251       -226.41995645814487     
   261.88277760004053        6.7102772641671891       -229.82800658186801     
   253.81833968545914        13.285505201533908       -229.89541054856377     
   254.18512669930936        18.783416259822275       -227.29373683311658     
   256.39712266648877        27.921296081758044       -229.60663942167625     
   265.17261568046456        34.701182220114163       -228.88186622420952     
   273.71395199795506        37.292404217358410       -227.47993817954128     
   277.71046273413515        28.978323346758032       -227.56176373367381     
   282.94503819036652        20.265991283174401       -231.49359077058034     
   293.84807331288209        21.265631080218668       -230.07228041621042     
   302.77193642194072        20.500525006461203       -224.11146183086902     
   309.20953673792155        19.835729009770716       -217.97859067069004     
   317.85356975693787        18.656177240106899       -214.94454750972324     
   328.51567094455316        19.518476138748497       -213.45157717295814     
   336.22570217448265        23.651342831093132       -212.47568790346472     
   344.72488388594735        23.472912973582879       -214.49397302780326     
   351.00577862266061        23.937983783971617       -220.62389739761363     
   357.69372930820771        24.622501884059034       -229.78759440411591     
   363.10776516048281        31.329610568924977       -236.80839027036268     
   362.18144873801441        39.646815940481417       -243.77581479620213     
   357.21504851149268        47.204845932568219       -252.31010182915412     
   351.59975050777155        50.578695532452855       -260.03560818741539     
   346.86081906966490        54.000785362601164       -265.96612260557413     
   340.72324014282037        56.821956404409093       -272.67705901683149     
   336.56763989920057        58.738041610549317       -279.95074810623464     
   339.35692674756672        62.340202104339539       -287.81622776125062     
   344.87195643077365        69.509242519609415       -293.77862778773749     
   352.31423706908794        74.761172070308589       -297.87858201225356     
   359.14172843522903        76.157612436168620       -305.91490449593641     
   369.28548462438084        73.905163751404018       -311.67698392024693     
   374.12493666145940        75.656946608973726       -318.13438937306370     
   380.90854469149178        78.165236826186401       -324.38594802499051     
