   7.9837628913846430        4.4433304309945356        6.6838138307119834     
   5.0498922268480442        15.593605284152289        3.3351167541180757     
   3.5763992622790397        24.255601517691559       0.92781671980060310     
   1.4172715867333352        24.972053409859313       -9.1599335832681845     
 -0.96575905886548696        19.778582535899176       -18.450100529002214     
  -3.3210858877720142        13.584315751755582       -24.293220878305192     
  -3.7479679937772516        4.3995873943434276       -25.076117101132922     
  -2.1453637404703443       -2.5258011536446361       -29.900528538573894     
   2.4003238194443099       -1.6119750169720533       -37.553248135931483     
   9.0781047219371089       -5.3639903635295525       -45.848115843124447     
   8.8041403636155025       -13.201603507548555       -49.795166336845682     
   13.620721680906883       -20.288752043857386       -54.006009337265652     
   18.472317988304383       -29.306622138897978       -55.099420072511293     
   27.707463667307877       -34.502660191309957       -56.745432476146050     
   34.826293623880900       -40.050199625766851       -56.660195686986810     
   40.850457894226082       -44.625963002650991       -54.065047410711259     
   49.776566847392786       -43.527312975545897       -54.006608041401364     
   58.741801676801231       -40.922075066104640       -51.869531979933925     
   68.105875964241363       -40.755456849543236       -50.334372591387648     
   77.678412563083441       -34.625465998483747       -46.290271469572588     
   82.668585857592973       -31.156582372401203       -38.339145482454057     
   88.652900397356333       -28.610474013055693       -33.070291132029126     
   96.178145130765515       -23.398082318332229       -36.886406609248525     
   100.80767290235508       -18.664362822115294       -36.486284317461696     
   110.43860311598813       -15.177684282235333       -42.431779673138124     
   119.31606505704093       -14.853065924784687       -48.842704589126299     
   130.45298305408178       -13.775991077784596       -49.323781874586587     
   140.96910510249319       -16.594947376579995       -49.192887982874481     
   147.65151199620612       -12.160523573374178       -47.101550632835995     
   152.02439254257800       -10.632388495506490       -42.215796214207614     
   160.43586293369009       -9.8921731880402604       -37.188364198554780     
   161.51682248407189       -8.3549259666289188       -26.826193660797209     
   155.44636218887638       -7.7934296714154305       -19.465994036363590     
   150.48047347913447       -4.9241376028194059       -12.857131626330421     
   142.43517375664089        1.0156893454814560       -9.3052875814155769     
   135.53013839391500        6.4080436131156029       -9.0123950539106445     
   129.57191327154453        11.799377125658474       -12.291810899731026     
   127.81065021917890        11.221224807015680       -21.007931900497773     
   130.83924344797754        12.588277191816978       -29.207274231645989     
   129.25516842537559        14.446544638597025       -37.148214229994984     
   124.48845837455610        17.252059040064545       -44.040679991898436     
   119.48839626675836        19.779500215146179       -51.785973813825969     
   113.16761223307955        22.445144078750523       -60.905184525680433     
   108.92836391266464        26.177034090797996       -67.163093589973400     
   107.07940282824381        31.931344423240056       -72.766294434932306     
   109.76433397142299        35.707110645883169       -81.791099048681005     
   112.11924714821177        41.427486357627167       -89.090739442995741     
   113.43309677621006        46.919379968382138       -95.493830489942340     
   116.10790195281342        51.158804613107542       -106.16299311927217     
   110.64357342071713        55.904807950726045       -113.80351473063904     
   107.50986957637470        58.840687777078465       -119.16166288018444     
   100.21255033411163        64.232892385241669       -125.97226098703730     
   92.441460923660372        63.538222414416886       -131.12733817197145     
   90.379098994201925        65.028412359119045       -141.95323348076286     
   88.817852153243237        70.755751803803207       -147.12776598134471     
   80.097888544045801        76.212187064978437       -151.68713535563674     
   71.464851206111916        78.694316190122137       -150.05274268112638     
   64.292011284012048        86.191471375537773       -153.50526360224208     
   61.924515146387435        95.604232112188384       -154.70309138486815     
   62.011262470802038        105.63571437207037       -161.97525056269367     
   60.353680402565132        112.63685411371100       -164.95135068550840     
   61.373142043447359        121.70236820521728       -167.91328876607579     
   64.453918085321405        132.79760155290128       -170.38523015632634     
   70.546936813227418        141.41877608934618       -173.35310099410000     
   75.653681132894988        148.19571958810923       -177.78862951883215     
   85.609977347530503        153.59543580075044       -179.57159435563975     
   90.613007663014059        156.97637256819002       -185.76024099237506     
   92.297862589124350        160.14313898744774       -194.32644728490558     
   95.855032807039265        163.37897176870567       -205.45640657476625     
   99.215064868057325        164.05975757153800       -215.18536491522721     
   99.719024501898375        168.55207758614401       -224.13142173217884     
   102.08977934581132        173.33852326907791       -235.91584552022371     
   102.98596163702717        177.58650093083003       -246.28065217306136     
   102.20887428844732        180.63624149046623       -256.89478844120299     
   94.364238543456608        185.40816162392838       -260.32756987098946     
   86.627299590175639        187.56854406464419       -260.38145734263065     
   80.506355892405395        196.38237769665059       -262.29380604266481     
   77.831677788552568        202.99461771861240       -266.64546568693333     
   73.388060137147150        208.91405455077978       -264.54746980624930     
   74.634280122926967        213.97260201637940       -255.64582768383227     
   77.638825800156923        219.65077019753053       -247.26117366333420     
   83.861638552278933        221.97452881583277       -237.98428423899634     
   86.155961663693688        225.28014945146043       -228.96298005693993     
   94.563562897125266        230.10762318313795       -223.16116312878304     
   101.39341383209555        232.04605419576180       -219.65593459274507     
   109.95963452101780        235.29202595355912       -214.54696584985888     
   116.54500853245999        235.34105167884923       -213.38076442634974     
   129.50129211892826        236.01215454637537       -216.72280756033737     
   139.46257662482230        238.28288122705843       -222.17681017158515     
   144.66731781058158        234.73649417692579       -227.85775663763283     
   144.19231031421717        228.74398982215681       -233.37235716769169     
   140.42106809292608        224.95271485340453       -240.98949598575646     
   140.84622474561473        221.92814218571175       -247.61439661780605     
   138.71617909687907        218.92449465522796       -251.88427086458259     
   138.29657670675874        215.62843858229064       -258.87823590541171     
   135.81396639933880        216.38169207867014       -269.30692618795013     
   131.80592134711483        221.37247563643365       -275.93820653700914     
   126.42846358291972        224.39371574893434       -283.20495376958013     
   117.54531326005977        226.08131195487948       -286.49577044672128     
   113.24607113831475        216.99641720850420       -292.78739920698956     
   107.64346517581174        208.49718632156316       -294.48704049010098     
   104.38763968888259        200.93921226794046       -298.76691285418678     
   99.281795013254836        196.84506513751401       -304.26979082933354     
   95.203794454622383        196.78701260920940       -313.31471825648379     
   88.638114460925394        195.87051840757201       -321.17762427616964     
   83.681547354890441        192.51996772040039       -328.24533554507354     
   75.925073640975071        188.56350314098952       -332.08709097166798     
   65.537105323860729        189.24618501365359       -337.72743446337438     
   61.242180036264067        181.72527877721564       -344.19079968621361     
   59.678686126279416        174.81957796739167       -352.50335919601633     
   58.635760298783168        169.00364101589903       -358.71612537639351     
   57.056109136102144        159.62803481784846       -362.70377480949230     
   58.169014092864252        149.93562770119178       -365.86692646113676     
   57.464670897214930        142.98429967032791       -370.90405802567795     
   61.754399698011703        132.10292869366899       -376.35961271124927     
   65.369370251168519        123.81942896932838       -377.55192916446913     
   70.187799089808394        116.32554173321761       -373.69640046357017     
   76.716158025751312        110.06469079636915       -369.93792209736841     
   76.987278602184560        105.47587091373994       -361.71413387772287     
   79.271428996169121        99.906052058632540       -355.68972507387321     
   83.964390578018936        93.566454328377475       -350.35668025445420     
   90.548506104621950        89.800721037617137       -343.73099364158327     
   99.351838584316525        85.358493898608984       -347.16094081942936     
   102.75450341114684        80.051462741115515       -353.84556526204085     
   103.59059946457657        70.001223241116335       -356.78450242150291     
   108.81133878098098        62.851328630251665       -356.34847582881929     
   111.91955110395206        54.091291897636530       -357.86043917964935     
   115.74113829072022        49.078493318858214       -362.69479634703964     
   111.89107901914984        37.088167862202390       -366.65345194796976     
   103.56776075681640        36.140181147808271       -367.50242031552341     
   95.017834026940690        35.829166717231907       -370.85221110300887     
   84.761443685705331        35.408792591757354       -375.75359426421124     
   76.583441204015784        35.037142781789576       -384.11560831775176     
   71.137456771793680        33.249280838080601       -392.57735878959170     
   65.388843541131209        37.169275661709939       -398.30496184945417     
   63.217825145674297        46.320521936751554       -399.17700482275853     
   57.528949553789694        56.392784336250692       -400.07445314275060     
   51.914475865510845        65.856995808753027       -405.17027570190413     
   52.594876392965894        74.528774591720762       -408.91149012959448     
   53.766024470918467        83.304363390374050       -414.39884551244450     
   53.223023635709019        89.021830593266458       -419.43488430675734     
   54.436492418821864        95.564000519176346       -424.48098567087493     
   57.263990829890147        102.33804115577405       -429.89395641311125     
   55.735076955129188        110.69021302145590       -432.04195083269263     
   52.824375434000792        118.11980777043689       -435.59739457155280     
   49.561136296946216        125.69784624580637       -441.00924310950234     
   51.213764384106604        132.18997857659105       -444.75035266424152     
   50.007172799301436        139.25753560079224       -448.17670625422431     
   55.802047671848634        147.73888747874707       -447.75135653044373     
   63.468864161618775        155.86534286912621       -447.75427180385736     
   70.672271748144823        164.40329606143737       -449.42255738688868     
   76.016345954137620        168.89987113387932       -450.96624057044517     
   80.486055834952211        178.33324464174865       -447.90182304587785     
   82.585151028898920        185.04365278379620       -439.12542754387817     
   86.081441817613509        188.09203927147192       -431.40189372061741     
   91.541769632251572        190.19533521794574       -422.80896224947060     
   96.095987626488508        194.59711067026677       -415.87617734608176     
   97.163101459789445        204.23334268476674       -414.55227331636183     
   103.89629810771677        211.15530961380964       -416.77106561463472     
   113.52002902954479        216.87879730065234       -418.91255221860359     
   118.78585941434162        223.16871825158324       -421.07838172021115     
   122.94872407648866        230.14246716881786       -421.84452082414884     
   124.75302790366179        238.65693310524495       -422.22463203539388     
   132.37361980371941        244.56176509375450       -422.04633616865874     
   136.87654586265432        250.17280421039203       -422.42442589933700     
   140.36123803019984        253.36798445483410       -429.05180974991561     
   138.17089851572197        260.96147912995292       -434.93682600708161     
   136.40906967677503        266.99358040275393       -441.17186558281304     
   128.15680586254476        270.46713166497818       -445.45047357883095     
   119.43104981984219        274.77967585814883       -450.43312069870689     
   115.36168719425571        280.24848411428968       -455.90016249796111     
   109.38001132348215        283.15214504972187       -459.03013535424583     
   100.44721234301331        287.26611886897086       -461.12265250476042     
   92.366999344447521        292.68259937018394       -465.98053046457363     
   93.697624711394610        289.28529051272557       -475.45241464866069     
   91.821239409917538        282.48679911214208       -482.89422328069372     
   92.773507838970488        275.42377428731248       -490.00587367130680     
   92.188654998758267        266.85064216395392       -493.59678412530553     
   84.940277422338340        259.69517922016803       -498.31457988377633     
   82.674547277538565        251.58753448800013       -501.62521914957330     
   85.936852557137470        242.34383578552723       -506.41128002399853     
   86.029488009315912        235.68159898236561       -514.06243538651506     
   90.714153768258498        229.50102849581617       -519.54572785172741     
   89.848435624141970        223.20207689546714       -526.73118768745496     
   87.163139483388733        220.09237383019530       -534.11188831198615     
   87.002482987224724        211.74580547988603       -543.38864478826019     
   95.843318024801789        205.50100937955474       -548.34151204716954     
   102.90145526993678        208.52171022337200       -554.51271004774947     
   106.99086313299004        216.34734762128420       -555.80731894098210     
   109.01103223273360        221.55670647747661       -561.27681058505596     
   104.71353053798730        225.69641878215009       -568.31735428423417     
   96.519570296271738        225.50455609277549       -573.24730354795747     
   88.116750859674227        226.18484406998746       -576.05137166684369     
   81.477114837375765        228.88900045873601       -579.66637002005098     
   77.397530265500748        227.39880862014877       -587.26523598721610     
   75.537511194084786        229.52408581643283       -596.53795432719687     
   69.870227416982530        231.67821394634876       -604.78111826444047     
   59.964571224418563        234.46922119472012       -609.18548712824156     
   57.626792052493613        235.38755245486414       -618.15439515184482     
   57.765254602277118        234.32680987918664       -629.92222910854287     
