  0.92438834785997415        9.3198369433794426        6.0318550159983459     
  -11.002815630057967        11.470750067154768        6.6258507708056271     
  -18.162370116988996        11.516627370169573        4.6312727711436992     
  -25.432945024866456        8.1089926327454691        1.6268557676826845     
  -28.837076527821068       -4.2743445696686422E-002  0.66469000909373221     
  -35.996354129916199       -4.4377688154343957        1.0523547425078448     
  -40.115057410373822       -10.366131695909317        5.4701014241404948     
  -44.696667309464488       -17.810538620081104        5.9646779341755547     
  -48.114864975629018       -21.492222736452234       -1.9918494354371319     
  -50.038731254674474       -31.142710550563308       -4.8718843995419832     
  -52.361617045448611       -37.595790972862602       0.64913532629256565     
  -50.329056359987987       -47.214070011196327        2.6916257698970298     
  -48.415536845212955       -54.785261980940945        8.0124399957002055     
  -44.312955540395535       -61.504735727679702        10.772207110902997     
  -37.103701617298213       -67.261989702765405        14.490524726232366     
  -31.860854108567139       -69.968862970414961        19.186289122849260     
  -22.334542640097368       -70.731850628264766        17.585748286059427     
  -13.586360077267614       -69.969872402780823        14.749201802104380     
  -5.8452974460970495       -71.268470827193624        8.8219199389169347     
  0.39897926364466230       -68.575493193469313       0.44880266155470849     
   8.2789933352064509       -65.631449973075888       -1.6584436920611552     
   15.188557306179803       -67.072794082880833       -5.8443558415565917     
   13.370189560009635       -64.638654431198461       -14.987634885606838     
   12.852790230747303       -61.590928442594290       -21.122164278533603     
   16.686681963604826       -62.180899655909386       -32.183940461426488     
   23.680768773956572       -67.178270047289743       -38.383830949632824     
   29.967989579371704       -74.498589485499465       -43.033324500017812     
   36.793284487799440       -81.504857879712517       -41.061041046642060     
   41.418860195265836       -88.178306764126546       -44.461857867545234     
   43.337205557661036       -93.661560425409434       -48.199745781690439     
   47.705282500385294       -102.44908275351433       -50.609629632561933     
   51.198516125486947       -106.49489854053414       -57.542753971688654     
   55.714788746283375       -107.09020025306269       -65.455925982541544     
   56.266109313352274       -107.55596017839815       -72.735447925651840     
   58.162239516065767       -112.34553453752449       -81.576804956233730     
   58.774934612223831       -118.41843878770072       -88.038362484298091     
   57.972032727006933       -121.46516346254620       -96.099276007868696     
   55.277805855447696       -118.54665573779714       -104.90825774563942     
   47.716234084405301       -116.64177284872906       -111.72352344743942     
   46.648673197909432       -117.53541933784652       -119.34942226091241     
   46.977445323907261       -118.52327689649479       -128.54351352138445     
   47.767795911967539       -122.29153244044352       -138.45574085619620     
   47.243785965083987       -126.96948521557917       -147.95472937112157     
   39.878030464596407       -127.14366634141564       -154.80001371051520     
   34.934116767502417       -122.34818654685208       -159.96299761944391     
   29.258083740937138       -120.99665344593079       -168.01936337615882     
   22.475392662618503       -120.42305704086648       -173.86383204778139     
   16.781865056728918       -115.63960321292842       -179.24116271204736     
   7.7216616085988790       -112.37082616234045       -183.83233416634641     
  -1.6217739056627920       -115.20681680762291       -187.75895794916954     
  -7.3767139737877869       -118.05582503460974       -191.12559105105862     
  -15.608423365034866       -119.38224503531080       -195.91326546455423     
  -20.811773220767350       -119.97722316993759       -202.71623020194289     
  -31.132961560211356       -119.82542358684654       -208.60409484237010     
  -36.610335349239335       -125.33999222438423       -216.54227465959269     
  -40.035226797892278       -132.57058205212610       -224.84433871691033     
  -39.642361006478779       -138.79548689565132       -230.56503664116906     
  -42.906013624047034       -146.91307212498145       -238.83892278437600     
  -45.746446269378168       -158.06568480927689       -240.65339693968593     
  -50.722583025019730       -167.68069454816643       -246.29648443905393     
  -54.088221992567298       -171.74829959311143       -250.61319616003118     
  -53.760178487456358       -174.68119437648801       -260.59796516001211     
  -53.596785048813160       -172.61960784954573       -270.02738356670983     
  -53.995279878328915       -172.95662446459116       -280.99238324479069     
  -57.304151395797362       -172.41244972604744       -291.33997168895752     
  -60.618146647863114       -176.77253105417336       -299.28218637403251     
  -67.985316402765193       -179.49108812475214       -307.11979726515222     
  -75.635379593227469       -177.64732922557363       -311.75414792465585     
  -80.968418606483851       -173.96681727379493       -320.06168198993367     
  -81.450696171212883       -169.20820835035488       -330.79848962797217     
  -81.176618057075757       -165.19585132694365       -338.62543600632853     
  -86.109745446161241       -162.64264852463685       -348.48913219802569     
  -90.445546315551610       -158.10827066282545       -355.17128706198025     
  -97.608339395307780       -153.51824931659289       -362.27880188407158     
  -105.11186189972113       -146.12490537764566       -360.22038118742967     
  -108.99343762944972       -139.77948925177284       -358.25676716571553     
  -108.17731861808301       -127.95655951915150       -362.24098025511967     
  -105.10317001195898       -124.46295972029817       -371.24326325002772     
  -102.31687754603655       -115.85634087272325       -374.21090304326464     
  -98.247174545913367       -107.75961299554837       -372.34271511986947     
  -92.441355230857653       -98.174709259797666       -369.91249039834213     
  -85.521920789839271       -91.454961537944214       -364.65277795911248     
  -81.906863108380946       -82.634821419185769       -362.21708951664743     
  -76.266617336815330       -73.241747329674126       -364.79531376953958     
  -68.458174129560234       -69.458074549363602       -366.74793279251367     
  -59.706702388102656       -66.339969163147686       -371.75873972990593     
  -54.600819854830092       -66.973253316082690       -375.35510348668413     
  -56.619216593960971       -67.766733929295427       -388.50696503448637     
  -64.937524529334098       -65.868586105149603       -398.09493047661852     
  -71.582525489618149       -67.622592342248396       -403.27479224686294     
  -78.612017280135433       -72.927484440068838       -405.61243560798982     
  -88.682759581538619       -74.813162384898860       -406.56048578401260     
  -96.271334427759427       -77.483191156360334       -409.14693309793927     
  -101.70496337166765       -82.960629447921377       -410.67541259841880     
  -109.67111599653106       -85.089831915584384       -414.51001917297788     
  -120.81982152025125       -85.663042641337711       -416.74973271802969     
  -128.83234620693509       -81.948585213482801       -416.25257495022413     
  -137.75618662627357       -81.865849002965632       -416.98209150285663     
  -146.68415402184047       -81.738975688261192       -419.82391479798662     
  -150.71598025612639       -91.933790536294268       -423.42573219454766     
  -154.86744580356273       -99.397605843150970       -424.16263936955784     
  -159.13496949000819       -105.41096972558726       -425.11671092153551     
  -163.01229337344918       -113.13771819357473       -425.74995803519425     
  -161.54836674131408       -122.17332779365077       -431.54509121994482     
  -161.92613959584415       -132.09041847419169       -434.65887304586812     
  -164.75126512528567       -140.70482469435464       -439.42304238379387     
  -168.57541008498549       -149.89803390679745       -442.12412465175674     
  -171.01040865045607       -161.78474419260519       -443.84826653670626     
  -174.42429445286140       -171.94314592900818       -442.22617745740507     
  -178.34123609104597       -183.17288705564548       -437.81485963597805     
  -178.47006554902094       -192.47488065155144       -436.53123951991068     
  -179.55541492809070       -200.47752243096221       -433.22447573862081     
  -178.29953401561045       -209.66030333311272       -429.63711773338758     
  -177.32316480047751       -217.91357294579555       -428.44400380938845     
  -180.15747986081436       -230.58064030661532       -431.88050125604781     
  -184.85816042602707       -237.33988327570515       -439.14553598784659     
  -187.89686109897971       -237.21506876645594       -448.67865252319990     
  -194.56548601197639       -232.91553881561262       -454.54805286016034     
  -196.57683327059362       -226.61050790394120       -459.92506466610354     
  -193.43930645607855       -221.44981632571353       -466.15095465650472     
  -191.76184848456023       -213.44756771430761       -463.72712987503661     
  -191.87822352322343       -204.37055863455737       -461.72807024089332     
  -190.14673824192505       -197.49078963949376       -469.56898125419224     
  -191.29951482980016       -193.18907410086652       -478.97293866096834     
  -197.50410528466665       -186.56965073227343       -480.73603612648117     
  -205.70658132054274       -183.14079116665476       -481.56240096678459     
  -215.37733620743859       -177.96444776636872       -481.51770429685018     
  -222.27926666782560       -173.43034115936615       -481.16181709074385     
  -231.65473804222628       -164.69256013167660       -484.87384178979346     
  -235.58486255738231       -163.01367077421531       -493.68633325049524     
  -239.43710569162803       -162.10310556639939       -502.27612196355062     
  -245.81197470590138       -156.27741024536056       -510.30051618139862     
  -251.91713327898930       -150.85752173283760       -516.44691068018619     
  -260.66800540014094       -149.65629830474552       -521.54800916899103     
  -267.22733255165360       -148.67042348746867       -527.93010805803749     
  -274.51361819198792       -153.67324383359522       -531.91772951945757     
  -280.36502284130768       -158.24129531750395       -538.10602724917476     
  -290.57893034203460       -161.44744058753483       -542.43744424063902     
  -298.52615433889571       -161.64345096418145       -538.48955540422219     
  -304.68914913097171       -161.05003570593072       -531.42667090337306     
  -313.13630815022469       -162.44312122267320       -526.06599509665114     
  -320.39569887049242       -165.70052057669830       -519.08791864209900     
  -321.53646328071665       -168.86628362022810       -511.95174106334906     
  -328.34485012600589       -172.21846734824055       -506.96716971306466     
  -331.68970043888061       -181.56461189197893       -504.08204011401142     
  -336.30057998146174       -189.29280162404999       -501.08244732400584     
  -333.11234402771333       -195.29102975626506       -497.33641982544094     
  -330.68527239549724       -202.51491859962886       -495.67225533729066     
  -329.02796246841422       -212.07537440136454       -492.56482174611631     
  -323.99778768645308       -219.12178932805722       -487.70974453254519     
  -321.43313396583574       -229.28631301377470       -483.14767366187942     
  -319.59378122738326       -237.71663543236394       -477.23412075911585     
  -317.22209089334069       -246.03097073850321       -474.76779362889033     
  -310.47947867622952       -253.59756077539393       -474.02832875088984     
  -304.61582916781333       -260.63097609485357       -473.67209540936051     
  -301.76215718270549       -268.40265596419795       -473.23786848523315     
  -295.64566871275105       -274.38351693929764       -472.82921679215320     
  -286.59323002309401       -278.90558118407557       -473.97378725877644     
  -274.30632977749769       -278.14405413734926       -471.09498801913179     
  -264.39934397762579       -278.10330452294033       -475.38522561021034     
  -256.43369090225826       -281.23314522692829       -477.04847894639732     
  -249.62112961328933       -282.73209976533201       -480.67530104066896     
  -243.13848980587153       -285.14971967554044       -487.31802496161038     
  -237.40489211084486       -291.39972037086363       -494.69980247799629     
  -234.24786681726621       -296.29987237598931       -501.61101014040599     
  -226.79003486250616       -298.53529901890420       -504.12140676288823     
  -218.82347297920757       -302.96760123104076       -503.18531694612778     
  -209.53759082766732       -301.50514655690881       -503.93491137247514     
  -198.01745770971974       -302.94367396291955       -505.89729190483513     
  -188.43794281347397       -297.82903960814610       -507.46838021585546     
  -182.21280760634761       -300.78217150776049       -514.19013356425569     
  -182.39601523940834       -303.07311521487316       -523.01859720784364     
  -184.08854133649373       -307.86035353463251       -531.78018206723334     
  -180.50263103404237       -312.22969784253905       -539.32688439421509     
  -170.12786652860188       -313.24392498608034       -538.46608683875627     
  -163.09975494194413       -318.77438560992579       -535.86800330861445     
  -154.63217310264639       -322.09383914928253       -531.73722591327919     
  -146.73948642588164       -327.26877192702409       -527.75456855219704     
  -137.73407464733904       -328.23206711705893       -529.12742544294883     
  -129.23307977541481       -329.79582049322187       -533.62909411511521     
  -118.62053390975103       -333.66685191163481       -538.39577692762941     
  -114.46885826268866       -332.51350045095091       -547.26039507789017     
  -113.18580854536478       -327.45708014660886       -554.91049203091222     
  -111.16780037063749       -321.78205521368136       -562.47145681347320     
  -108.46374430733495       -316.39632857979262       -567.23248787018224     
  -99.711864966843009       -307.39801101258081       -568.48565337962077     
  -92.390992779614862       -298.27793052152361       -567.27053684907980     
  -94.624389880103777       -288.60252949779414       -568.24051489513840     
  -97.709031929711685       -282.22371751685233       -562.26511284177343     
  -101.62012424855713       -275.41581253504171       -556.56739895320516     
  -99.325807856364733       -268.54550925395120       -552.31371891972992     
  -93.867521899855589       -266.26491338709445       -544.45846591638303     
  -88.366666384630506       -264.11198908645940       -537.83531166448404     
  -81.757521371398795       -266.93636052634923       -535.19833718318455     
  -73.922874567104955       -262.11475023228644       -535.51349180292482     
  -65.259279825124423       -260.72021338374265       -540.08130232520386     
  -54.128251387204983       -261.75900036152387       -541.68486393983176     
  -43.293711236776730       -262.31699586114189       -543.53935148223695     
  -35.189466290961875       -261.31459078442595       -548.06342442680341     
  -27.137397714538636       -259.43353320433818       -556.23484156415600     
