   8.8365333828186863        3.5133914165552369        6.4414665922961376     
   13.304140478482879        7.7966488705938843       -1.2787005372417752     
   19.512400352173614        8.0390641225622801       -9.0034218770572352     
   24.836027791914518        2.9036856769581192       -13.064118111219614     
   23.676828731113403       -5.7789387468931466       -14.793112710252842     
   28.339036215670234       -11.022266143189889       -22.231822933265050     
   34.604886183485462       -18.710143415789481       -27.443988703291609     
   41.816928191902775       -25.583790111715857       -28.977474020022555     
   50.237560856715902       -32.885760516075564       -27.362546524124809     
   56.426494507342511       -38.473996648342833       -31.258611881108436     
   58.481592575347122       -45.385642214566005       -36.586791015221195     
   64.782091206922161       -52.504855196532390       -35.103114910719967     
   67.494005521041686       -60.061392447972921       -31.940040424751317     
   68.480320005544456       -68.919489895885292       -33.031526082795779     
   63.859480392168592       -77.242440427138177       -34.150431657579077     
   55.731693509394859       -82.168228587334838       -38.483938058361957     
   48.658525777230551       -87.306224483906675       -32.793427637705179     
   41.362826856522844       -88.733488381663022       -26.219829005572933     
   36.162545526694601       -90.699474251861346       -19.922092285324538     
   30.869428673437824       -93.384386885760961       -11.948443894823356     
   26.020745590247316       -89.393851900315894       -4.2865950568206586     
   21.743130369318351       -86.261153686357517        1.3811198231064168     
   19.899216755214042       -90.914370919221440        8.1233497732759474     
   17.214852561038470       -95.689451201771575        13.545981305902671     
   10.910934089681632       -100.67167190810942        22.081071985682343     
  0.71444162856391813       -102.44185288291223        22.434515619624221     
  -9.4549776910193088       -103.77924907034361        22.825784011094754     
  -19.370376619969420       -103.80759755228628        20.735297101493700     
  -27.242344616011337       -109.44217427116214        22.956716131904159     
  -32.805217863578662       -116.76872158714514        25.712472338649718     
  -38.559691621003594       -124.09675167934955        26.918118843744480     
  -45.838869568516657       -129.61867100380101        28.480578463425786     
  -52.628940547275562       -131.31544129219139        32.496822172466523     
  -59.527627636420789       -136.12812754714946        36.085728598752041     
  -67.340742826745696       -139.92824655781192        34.881283085328789     
  -72.615380875274084       -146.38174728647090        33.717207734791543     
  -80.927816164628695       -149.40746557681848        33.245598472327345     
  -88.883203567224768       -152.24028635081189        36.670662871976788     
  -92.768481270617414       -159.31898699677731        40.516534300407670     
  -100.09008519033256       -164.98745813542712        39.767498933778711     
  -109.07932015938135       -168.43359474084718        38.160647877204724     
  -116.74746182493121       -168.54522619519975        32.680250941101178     
  -124.87831597743747       -171.56256752238761        27.616447495144769     
  -130.73993203205157       -180.15583036090021        27.608201154196763     
  -135.47358233763376       -185.18624074930369        32.480182708870927     
  -142.95399970623188       -189.90714229671352        36.840758376310362     
  -150.14396775507447       -194.86730277424130        38.996229923902717     
  -154.86042711331055       -199.18954446198740        42.382763854865743     
  -163.03315824844512       -204.89076964703247        43.874903628338188     
  -171.94943809485733       -208.20442764935549        43.876209876511382     
  -182.91453388899455       -209.80941189404919        44.934604296397424     
  -192.21041315863042       -214.60240112719617        47.583268244078397     
  -200.51030073629508       -216.01586945477464        48.163982924998720     
  -209.06859844993750       -222.34923696606475        51.577950170099484     
  -217.36142428057306       -228.71129122452666        47.283722160701984     
  -222.70281917823220       -233.62003052524165        37.968699953962982     
  -227.82910658075417       -236.59334253187484        29.675353208768684     
  -233.60665071474739       -239.79223875108787        24.043705340297720     
  -239.29781575747566       -240.94579241282810        14.764996482029744     
  -249.60043241345571       -245.49275506621689        9.6217889075156791     
  -256.83651692800089       -247.43437863189698        8.1459317541954306     
  -266.64627530892005       -246.24873833419707        3.7658846969446813     
  -276.10756558853734       -242.44813536185649       0.90658052823454227     
  -284.41211326089262       -242.07666848351653       -2.9075569155264134     
  -292.50633965595256       -242.61711856012246       -9.0752119159099607     
  -300.25270393980446       -245.81723247144475       -15.796762265828932     
  -309.32854171585166       -245.18732554917753       -18.027161367358929     
  -315.93216318292320       -238.08786813307236       -18.101293107495849     
  -320.65510536681086       -228.94097484043036       -20.344227749997117     
  -324.09110084499127       -218.71778144095580       -24.081995417648159     
  -326.54371118512842       -210.74123636454462       -26.114204700593916     
  -330.10909627282115       -200.09380964119447       -23.399027023920041     
  -330.40415211707580       -194.96429379089130       -17.178394285309992     
  -327.37386379344139       -190.06092667131628       -6.9889951752335264     
  -319.97928270205017       -190.14571041660454      -0.74089113092213665     
  -312.08459995973163       -190.30952818766127       0.61236958492463600     
  -302.34736931731629       -183.10865574570386        1.1492042404198060     
  -298.63670489132971       -174.03127159837260        3.6888649930218094     
  -289.52937000289796       -173.02174759663757        2.5691817436346582     
  -280.07468450211212       -173.20046181898013        1.2894187004483229     
  -269.05916571484266       -171.77187740445623        4.1357149179372072     
  -256.75577252923614       -169.09462135903271        4.2459376350388993     
  -249.80944331487552       -166.45620747501241        8.7896312149850360     
  -241.63798172786557       -160.67986326302918        11.024276689144472     
  -238.54655795163029       -155.47585814084638        14.040700175242250     
  -234.18411433554957       -147.43073686121338        15.755939117761045     
  -229.38664796986615       -142.43413018003903        16.440423844860845     
  -229.29024192769990       -135.31849939492432        10.439148770621841     
  -231.35237679745126       -127.51480719936671        2.1963263996163391     
  -235.12917891645378       -124.32950656615438       -6.5374706436519432     
  -238.46710076749696       -121.16001603769564       -16.964741905906692     
  -246.72368004043875       -125.01053318031987       -20.020429009981740     
  -256.75049544429748       -125.85007919888594       -19.266150598621834     
  -264.06362261428364       -123.45006564261575       -23.227164421411942     
  -273.12361253045776       -121.88697806617213       -24.525627604596764     
  -282.69947922061533       -121.77598449232858       -24.577368929103670     
  -290.17955651949421       -124.02011090546594       -22.677881467407190     
  -297.67864901244246       -126.85178050191300       -22.076691780231158     
  -309.57724167192072       -128.59191346400146       -21.900331674165500     
  -311.98684088172001       -126.57997633391886       -31.473165008020885     
  -314.27309733125696       -127.84230497385326       -40.247759021927209     
  -322.13001666821884       -125.25002736639019       -44.881672004479015     
  -328.46464067961034       -121.56165940913698       -49.006186928459385     
  -337.77554579624041       -118.91413854335883       -50.345135642820935     
  -347.64642091564093       -115.50344315406184       -51.926373633255139     
  -357.76191423583543       -114.15902284399590       -48.080222223164924     
  -366.46841448055045       -115.69089401517562       -44.697650786529493     
  -376.56632428348343       -117.48754464520755       -39.492582448678377     
  -379.16757257578570       -122.92267969654958       -32.839882167835242     
  -381.39546532829536       -131.18368940980457       -23.972646579795878     
  -388.91160827475358       -137.71423387411195       -21.658977555462911     
  -392.94511491689912       -146.71656860865465       -22.695924512233887     
  -399.73051237406469       -153.78251056638254       -22.522189032938172     
  -407.47414399558170       -157.80603196426745       -22.034050231529989     
  -419.03659297694594       -159.99916952399178       -16.870031128790231     
  -429.24234415730734       -158.36927439864112       -15.613050881264599     
  -435.82351121774616       -162.18096020744318       -12.628010950489511     
  -442.50965502375789       -168.82795665866229       -13.958367419805882     
  -444.43478161412560       -177.04398420485182       -13.883842989976927     
  -443.39569688814635       -185.91834899268778       -16.841561100435570     
  -443.04806848875978       -187.64820017610424       -25.751572751177093     
  -443.43335041798503       -187.49828186999690       -33.508663155273666     
  -447.63140290920597       -185.89733831120566       -40.403880984405987     
  -450.73620781429406       -179.82113921530103       -47.732299382697931     
  -454.69349716972187       -171.66713509819763       -49.453499219313699     
  -459.88221487695995       -163.74809033684576       -48.829892000439997     
  -458.86251506410900       -153.17021827744310       -49.140556759004483     
  -455.90865652484644       -145.22052686181061       -52.237194021292794     
  -457.86676810111879       -138.63399188089272       -62.205780453979969     
  -459.95673153327380       -130.84011401157255       -67.105178094404266     
  -464.72980329747668       -121.74929787319581       -69.108079696459242     
  -470.15020942526655       -111.81812999377567       -70.652009324702590     
  -474.04527026613732       -104.26405427304172       -73.350977664980235     
  -481.77092552639766       -103.34885440118444       -75.791890300193245     
  -489.65949779272512       -97.964040603708554       -79.879238566575850     
  -498.91788150401089       -100.02553645276021       -83.425499347515199     
  -507.73449651428103       -98.299726315676963       -82.306707860482504     
  -517.68771366911369       -96.782539296766657       -81.623760735147755     
  -528.18089350670175       -94.270732079090465       -81.605692707599530     
  -536.87651067953902       -95.093072454914733       -85.615122867003777     
  -545.68163980104964       -92.479415034568802       -90.699043147313773     
  -549.80138412484814       -97.307659165592838       -96.910232404329236     
  -549.09205991317322       -102.21692755825600       -103.56608064734121     
  -549.62684668935276       -108.16836338043848       -110.82482833731984     
  -558.07069113129535       -110.23396835279880       -118.17975358849679     
  -565.15390342854926       -113.09220224411942       -122.69577544838484     
  -573.17471342315480       -112.42730495610428       -123.38191453446007     
  -578.36411612750976       -115.19007018660739       -117.80353031899637     
  -578.40409278319726       -118.46836232232317       -108.61672823158165     
  -576.88052481619047       -118.30728685452686       -98.431520946250203     
  -570.17371903510582       -120.40098661855683       -89.919594462243197     
  -571.45924602880166       -123.78970540175544       -81.462189994267305     
  -573.40222207170609       -124.10195952178807       -73.041941543438384     
  -577.05043771153839       -128.29051948911220       -65.378325005842214     
  -580.16180581837853       -128.78374302120133       -56.999427479533097     
  -576.00549866586414       -132.50632802545886       -48.151712501708403     
  -572.67276577501980       -137.04454244969222       -41.698294940201436     
  -566.63408552397209       -140.40030496093527       -34.535026050629426     
  -562.35843372555382       -141.10092065017037       -24.326854407241171     
  -556.90290702491291       -139.18212995227250       -16.308403400961254     
  -550.62373579202301       -138.09604873499103       -10.996139038725858     
  -544.62248161457842       -134.84847245912050       -7.0910281366203662     
  -536.40049450167317       -132.90207653237047       -9.0657643310237290     
  -525.67522093693970       -130.09397121958153       -7.9282075053719723     
  -520.77910935284535       -125.51490128122813      -0.67666557867210031     
  -523.75727425540754       -118.64553295229499        4.9063893238866854     
  -528.36618640461620       -111.04137521367370        7.3530046746089965     
  -530.53125474112881       -102.74403572167620        3.1930145169785078     
  -532.49519460166937       -93.402536341915010       0.60076088106291081     
  -537.48329019730681       -85.714946115507246       -6.7069841804658950     
  -533.10235138302789       -76.863255485045457       -10.488681453808169     
  -529.10520026109430       -74.125877466538498       -22.089167679318166     
  -526.61683207766237       -67.595193341400773       -30.490270934677540     
  -532.99360393487257       -64.245265985376719       -39.865874880146009     
  -541.93320762104395       -62.772981884345810       -34.268462490771242     
  -546.38891252265921       -56.962726805765385       -26.895943981864548     
  -551.00253282734923       -52.185880491861525       -19.477940836668893     
  -560.63466853997420       -48.420747810300753       -20.729701573071321     
  -570.02406447841520       -44.613863979274221       -18.890883728444457     
  -577.84418156284210       -43.742096762378253       -21.589282987806619     
  -589.74019832621764       -40.778263529142052       -21.770271272971616     
  -598.37519357599945       -37.780544633013420       -26.081621210890496     
  -601.16531269777681       -31.786171677209420       -35.524963339826456     
  -600.51237377856421       -29.066760927526879       -42.870282981009844     
  -597.43931981385572       -27.103311314144868       -49.661291736638667     
  -588.60903794700766       -26.738757958205539       -54.358521535743513     
  -578.66479747548442       -28.371413406390566       -58.696365194623731     
  -569.15120357080582       -32.142570340910879       -59.442441362114991     
  -563.45884140916553       -38.404489643418572       -54.021124188952726     
  -561.12885132325528       -45.999347329277469       -51.810797837079392     
  -564.51270768397444       -53.577204708334364       -53.390529258558772     
  -572.74477795223993       -59.465724393098583       -53.183361668908546     
  -578.32220500719313       -66.080090048789046       -50.731986771688888     
  -578.66565923105907       -74.009220099783789       -51.830482696352007     
  -575.97684752727093       -81.922181888509584       -52.094576659888524     
  -577.87088146357257       -88.308205106321537       -46.100609730031238     
  -577.93562298196878       -94.122806469759993       -34.947170289729677     
  -574.93294036437078       -102.32612658075880       -29.183715872131252     
  -570.07764533511113       -107.45874041903085       -23.518295950170611     
  -563.06403450750702       -112.57420372970046       -17.062974547867121     
