   2.9756246489003306        9.0896683819607311       0.83305926531818120     
   6.5555935824708538        13.533891450246045       -7.8622371874456984     
   12.694086124372880        20.180635564293155       -13.182819177959248     
   13.598401409034009        29.176751343015791       -15.050112288214041     
   10.783357516639688        37.397198327598907       -14.367297671983717     
   14.126969523995156        45.638048452655084       -15.089928448646177     
   19.500782945618734        54.636797581528171       -15.075341658353841     
   23.692460861980926        63.173637889871756       -15.124920510563928     
   26.629006223799443        71.968238671358364       -20.216754998110300     
   31.801854659179448        78.105382829729791       -22.392035574957362     
   37.609076401078568        85.486766195345481       -24.223929702670411     
   39.394204391793309        94.742184254636527       -28.307661503175108     
   38.911122441200938        102.56919672534110       -31.122386573205901     
   39.402575549580916        112.83851296810212       -31.270221230021154     
   40.639687495009937        121.33316358925144       -26.858896911838684     
   47.556232171012702        129.41178436155826       -22.686741173603401     
   47.316433864713233        134.36541414708921       -12.539989643132014     
   44.831039213815593        133.35433179409975       -4.0950136639702279     
   41.649992940843156        135.26599866371077        5.0254464526816349     
   37.037005725969813        135.86333362658272        13.821153900423873     
   33.349546169993360        129.61650147136035        20.940597571587194     
   28.843631506290976        122.97353078786529        21.176675623743190     
   21.969801403408898        126.95387457203464        23.897767360016424     
   13.485902437276586        130.98074790308723        27.614945818303134     
   3.1114472497005554        133.25010226457212        23.449818547276514     
  -4.8542256750700830        127.68351739998150        25.656359359511931     
  -12.887565626498688        122.05752959271057        28.458683975649791     
  -19.058747910926680        113.19053813246930        30.642602898474745     
  -25.521481778294643        109.81261870980684        38.189320723331491     
  -31.930798580379090        110.86046384819659        46.348749988820217     
  -39.304111844757678        111.74506700943887        55.061853048469757     
  -44.909671246404663        110.60620382206004        64.144251387201209     
  -50.874052468353213        105.42867828454564        70.191940634508967     
  -57.008577431488462        99.882996369505648        74.317161439586016     
  -63.701675731293363        95.401722678520073        81.570913208990106     
  -69.619388789934149        92.196240979726824        85.366155938000389     
  -74.874074253813077        87.380460640325566        88.990091243481345     
  -77.723306081415672        77.423806634372696        92.983933335540485     
  -82.433080937737586        69.816253152423911        92.697667094855177     
  -89.212436576946686        66.119797320678785        94.697265089666587     
  -96.169266439421364        64.044633922994805        99.954571470860884     
  -99.020121496053264        63.819952184065670        109.77162335933899     
  -103.63391256406962        60.292789847847033        117.72855327329590     
  -104.61822735344421        53.613704979267197        119.89240575345778     
  -105.14419095853128        44.819262914117644        122.40493249107342     
  -103.53254698905241        39.055271557721753        128.38625505198962     
  -103.26467412442781        31.162369901559032        130.43159455901815     
  -102.96299080477445        24.346160937324129        128.71932622334870     
  -104.62128410937811        13.211436162733463        129.97451579443961     
  -105.62408608863186        3.9731064229987396        129.35404361309298     
  -107.19153334482621       -8.8851092882952685        130.13245575948687     
  -112.92731853047218       -17.319262218392680        130.49185700695864     
  -117.05788222724124       -26.163860326122546        129.01483925352210     
  -125.73642771431824       -31.333924332400926        131.46882145782976     
  -130.91917400960332       -35.404553849916937        138.14675481143041     
  -126.12500849472283       -43.179765242614650        144.12055422380320     
  -123.06442899769112       -50.822008750849733        147.04877980431991     
  -120.44366928317567       -56.807422387021717        154.21917132413455     
  -114.95293704426246       -63.357267534907749        160.31332039399075     
  -114.69323940963915       -71.622416444728316        166.26568137938500     
  -118.07858241389414       -73.890339986856389        172.72802469623400     
  -120.53993189310495       -79.471985164422023        180.05051447087953     
  -123.18348969708123       -88.045893478826031        190.27174393384288     
  -123.74481821665276       -89.218998342953824        200.76881563141828     
  -122.89541674407434       -91.653007499713453        208.23415697955511     
  -119.86143219722857       -94.085294180403224        217.50820636676102     
  -122.56958365658289       -93.271518097472608        224.68984810158119     
  -129.97544885801057       -95.391011989445559        229.55174189721168     
  -138.88334426113502       -99.008656476226861        228.30691771849106     
  -149.22937052499145       -104.69904018521396        228.16251446678638     
  -156.50503267486349       -109.13464205802097        226.03087083464243     
  -166.57727929109757       -110.18932145754576        224.45252903767101     
  -173.32696566828687       -106.05118971325641        222.05539408483037     
  -180.48973394361809       -98.611689320687617        222.75580022119803     
  -181.26928078701616       -88.357717973397655        224.88872785369330     
  -179.52759037814647       -78.664931128733429        226.62902758565750     
  -184.07911040976259       -68.524791148955359        229.08080845500831     
  -190.25836702024185       -62.101851433533056        236.66029829232036     
  -189.38226496520838       -51.683916740793762        235.04448821234513     
  -185.83749035493742       -42.545084539996935        235.30034006497689     
  -184.48781439367735       -35.457027704437422        243.60507949673047     
  -186.27542716712367       -27.159089807648030        251.97873873380721     
  -188.76117837353902       -23.762551758451309        258.41607329811507     
  -193.34959572403318       -15.610527133334273        264.29431196254041     
  -196.71296989994283       -12.781054976635204        269.61252161794494     
  -202.38389651780136       -10.020822623656841        277.62499726149241     
  -204.62704654424778       -2.6399152287698655        280.46554167940775     
  -212.56362015780826        2.0038436652310452        275.39881515898554     
  -219.47362607519938       0.96722020496181926        265.48565893904652     
  -217.18828925602571       -4.9931679994580804        257.85020427742870     
  -215.14977448699091       -9.2419595893028372        249.63438371822690     
  -218.67913862994527       -17.028602392571599        244.16025075324521     
  -225.52915034301287       -21.186420950271440        238.07294842588843     
  -233.13294172864653       -19.450055234367483        234.78945085966649     
  -240.96914811829060       -21.273883247423129        228.29433367674676     
  -245.84929366762987       -22.752058923120870        222.04040613622169     
  -247.80295535104739       -28.692726318381546        216.66269018448705     
  -251.35419558769382       -33.412754125738701        210.62926616481920     
  -254.22577869529272       -38.336941660640690        202.06927313000946     
  -259.83194578644623       -31.730476239435632        199.09764039255390     
  -264.73868448576559       -23.229383238592078        195.95567571530549     
  -272.01124155657766       -15.813902771249246        195.25313245113003     
  -279.42577682832393       -9.3010408105994600        196.39083575647550     
  -287.02548675615856       -5.2785876210506331        198.85638175172173     
  -295.82516159049965       -5.1763250908720693        204.11257342320289     
  -304.28686653033998       -7.6952258704666008        209.37432344557726     
  -313.44480705210827       -12.294861026199726        210.53330922238871     
  -322.77095459121222       -16.210642399086765        215.32215105458113     
  -331.46130708336040       -18.949478574517144        216.40309484640150     
  -339.89287860854444       -23.485532433481751        223.36332540139716     
  -349.01843966189887       -24.719378382274613        227.09292509241047     
  -356.40333100451761       -27.531479410907593        229.12775757953406     
  -364.70194939506905       -28.237826943957117        224.08392963292181     
  -369.15176436067867       -21.935593514394355        219.97639567815168     
  -377.77520647733093       -17.304546830809699        219.18497440771836     
  -382.02579999279016       -8.9291390512660485        222.49961235857069     
  -387.94450931854777       -3.1302594001218438        220.25434896594720     
  -390.45588392241535        2.9078530666704410        213.29169969543369     
  -397.33881269666227        8.5249467198499929        207.19908777404382     
  -406.64502334952891        11.785776043004120        204.93213262432522     
  -414.72758275744815        11.569369272255045        203.52170077443898     
  -420.71439807956756        5.9360628427774884        201.84186673071105     
  -420.13369407616744       -3.2242360164037507        200.14809115473912     
  -419.71478767502293       -11.076058189029879        196.14991378050533     
  -417.75731339703140       -17.255209290370118        190.51942668632239     
  -412.66683993724627       -20.076063066241147        183.36742949056287     
  -417.66986772835105       -19.211062815023666        175.35700877060381     
  -420.23830377167411       -20.945221171588230        168.03005414334748     
  -418.16122330155059       -21.122388379623317        157.18182359029140     
  -416.81839147429213       -16.852250414619277        149.71851354962789     
  -417.82622107130447       -16.431060294136415        140.00439936683182     
  -417.65874474866922       -17.842562427745435        130.90502669435949     
  -413.35494989808541       -18.250609968880212        124.68638208497651     
  -407.84840465641770       -15.257199087289877        120.66064185606396     
  -406.00239339030259       -8.9952443324045248        113.18993102735566     
  -400.86362062317676       -5.3196818183366759        106.55791960511419     
  -396.97346381584447        2.3280007013815691        104.08230357808685     
  -396.09769777417011        11.473115785772478        99.131579983505219     
  -399.54882371290597        16.581313895481514        91.373331551290931     
  -400.71733506870982        22.195917911898846        81.956343237080006     
  -398.87487527029214        23.904560132457846        71.386006185669828     
  -401.17078186195209        17.068115563411112        67.190617186861473     
  -401.13721785823930        9.9737247640032365        64.057811625075857     
  -404.88034608835090        2.3760377829343327        59.467422766218448     
  -412.30445617579437       -2.8065475964692439        50.863142210061682     
  -416.78013641007317       -4.7721680508429074        43.234855858901994     
  -422.55490943474121       -1.5648766520519359        39.071981383392369     
  -429.26349311336276        4.7017811226131698        43.567648660847226     
  -435.50911927306140        10.999155105472823        48.775503939253213     
  -442.66783053607554        15.095533794073532        54.630738346405394     
  -448.90132501189208        15.411671372452219        61.656813884104068     
  -456.52385913537984        19.594054574918488        64.873657607890650     
  -460.99364409814029        20.107965016668544        67.623958051280894     
  -469.13006241773667        15.713500870956693        70.833585604778676     
  -477.45484429146620        11.508904570563203        71.610768213746866     
  -484.19879732502943        4.9565215748760920        69.515877816290867     
  -485.02678685255580       -2.3837627430428654        63.462061555828200     
  -486.60534392913530       -9.1312283005564723        59.291955931232351     
  -493.19060692730523       -18.707329874783227        58.524520737949075     
  -500.27812436181671       -23.182252942313426        54.338944912370138     
  -503.67710973811711       -29.843732819699255        47.982714151382226     
  -506.31448482118333       -35.505310450485524        42.163488527091943     
  -507.85503423714704       -34.140430951497649        33.066347533885562     
  -501.93295084802742       -31.952451019432715        24.405410531348508     
  -498.04014511090804       -36.916077049769655        16.320662958592976     
  -490.71476806795340       -39.526994288880161        12.238122399702490     
  -482.22059914840588       -41.933596304632061        12.056882751555804     
  -472.50737042081073       -44.736722986567116        10.720814458728739     
  -464.09378579040600       -45.672099880567288        10.944998930851284     
  -455.30441333701327       -46.653239558508716        11.226916383109227     
  -445.86049310675037       -42.735541229786975        12.192243651567964     
  -440.33631283494356       -33.102350741980956        16.217317960553430     
  -433.01867534040002       -26.628345476123314        20.880205737446744     
  -426.32204430484620       -23.000305203915360        25.546808480245858     
  -421.30865030047647       -23.236437636132081        36.131173684335579     
  -416.04582411956005       -24.969315719092833        43.835771098753838     
  -409.30880847139707       -19.390682435530209        50.270141018341775     
  -400.19449995795446       -15.889626244491950        53.221473533380163     
  -389.76036492904126       -14.604080474055706        54.186624203858116     
  -382.28303694682182       -13.630698750557031        58.088409814193085     
  -374.51634440032825       -12.248674351629887        62.518803328704394     
  -367.07204521418913       -12.500138683895841        68.627349443984855     
  -359.46033576817723       -13.119068655030617        74.528623880290027     
  -358.32470668698852       -13.287967670775146        82.186233354278031     
  -358.19983748544905       -16.310178332690043        89.378637205362566     
  -362.73117403051572       -19.461973326249591        95.920396393437031     
  -366.63083683512770       -19.222806397828265        105.11167610895006     
  -374.24907335073203       -19.631576276574037        112.39382087122377     
  -383.49057292043005       -16.227276923424597        115.79609424489645     
  -390.23737066789482       -12.889234001306079        119.57517675472189     
  -396.57081698969938       -12.987259986481746        125.35909094421544     
  -403.43519991148986       -13.308787746768587        129.72826729098136     
  -413.87556856117442       -13.358200609498425        131.20608034782941     
  -418.70882967483095       -11.253554411750798        135.55636445783551     
  -422.95714766129663       -8.0208417481159699        143.22687848755012     
  -424.97860104919630      -0.47090282909960024        149.60737883480115     
  -426.31877736949565        5.4176359419433027        157.67264692334703     
  -425.69982160640239        7.5802921917928643        167.72375762858650     
  -423.11839278935759        10.676434088877556        173.30440945748248     
  -418.53135618680204        13.859159612673466        180.29563957972547     
