   7.1398763187863770        6.3515355924809924        2.3352946082813162     
   12.578809415681583       0.80155482571552739       -3.8376340981261308     
   18.750586740274755       -5.0513669874660252       -7.9179121397051375     
   28.753821107755659       -6.5363525048290825       -10.754427651119201     
   32.436977851832843        1.0326698397447416       -15.020304474631985     
   35.704463774393460        8.4638414527527743       -19.197825975043500     
   38.881519786779130        16.434393855215717       -22.329037905883027     
   39.173941962037873        25.730904370890968       -23.518899709952237     
   40.985590544268483        34.445689207551389       -24.522974729680826     
   46.711889490078576        41.827245420981669       -24.326163659789074     
   51.110845253601518        47.447411227256261       -20.803907471223070     
   53.886463044414064        54.108797541947020       -16.530617591795334     
   55.579266512176318        61.124536199599575       -7.9415126059854941     
   56.930726576761543        68.105624389933084       0.97903457503983304     
   55.597393001661047        72.243050316188842        8.3531306475179008     
   57.128151163209452        71.959483322263225        20.261840718491953     
   48.148300405170048        70.101999569508621        27.828542710914761     
   39.426648050072131        66.946756513148074        32.044872674476551     
   31.574029989360724        64.340932298929715        35.707592373722889     
   23.488740258898197        60.689161419858678        36.441289920753604     
   15.038699996939755        58.345725278998124        35.572040426231780     
   6.9853560237003176        55.668436612982930        29.980194059742473     
   2.4378130777798104        62.767238580900042        25.711674138256285     
  -2.4096672397385959        68.482783096410628        19.143178860021550     
  -5.8493094656698528        70.720872902801858        10.278653729563018     
  -6.2531015376358781        64.017473039904658        2.8919389598292327     
  -5.4349407877350373        56.976292104962738       -3.3200987484996034     
  -3.1644636566651805        49.224855566513178       -8.9919157034395454     
  -4.0478661803048031        40.788382788809933       -15.409643102617082     
  -7.7147543536317045        33.052608540764453       -21.137374340552924     
  -13.377141084986498        23.166823652945666       -25.333011830028624     
  -16.037682796535503        13.032212467246332       -27.321296073356663     
  -15.238086663763696        4.2984195660247906       -32.225533430876553     
  -11.834584423326806       -2.3735816191876395       -38.755996634496398     
  -12.380594734179539       -6.0793056003673485       -48.364338088930239     
  -14.950569888433947       -7.2319518545759536       -55.656128866423842     
  -16.711701766090471       -7.7396951687005782       -63.223375810439791     
  -17.777776294007271       -7.9851978757102984       -73.163837603651956     
  -19.551902101143394       -13.081862837073800       -82.126555712872317     
  -17.858138462935905       -17.170768980956268       -85.652813963626173     
  -15.557493671251169       -22.974779483028115       -93.067672152958892     
  -10.672099693456314       -27.139968474982339       -100.63806241743816     
  -3.8169407015229275       -32.785698915021271       -106.56134957735097     
  -3.1463797231100781       -38.662162530969567       -111.91189693031559     
  -3.0849105187613866       -44.219505424279191       -120.58723822587487     
   1.6222926862472402       -51.908460443687773       -126.22253735121771     
   4.5970824778299315       -54.966936785150011       -130.61778810845411     
   7.2248440967097558       -55.086728983533391       -139.80761659558351     
   14.525533768595793       -59.008152418485338       -148.15311254859171     
   17.333650449728736       -59.475048668069320       -156.82611015646751     
   25.183609738711532       -60.766716556415389       -166.40079313531510     
   27.372016483443502       -63.839779373731147       -176.49541357410033     
   30.362947886434867       -65.393764762880949       -186.14195289128884     
   33.986080914542754       -69.344644432838493       -193.83441201642316     
   35.601884384091846       -79.414309253274268       -198.09894214227580     
   41.672045228863077       -86.903677051669376       -195.23661414993609     
   47.353598303755334       -93.169323745007063       -192.97575071997903     
   46.929106315553980       -101.16653253086633       -186.49392884866921     
   48.411386087830472       -109.04589574164106       -180.66908947500065     
   51.296284169742179       -118.00074346203024       -178.33171263796515     
   47.665437815041933       -125.36086003240021       -176.09666822941878     
   45.289087509504441       -134.83128289618062       -176.21303189586735     
   42.272873987213814       -143.70681232554182       -175.43009382353421     
   39.147783023529939       -152.79751585531122       -172.27033760979978     
   39.311720311857627       -160.37725452186135       -169.08536547030442     
   41.412518408627960       -169.89591949146285       -165.72041306727209     
   38.916448354553452       -173.95794242365417       -158.35633751972475     
   31.809011428251157       -177.24928608410653       -153.29528891043464     
   21.428014726399542       -178.97175415401273       -156.42064036619007     
   10.901748394434467       -180.19696625180185       -159.93289887620531     
   5.0774897545390463       -179.35749831930332       -167.05639945156216     
  -2.2323428440629183       -176.26604079847638       -172.93175334689025     
  -6.3443680500119051       -171.61647206704112       -178.85562125021607     
  -10.204171847518040       -166.12594715832304       -181.79516024964553     
  -15.789472241501585       -156.94750833952551       -180.56992885568832     
  -18.600311920158106       -145.97011795869199       -178.84937258587959     
  -21.037873631026940       -138.63279131497569       -183.10487381859622     
  -26.348758036566494       -134.06396541271471       -189.34137745990580     
  -30.878096752252958       -126.94150174984495       -189.30544692534943     
  -34.707532942307040       -119.43912205141530       -183.65954342466657     
  -39.804729884704898       -111.66225839246579       -181.16660474717250     
  -45.754036624784362       -103.00605735698312       -181.09493985727482     
  -51.707673560140904       -96.335875547961251       -181.58973829099139     
  -55.772083945991085       -86.835553303049267       -182.82883363315131     
  -63.165666645028125       -81.171165066056290       -185.33360445699154     
  -67.770834232750303       -72.872426833257634       -190.31139748238678     
  -72.268956631851779       -70.496146992864027       -195.75631414326989     
  -80.600334964774788       -68.868375664478549       -201.64242311710294     
  -89.023236986243205       -71.503116139017578       -207.47779487824877     
  -88.917241740577651       -77.579056157976822       -215.27700419983248     
  -89.205739790805580       -80.021872572141206       -224.85889094954399     
  -93.483284712744648       -79.088317108078542       -236.20059452938895     
  -97.638750969683826       -73.027318514643525       -244.88143535744200     
  -105.33778295826323       -71.400588462876726       -246.45554839338445     
  -112.79663386204345       -74.324281825232049       -251.97503561421644     
  -119.42210458854180       -76.265617655868141       -256.85667929669330     
  -122.74647487687429       -77.296750554657024       -266.36259703098222     
  -129.84002868418798       -79.062845687497656       -272.07018204846418     
  -134.37742039222400       -76.993506325792936       -281.13101036097572     
  -138.19533607791016       -68.999815551029457       -282.77014586469289     
  -141.67612332206858       -60.319003682016060       -287.03931669845554     
  -143.59306140074989       -50.715570380407925       -284.52345531550350     
  -141.68082244538215       -41.219783428356067       -286.72809709236020     
  -144.22544376486979       -32.343471122450282       -291.15175523798268     
  -142.69856093634490       -23.997706948471091       -294.64878715097745     
  -139.37214362150399       -18.047190439860870       -301.56543729952080     
  -131.31669541132044       -11.740570282793840       -300.26003984108826     
  -123.48341645564790       -6.9904958729987356       -295.74821136956314     
  -117.97170137461109      -0.81017006739719477       -289.91319879058148     
  -113.43165407168885        7.9501906622815355       -282.69896953604746     
  -111.85637905642653        17.560685371948246       -279.32335204162212     
  -111.51918112858880        24.507386216830199       -274.50872065629255     
  -109.35208532992607        31.412049487610954       -267.52311517746739     
  -111.38875200382189        40.280620603181916       -266.18213951408245     
  -111.61307168004198        46.954565294899567       -261.11958649276266     
  -107.11078812718701        55.203545718189581       -255.84160691032076     
  -103.50508795946639        55.890472682366109       -247.97320495108366     
  -102.01152111726010        55.772397108145199       -239.04318180965328     
  -96.858894889743979        54.757402025872196       -232.13445641990259     
  -87.240398168778157        53.528381125382580       -235.31362884047053     
  -79.192739001124110        58.988089517552019       -234.38206287532040     
  -72.136648488174743        61.226126686300304       -240.62256340240828     
  -65.282630525114044        57.554799880371554       -244.75725251763936     
  -56.512162843584761        54.805829509036130       -249.27791740900810     
  -49.029397828369568        54.568381688933421       -255.01672026074357     
  -40.677015000558313        50.632658828536876       -257.84067387552483     
  -30.846473100776322        47.258997992149375       -256.09866425567304     
  -23.546995505526908        46.633980346761732       -252.89940460450123     
  -13.030604524489565        41.818708175793347       -249.68280849397146     
  -6.5663803869921260        39.732557636915288       -245.08461444160824     
  0.80446970217444225        36.529948020019631       -238.29436730117712     
   8.3387845886492880        32.556009988927514       -234.50641883177676     
   15.732729438871059        34.577683267916420       -231.56241942359677     
   19.862699338998866        43.374655247304204       -232.46926025383539     
   26.286220090917549        50.014329050299736       -236.07059865884858     
   31.842047415928771        54.072994435764599       -241.01124609160064     
   35.075961993502901        57.366043987466867       -250.12081702741725     
   37.521510189090137        55.437673877343343       -261.22490418803068     
   46.684505872601562        49.716252105816437       -262.22626144259050     
   55.147845751206688        45.040459978028892       -263.78633926445309     
   64.782638488156465        42.383566583475584       -259.11690130733672     
   71.696773379879147        41.378903951932152       -252.83635395190322     
   77.616689449016832        39.437775976792352       -248.88415939298946     
   85.381045448978568        35.129534842489079       -244.71564487638892     
   94.080607416379735        29.479825302877284       -240.01835679948189     
   102.30478309110838        30.350223087872322       -237.54046761483161     
   110.98827777774039        35.957030918886502       -235.77265185342742     
   117.26766187760114        31.249227049267105       -228.49429716499500     
   119.05811618670923        23.157283429751061       -224.33943954563858     
   114.40929412020498        15.082959205642858       -220.02789518192549     
   110.02186038189568        9.4846226664118873       -218.24709207381648     
   109.11268320698051        1.8554815883753122       -213.44112089395551     
   105.98240399739504       -2.7500893502592660       -212.01210711158788     
   100.96695095490192       -8.9325703654666881       -206.31934988193629     
   93.668734327147320       -14.161534044213880       -202.20310904561194     
   93.035954379383227       -20.412387939441828       -194.68220183118967     
   93.806830943315646       -23.290264645978425       -186.83131864132338     
   92.092892338327417       -27.325753513339492       -178.89934890643633     
   87.851533700373409       -34.547994941472822       -172.06663087812026     
   85.061833146059428       -38.663945707616861       -165.43348122014004     
   84.378483755692258       -41.099660462211830       -156.82514267388422     
   80.924899746935722       -43.634994874980990       -149.61608164281552     
   80.983038149695204       -38.040025392978166       -141.25850306015855     
   81.476574203439213       -29.241772753014672       -134.00585250233200     
   81.957616704748318       -20.870025640244663       -134.94066487816798     
   83.936528000255038       -12.326391835164031       -134.86276885303965     
   79.968175370815914       -3.9252242106104518       -133.17962855678266     
   81.454524321011888        6.3128285810473699       -132.36352130542846     
   79.580510821492453        14.020992455730806       -135.87801139181957     
   80.418059101652517        21.894521062206074       -136.50803650954560     
   79.277841065094208        32.037211822816786       -139.64699254932779     
   82.913729713412778        37.806799341885906       -146.58918836364219     
   87.799851347828337        39.752569859364236       -153.77951318228358     
   92.424880379618145        40.959511633186409       -161.86269695092162     
   91.497363491030399        47.333727433465235       -170.61893161501916     
   89.692827537759342        53.814758054438506       -177.51984148219083     
   93.472604245176953        55.881668612044919       -188.79237442567506     
   98.631469482439542        56.944637077047958       -197.34039574119305     
   103.85861419940302        66.852204915813402       -199.94733568370162     
   106.06296084809756        71.779378577059532       -204.82506611362635     
   108.19538694954852        77.630450284641412       -209.06083604473821     
   113.10588252848574        82.529815817237704       -217.28402098878766     
   109.08657049818733        85.001948824756553       -225.12578169304015     
   100.70427388687554        86.794303340045673       -225.58957065887645     
   93.703159781277733        87.819821280279214       -221.08176742420659     
   85.195113618084065        91.867674848950372       -219.76981572940161     
   75.714295590200095        97.009997299310015       -221.34415376980849     
   66.510972484070209        102.10671530566233       -220.19827325142873     
   57.865081622332042        104.51698118146786       -224.11836743659498     
   49.529411018754416        105.46063871006240       -222.33399512523718     
   41.161879151851309        108.48064929491940       -218.46712546220118     
   35.398975040167983        111.68242545578192       -213.19519243320173     
   32.277623692683306        114.46039592093344       -205.79940623957398     
   27.639790578765684        114.04541555763188       -200.08738507210626     
   23.453306570189568        109.06345010871644       -193.22029833792928     
   21.040047152882494        101.18531134322996       -186.51796703336919     
   15.105617714690453        94.265825416191021       -180.74326280488313     
   11.090360172620706        85.294046245247714       -179.27132929166294     
   8.5128307266974161        80.152324197888603       -180.05343039201460     
   1.2547927693561860        76.431502286817704       -178.76301243134421     
