   5.3059756421468194        1.4331405989808559        7.4273022924568011     
   5.2118924181864941        8.5382912404743081        1.9707365325976269     
   4.5048732623417607        16.980950644447233        1.2515730701149721     
   4.9255802777514930        27.512125468569479        3.8670399747205124     
  -1.3097865821628432        32.063191728032081        10.074079178173861     
  -3.2975204012487040        40.430793118877006        16.063829861492366     
  -4.3283631187855178        45.730867780269705        20.623309520219820     
  -3.3263768749265523        53.589805169346079        25.997447442755600     
  -2.5519791950911213        59.773096121103436        33.637414402780138     
 -0.34667055014799075        60.203128906370949        43.348865010893689     
  0.74053627937936994        57.353441496574533        48.679594073869396     
  0.67095983724274788        53.435152381862764        56.887441249811587     
 -0.58425342430405180        47.301468068068232        66.854310194862734     
   1.8536042692331307        39.904785520335992        74.088287530178519     
   2.6712727376409191        32.358152799291247        74.844155275972184     
   5.3286914344545266        21.420956400709315        73.733784500346644     
  0.58825189502266539        12.822399805053607        71.239050431791895     
  -7.4124643230923368        8.4244576357527308        64.559661540216894     
  -12.543423610187887        1.3615535363424556        55.658979962565013     
  -17.436257408120355      -0.59438788803441867        48.038331737609610     
  -22.273087477848975       -5.5628486141349924        40.567093488302987     
  -30.064765742228900       -9.5150187767308125        36.838751680010006     
  -37.251735861253849       -14.729123753040682        43.511691906153800     
  -46.019838079362671       -20.799101358059886        49.398127700757925     
  -56.611735043194557       -24.504591937988778        48.382730317790788     
  -62.317519190495432       -27.521895531656014        40.943519242614116     
  -66.240875699885422       -26.710024068545408        34.206543468264726     
  -71.002386399507699       -25.069163258858481        28.652915051667691     
  -75.330609371831798       -24.433957745736762        22.418773504848815     
  -79.443061424141689       -26.344633649219986        14.228518443606831     
  -86.327700073282585       -33.277812892528630        7.8530754521129467     
  -89.032625667846517       -37.252940978349130       -9.8248695211324844E-002
  -93.641670860881817       -33.189703406946705       -8.2520523959591827     
  -95.174524486370302       -28.754388981292806       -15.509514714881277     
  -101.69803873372815       -25.892057587465104       -23.467634646125845     
  -104.78774557534028       -22.973526109040932       -30.370873194780501     
  -109.89620315454427       -21.803605193497873       -37.602293389009063     
  -115.88747250373785       -23.563547088793484       -47.650959337427494     
  -126.17857668629227       -22.176939055819588       -48.925449384459959     
  -132.48831456855319       -20.872239564510920       -51.505150233963342     
  -141.31207327787985       -17.233848624891749       -55.028886979716020     
  -147.22848420118203       -19.895063075226659       -61.330430422378981     
  -156.84737901418137       -20.986582191502123       -69.369418682724998     
  -161.64558861569697       -19.006300803579904       -76.170421533934899     
  -166.92456048472712       -17.068663911339542       -83.437310373415770     
  -174.90244498398584       -18.234035859493872       -89.013830830120540     
  -178.89164790558138       -18.715436236584139       -93.557906977221847     
  -182.39243444733316       -19.063069369348256       -101.37956208513198     
  -187.96881018882718       -19.833821405456973       -110.92424338681363     
  -194.26215461291517       -15.587026738269316       -114.94789611336927     
  -198.49863075122173       -6.0960301927229352       -118.81219628473843     
  -200.52025450488935        4.7003802140023652       -122.54207234425178     
  -203.50260311601841        11.968420160189623       -127.34575923984048     
  -209.77321719263037        18.219925530130638       -131.81383397829026     
  -216.07613511757319        20.884493850399707       -140.07786615654570     
  -224.92999701429915        21.462176046594010       -145.31915596152049     
  -230.63046557689142        23.675778701548893       -151.29563786506552     
  -239.43154173930705        25.144828101351663       -148.26700268350112     
  -249.84772102058059        23.790821921931183       -147.69662436655506     
  -258.87085420753601        22.601622160312616       -146.69126367497702     
  -264.46429968314578        20.415395802786207       -140.81270797670453     
  -269.79612747338615        23.393002611430319       -133.40337372655472     
  -272.82800328040844        26.318665337945333       -126.34461740378737     
  -277.66807741854836        27.079013258068613       -119.07625837451900     
  -284.97106233972249        28.523317825719431       -114.52120758573818     
  -295.38067807920044        30.899771129909993       -113.97656602423494     
  -302.69561996142897        25.940345106483591       -115.89241864167377     
  -307.48367257040064        19.150699811134984       -112.06076965685565     
  -304.39655901616169        13.185547018754107       -103.05926050519827     
  -296.97950099137864        9.4467572610309958       -94.579688597423811     
  -289.32785777369708        13.498941447369504       -90.006002202418571     
  -279.76510357728233        15.099061951484771       -87.471180491968965     
  -272.43084500283533        13.149446379490200       -85.858984368272672     
  -265.52389249943553        10.340288714005567       -84.263011879492410     
  -258.45932127514885        7.8689754291283975       -80.835327918241262     
  -248.26128139138859        2.8172756972064121       -76.838009632397672     
  -239.96513241001139        1.3516976523743836       -78.245295280614243     
  -231.68820439515130        7.5467897754913054       -74.091975233848672     
  -227.77041438248594        7.6884435770445236       -66.684498707436347     
  -225.90699724420557        5.3961566972238302       -56.461009732529710     
  -225.58489631234818        6.6922601084025075       -46.927273045036564     
  -224.26851518661084        9.0049531142356045       -37.870321235457006     
  -219.70713120433601        11.208465326562134       -30.776492243667462     
  -212.91627919679237        11.860557780372972       -24.534474550774320     
  -206.77399388399022        19.431849630492536       -21.246504075561873     
  -207.44879763084600        28.497587217362820       -23.596723441183087     
  -207.55305069142526        36.035979449724181       -25.525093777518933     
  -205.96491778022607        45.187277905092458       -27.718814310337322     
  -211.43652350076007        54.396596922552760       -31.445556486562040     
  -215.45062252192682        50.981254848242372       -40.013124083148625     
  -215.93187882435120        51.164720327263865       -50.234368553438117     
  -215.57223706349228        55.653777347776355       -60.538832454401344     
  -213.22217028286178        62.581682261935015       -69.002658342893554     
  -212.90451567873964        71.973088033632195       -71.882068368859208     
  -215.69416537888316        80.875409280500833       -72.296288165498297     
  -219.46701360457570        88.879423354534651       -73.050506386839430     
  -217.93358145314610        97.608226168193255       -74.912698745122725     
  -215.55312838258857        103.65309667722812       -77.054827625442130     
  -211.00330201492045        110.12366149202774       -83.585407580815826     
  -203.57023209797745        106.91472968099066       -88.072479537791182     
  -194.26725267344895        101.29416577223236       -91.603722267681832     
  -183.70158595001513        102.00851534733005       -94.634249790302192     
  -175.35084109910886        106.92727043039622       -99.396165796992278     
  -169.02656934632773        108.32256851335160       -95.353622508125568     
  -159.45865846999016        112.25784848106366       -93.640431518768338     
  -150.85993218023370        115.63699958066894       -95.779529528111894     
  -140.94811401498151        113.91932380837960       -99.744062646790752     
  -132.85986060875697        110.73023150941032       -104.89544722509527     
  -125.49388296244452        106.15667165832878       -109.54068497878691     
  -115.29831771604428        108.90459605887287       -116.62497599600950     
  -112.26388465516040        114.90307172778029       -125.44092315332512     
  -112.37026208253110        121.07306328228100       -133.17033696576192     
  -109.00391344345132        123.38690785205875       -137.04279661625969     
  -104.22119270434737        121.72260306691220       -144.47591678957573     
  -108.97065451785494        121.72232735600602       -151.86321745329633     
  -112.61082549154972        119.90493279758766       -160.79159472398075     
  -110.62483209371661        114.08358782529740       -167.91502509304911     
  -107.81038560543253        106.84229605707105       -172.57186513073407     
  -105.56107579315395        100.58593625555903       -180.73213456462403     
  -113.34457540041682        98.052122578084891       -186.76001337615617     
  -118.60850054747090        104.30887788673795       -192.68754482598320     
  -122.53343332398057        110.41814230239402       -198.39826963711462     
  -127.21018284909704        115.01277032459251       -203.35079340438668     
  -127.44597020614881        118.59638428137771       -212.02677367689029     
  -125.03472303165154        122.54852009804915       -222.75501119186856     
  -122.56698918451289        127.77712747996236       -230.83491362251914     
  -115.84348310213132        132.34089163067972       -237.74084080904572     
  -111.94909276078263        136.79280640645231       -243.17605625407370     
  -113.68710031839642        144.77413727146217       -252.61679475343635     
  -118.04255271108934        152.77981268018669       -256.15618983093623     
  -120.51795310025841        160.17107135794100       -263.07120467981696     
  -124.48295348910437        167.74863567686509       -267.78798678579619     
  -128.85758045264453        174.53313319728500       -266.42300566810241     
  -129.19082201628768        182.61655333433959       -258.89612193128249     
  -128.74855745044195        186.51926243034012       -249.07705961690559     
  -132.42872402112107        186.93878847901010       -241.44434973401724     
  -136.13777184542602        188.13176699480022       -231.80662147736967     
  -138.68048920071519        195.65190258177665       -225.11019494857226     
  -135.79210211425743        206.21994281039929       -225.76303895497378     
  -132.35854926049018        213.48299807680542       -225.32632097487337     
  -132.95363981088801        221.60041187452055       -230.90641369970214     
  -138.18289450511585        222.05835094562059       -237.16709656049312     
  -144.39749972776633        223.51769413495998       -243.01789740330472     
  -153.62135016879583        221.52765970257150       -246.28123683558826     
  -164.37246401652567        217.92794579257048       -245.81792180117336     
  -174.49596843410444        210.93655115905682       -246.89503209673887     
  -181.29156169991211        214.07151213093704       -252.76876367966528     
  -187.39981478923900        218.59248992627920       -248.79318087235839     
  -191.19499855421731        218.73567890650918       -241.26052789809313     
  -190.83372909677942        214.30620873826172       -232.73109783883041     
  -194.60122461073192        212.01178944578101       -226.92259241287567     
  -201.63238619199348        212.59877498429518       -221.97908308306097     
  -203.97030163527967        211.70755665679900       -217.05204689340707     
  -209.02004641016617        206.65194008375215       -209.83138865110016     
  -211.30907530255192        198.59799988449112       -203.46389229582689     
  -211.21773699894598        193.24574146818077       -194.67489912662268     
  -211.49622746100249        187.84221681071494       -187.74667716727237     
  -210.29544558108523        186.01458366524844       -179.53011885176204     
  -207.55700244119095        191.74753192202445       -170.22173444674070     
  -207.45203022999274        198.04789203361844       -164.49008186063060     
  -209.23602458820451        206.25217768961926       -161.32618769574185     
  -216.70534698633793        208.30024365906655       -157.57857146652606     
  -226.46596299252991        210.06983651829739       -157.64998622929477     
  -237.25705448622290        214.21113460768981       -155.37501706547425     
  -245.08754662454356        214.96612203752500       -157.77833172456266     
  -250.49496062210153        220.49938142028071       -163.00278267187321     
  -256.82059679852000        225.02919966849566       -169.74132824961322     
  -262.99964017132515        229.45408471701421       -176.02576390697345     
  -269.25511157970334        230.31920351063695       -182.82646240260948     
  -269.86012118859185        228.36159946237171       -190.89093186024371     
  -268.25400884855424        223.14512155126442       -200.40202969227454     
  -270.42483289944181        219.76002482299435       -210.47235164126621     
  -268.76962836682185        215.62977532152638       -219.21928138969895     
  -262.75175013469044        214.16892462039442       -226.41521794845477     
  -255.06818429720460        211.62452744215028       -234.19636941720967     
  -249.11267626406891        211.89392428163046       -242.44131387823896     
  -248.68472128398275        207.87930120474346       -252.39215129977936     
  -245.88458169940674        199.27976336895273       -258.61244879176297     
  -248.97599470641805        191.14378000368157       -254.34677728634318     
  -249.85755463898872        186.93599023304881       -247.77092211122425     
  -248.26457190773294        184.04004069566724       -240.00289272463277     
  -245.82272335333113        184.65835328781117       -230.82314947589953     
  -245.25432079938449        189.33223823061661       -222.33841479349695     
  -248.79699878704733        197.77828158247627       -222.39603693938378     
  -255.73853291593517        202.05377952778326       -224.91134679507465     
  -260.05831042700214        210.50536174169059       -225.57072777768627     
  -262.82871252518589        218.92463331813008       -231.51177352145805     
  -268.11940081017536        223.95685055164404       -237.31782965276568     
  -269.05268066337044        232.18417932551080       -236.80686594907812     
  -264.04815812143329        238.69007941563831       -233.92069070782478     
  -267.07894647862713        245.90630238220399       -228.43688838514856     
  -270.60242749705060        247.49987917592989       -222.01037562673429     
  -274.08115807798220        249.37911595498065       -215.34010207579402     
  -275.20195593770325        246.25779168942756       -208.34149331849386     
  -280.31727047410146        245.66443106245549       -200.54124568617806     
  -289.84103392613673        243.14199933075059       -195.34684728199034     
  -301.56220685932357        241.02721246467559       -193.83802134315002     
  -309.82644214006496        242.36972574070757       -191.54657685124664     
  -314.57413388204770        239.65272616458037       -186.90726030062132     
  -317.96502640901969        235.18226233871417       -180.49223806303846     
