   5.7433363245459716        6.4517269074577825        7.4630631297374066     
   13.552393261013485        7.6201271913108002        8.4162504035023744     
   19.001702531133134        3.0672143100671150        11.092510255235140     
   23.145039193606436       -1.0777424733793595        19.770241806921774     
   21.878232746227930       0.81084758868161089        27.746935820830515     
   17.724474589430145       -4.5161836670024087        35.411636968000892     
   10.818005284650617       -8.2886041302320308        42.437164253174103     
   2.9463868774006841       -10.285324312583903        44.737499188854770     
  -5.9049578987088509       -12.935945209520362        43.237703767107519     
  -14.709898931150953       -12.851762592163226        43.355304649603170     
  -20.602267153941696       -10.908223785580056        47.435635954035547     
  -27.260738623231489       -11.126810384960546        52.361853100581754     
  -38.608660343478256       -12.741811720866899        57.074680083759063     
  -46.762191581938261       -14.725285723267898        59.983191600008126     
  -53.584798722012465       -15.204537628957677        65.641071158979855     
  -59.346123397066222       -13.478960398641885        74.666859979458877     
  -58.413568333461370       -15.252820136449667        82.561194804651620     
  -54.575638121467783       -20.718168572770278        90.678261109670814     
  -54.214671418265262       -22.104310702054789        100.71125655218276     
  -53.378385465356018       -24.504471997965354        108.26886473639479     
  -51.880711969189001       -23.204305226183976        118.38101011364159     
  -52.180382425885938       -22.202464303101223        126.94207031723977     
  -58.595034153697220       -26.965230751162494        131.73534043453935     
  -61.648543447640577       -34.577940685583826        138.13336000185268     
  -61.363557430217526       -42.178448692173703        145.78214532174965     
  -54.004222824408060       -45.653011023288165        152.83124052066040     
  -48.464797130858599       -50.015164094711281        156.07857338554518     
  -42.902289243451179       -56.019956575251086        157.24602351866082     
  -35.448780201413413       -63.985270963922147        159.35043383358382     
  -30.258522763051520       -67.596612187180398        168.33332777183855     
  -26.356877532338370       -69.411057242026573        177.85392094999611     
  -24.289061397875500       -73.486113741347509        184.18972452457692     
  -16.476925002258007       -78.172993554470295        185.08750666067982     
  -8.2874998190200699       -81.823955072022443        183.06010340715042     
  -2.3307484015937590       -87.852907723553926        182.42503361930903     
   5.5763213741083266       -91.738611148292676        183.98800911530995     
   14.079554754257146       -95.628755528159161        184.92806303194862     
   22.908259169085085       -99.962954337056743        187.77568975010990     
   23.844404398383723       -109.82271281730357        187.85654141354956     
   24.849761962721800       -116.85969415608018        185.60874398270963     
   25.193693339422985       -125.59315558986398        179.75555909748860     
   19.819995270200774       -133.06399856096436        183.18746772929805     
   14.926538675457572       -142.17323802831774        178.36804917222113     
   11.606534362608535       -148.73247198799430        174.17454589968790     
   7.5651916087985320       -155.41094768395641        168.16096687510552     
   6.4655506604850999       -157.49271615519743        159.02763067841113     
   2.5561478985887334       -158.35922457198222        150.36521095056173     
 -0.95744230196188695       -160.46978880488362        142.38344949537822     
   1.7956022288740243       -160.62015133446897        132.55831468308168     
   6.1977395900011842       -157.07434464287510        126.08686416492219     
   12.060526300134910       -147.96884175796112        122.84846675896392     
   14.309265449097822       -137.45700550619020        119.94604745063435     
   17.937316442791783       -129.59199865338630        119.36552704765194     
   24.166615544448845       -120.56396909600488        119.14076500015318     
   34.729547154116240       -116.93320140065408        124.77740869761175     
   46.846458209844258       -115.14843175528492        128.45312911626888     
   54.768494198985479       -108.21193130181373        130.55741341343395     
   60.133164285343057       -104.57713349352210        123.63988951504939     
   68.682195490209466       -102.15017402220185        117.51798122288784     
   77.410378827713458       -103.85124353524138        116.84729101590648     
   85.655179918625876       -104.19492145474896        118.59596200363819     
   93.892140992350193       -104.71665607144563        119.87450698070705     
   101.53831850387724       -104.86777461888929        120.31868297448136     
   109.72988692715870       -103.52266863528931        123.35089124780404     
   116.85092473368580       -102.04754074526176        123.69196947298093     
   121.93047248265702       -97.942785670670048        118.16047650908217     
   120.69536140232626       -89.130953250915624        115.70032359228492     
   123.50475150245572       -81.308847552238376        117.50583367101393     
   128.47019518789102       -78.240289704827717        123.04533450881263     
   138.88356635552051       -77.963095985954396        129.72903862919605     
   146.19977833727216       -82.843763610153928        132.96048513200998     
   153.96350372470164       -89.746368573198993        137.71091965773149     
   158.04599101251026       -93.979308152614792        142.94905149770955     
   158.75978803482792       -96.675047627009150        151.69342099556781     
   163.92202235019144       -97.172385124413807        159.78837091566191     
   170.40767024659488       -100.99834093541449        169.09910576241157     
   172.63247481941232       -109.50236051055252        173.60720928014814     
   171.31766510145496       -120.68098219549859        168.92076735725871     
   171.09261250522343       -127.71390427493446        160.66165317086876     
   174.82687175097345       -128.51204432684622        152.63663184621808     
   176.08011782270478       -125.89903198252483        142.90334265035375     
   179.28669242951489       -124.66123560510286        134.35068100665200     
   182.82485297363672       -128.12456257254078        127.05334058659952     
   182.68534661368724       -135.38340476223141        123.79273432768088     
   178.54178734269232       -141.11505320965875        115.32388283903146     
   169.81461709531771       -142.52897326226324        110.23218665964237     
   162.80401268344963       -143.37456437398748        106.05970277632912     
   154.28038490346404       -145.10644461278872        100.85871479387902     
   145.90875917226666       -139.86020907923518        95.679461406007078     
   140.45439000158183       -134.07184211727281        100.63227462742771     
   130.79644274894582       -131.01018173547953        102.84302036032580     
   121.19005619110629       -132.50388960178361        102.04074540248627     
   110.56167601986282       -135.06724572154741        102.94764268995186     
   102.73260837819419       -139.75647425177613        102.14397752897941     
   96.867251631932803       -145.67282665950324        97.334739472264232     
   90.739898350361088       -152.93198950594186        90.046714358011513     
   84.013023402324521       -161.17103696565059        86.766792073498323     
   78.925326325196139       -166.57745557643227        86.108345476687987     
   74.235739241068657       -171.08016783231162        92.655386891046078     
   75.388864395947067       -171.98963825976566        102.28467303716116     
   80.194019452883893       -174.77390042804601        110.63686425047860     
   84.774217766052985       -183.25169558502907        115.52112576951203     
   85.707488872005129       -193.13299031017812        122.39006449567131     
   83.734741990195531       -201.00013479054596        118.23704462799651     
   81.516908206171820       -209.11246823826528        118.26702073177267     
   79.245319937702007       -220.03023835868214        121.13655778397350     
   75.629428698857410       -228.07391221618334        120.72130174802220     
   71.593216217462881       -238.10866690097959        119.52767847905392     
   65.441579853802253       -243.71599951890173        121.69547176138690     
   55.110831773168783       -245.37447504595153        115.85434035175797     
   47.016039866694342       -242.13627274216827        108.93162113395954     
   40.252151655164141       -244.89454411653452        104.90736989289331     
   35.259130221096626       -248.84194814482549        100.15428063964845     
   26.829315050432243       -251.26337759437553        97.328954225554639     
   22.520197297925741       -247.92283886771122        90.160031130816265     
   16.157169219093223       -242.83780642326781        87.151969982923561     
   9.8597456159457266       -237.16538873272995        83.481380560984803     
   7.7914984259117723       -227.99741262029255        79.731867506855679     
   10.850568441387960       -218.04290027051482        81.886491705758772     
   8.8294461357163350       -212.66099061394829        89.751409744183604     
   7.0972662199820640       -211.39726560266027        99.465524328193169     
   4.2317320401532577       -205.57470568767226        106.10276974868373     
   5.2454951977817750       -198.14424230437459        113.46797769776032     
   5.5080927054843620       -191.22324880220847        119.24260548573204     
   3.4568752868935952       -180.99946937119222        122.35684389538898     
   3.6085928539562886       -171.13960304462051        123.52125415304755     
   1.3613059815756934       -161.26535369148718        122.94362240099827     
  -1.1602515079950244       -153.88757750245443        120.28834503588052     
  -5.1032509273867435       -145.83607343904751        125.93792750786309     
  -2.4001370924449761       -136.59990106234901        129.05300057343334     
  0.26260961580459075       -125.67963393990641        132.29401707881641     
   5.1279557135751634       -117.38715008382545        129.98690054705457     
   1.9061569012696697       -110.45589554255514        125.44826531415418     
  -1.7073108641641497       -108.95972774933747        114.24833340151241     
  -2.2010047503459917       -101.69675988773099        104.14511822890012     
  -1.6779333301497523       -93.304616719279693        98.652746622054792     
  -4.8756341309675966       -82.074128287546486        95.157034939710400     
  -11.123771159692730       -74.191228886406151        98.695790529281282     
  -19.333432891181111       -69.638527698086563        103.64103541479000     
  -26.770948553559109       -63.439307782516693        107.45608386231532     
  -32.945606509915194       -58.699571914815323        113.18871121806865     
  -38.827655602648754       -56.384756667166627        119.74159724183005     
  -39.026433394316555       -51.573563799445182        126.89615430669772     
  -36.841292398795318       -43.423454792096493        130.98805389476388     
  -38.807010459829961       -35.194244112182744        138.15755375873385     
  -39.567757693004033       -25.063929986633148        139.82441459974893     
  -37.432290297646901       -18.152645960093221        145.48344755135528     
  -39.759555747904621       -16.568176743156499        152.91842615380165     
  -45.976631889653547       -20.373171967209608        160.78091533026665     
  -45.788957092926367       -26.800904988264790        169.24697584123066     
  -46.282940851081946       -33.875201106024122        174.01227882842920     
  -49.592494530505455       -41.654897168475074        174.03978439676541     
  -51.614616213336937       -47.107694347880326        175.66319688471748     
  -56.093235820479286       -53.149409165062188        174.85882107315126     
  -60.298039215587828       -62.008224370012812        172.55510446681376     
  -61.180590389779589       -71.542747051218370        174.15654335396738     
  -63.206842526023863       -78.684335012890728        177.16434777001714     
  -65.908485682024278       -84.468474994164310        180.33470786644699     
  -69.170676192228441       -92.840879145915522        182.16967816150236     
  -73.265400498421002       -100.87632123357587        178.62340775384064     
  -76.504985134023542       -107.04102303048884        172.67986111922502     
  -82.681981580854199       -114.31709544085605        171.33855045095478     
  -87.772436924119759       -123.66962036524234        170.53742548866893     
  -90.499096718192078       -132.84878847754283        172.60224407867094     
  -86.967537773523560       -139.37582948310782        177.68815996233741     
  -85.016291883621761       -142.10229945223915        185.39126920418809     
  -82.612082942973160       -140.74299224070663        193.29169112077196     
  -77.565192021744252       -140.19765327966553        200.80196756158415     
  -72.831129142017744       -138.45711945506076        210.39088969110236     
  -66.817185621881237       -134.06402447002205        214.39288040189737     
  -62.676817444267662       -127.85225696346654        215.94305042943270     
  -59.658620419025347       -123.32327605050585        223.04899049259018     
  -57.279252661278647       -117.02126150922578        229.34914520660155     
  -49.690590610693519       -111.30217324824741        230.67370049438912     
  -42.808427487020083       -101.98315870713898        232.50500368995864     
  -34.067566335122621       -99.618255915427795        228.76335388848045     
  -23.789483917399998       -102.07840397846655        228.28976886255711     
  -14.133269523569801       -101.07686779607857        224.37109623077535     
  -9.3440247457012688       -93.915246060940603        219.12716328788238     
  -3.2710422919890121       -88.181523110451579        213.83820920343865     
  -4.6633607822073060       -81.720697656645072        208.89706227241570     
 -0.47032664443389649       -73.075499171081248        204.17954754836541     
   2.8313448407849506       -63.332941512516484        199.06863187203066     
   1.1622094618755412       -53.981512039170596        198.44563775355925     
  -3.3605037550802308       -48.723860485575258        203.30994518802385     
  -6.8634047016001531       -45.779157235687606        211.25603319447552     
  -15.342587879753737       -50.943177205603320        219.62518340852492     
  -21.432411866451879       -53.237438053433586        225.05134283324375     
  -26.949807200399711       -49.293493255517426        229.82810071330812     
  -32.636554152780249       -44.162897913624093        235.46142430937087     
  -34.407016771428431       -36.540891825214644        240.94796467536679     
  -35.555651456187512       -29.141808205718391        246.77535659309851     
  -37.516126740598132       -21.271585224761193        249.29620994967308     
  -33.143042189427007       -13.125438993986876        251.32046160939672     
  -26.758527293174737       -10.033427717068264        256.21129165112046     
  -17.605724625113918       -9.2384772670937281        264.01058794622048     
  -12.499607978476327       -4.3972342876129389        271.65363194877227     
  -6.8210434128381046        1.8550800541997567        275.45159190736712     
  0.87150062718270505        5.9049241911901920        277.52928816772692     
   7.6341476997046307        5.1723231002575289        276.84248687796924     
