   11562.651533757047     
   10674.615194769254     
   7354.0275725059200     
   14342.497054744879     
   40078.225189472869     
   13883.218633931954     
   14307.522616329778     
   14174.503810435190     
   29681.077726967000     
   22527.165977543224     
   32809.334502376310     
   14662.303559081054     
   25651.392759955717     
   59104.369276987549     
   28726.927241062967     
   27370.361764703615     
   13987.692614093932     
   21712.015655354695     
   33253.888248927586     
   22942.506758503754     
   10026.791081621506     
   17067.662111353664     
   79472.327426189484     
   43848.561549796992     
   22113.983460782310     
   27053.798049603440     
   25199.076198278195     
   37467.362469538304     
   58047.836028202990     
   47378.227640961697     
   20055.398899608106     
   21768.249588035858     
   51317.057487348029     
   38252.006856279026     
   36842.155551981057     
   42433.253416639483     
   47285.006639304083     
   29303.370875704630     
   28341.076866985797     
   31050.977290384602     
   22374.639765478307     
   12383.302339389231     
   18025.291718578075     
   23322.722451279322     
   10596.839384299581     
   22812.872422616008     
   27380.013340937661     
   21369.276247357815     
   26560.107749696919     
   22762.670743875402     
   27633.377435016981     
   20258.848739309269     
   20700.074990353143     
   31662.203973082760     
   21388.044639196112     
   16012.583670202333     
   55768.921722564119     
   22307.310488482472     
   43479.643170724252     
   26642.036975587707     
   27407.820766134919     
   12855.093772553862     
   57492.361261929982     
   37548.220550316990     
   15839.346759442924     
   32779.472984226973     
   36716.778325316889     
   46054.826230585611     
   15247.937491798484     
   17469.002377562130     
   30840.379307073272     
   25070.630243488769     
   29283.896000184817     
   25173.841122473357     
   43329.557216505898     
   24613.917334321606     
   28138.905505410094     
   26977.480664382329     
   30182.439446060082     
   64281.058682066425     
   35083.704825177956     
   13869.557123314524     
   10871.493667591012     
   24456.279166342811     
   19532.681892943463     
   18905.842591908564     
   25255.857914454555     
   40635.146785988065     
   19991.360752902820     
   30884.859485102788     
   54814.254450348504     
   24952.114477406940     
   28363.525757486885     
   41895.711542304940     
   55891.289119831359     
   49798.985615692378     
   40424.404076634237     
   18515.276270280046     
   25601.245340366546     
   12286.178536864840     
   78767.744266529553     
