   107.52977045338210     
   103.31802937904523     
   85.755627060303866     
   119.76016472410548     
   200.19546745486738     
   117.82707088751700     
   119.61405693449987     
   119.05672517936645     
   172.28197156686767     
   150.09052594199017     
   181.13347151307048     
   121.08799923642745     
   160.16052185215844     
   243.11390185875334     
   169.49019806780262     
   165.43990378594765     
   118.26957602906138     
   147.34997677419122     
   182.35648672018110     
   151.46784067419642     
   100.13386580783499     
   130.64326278593038     
   281.90836707375234     
   209.40048125493166     
   148.70771150408547     
   164.48038803943601     
   158.74216893528384     
   193.56487922538608     
   240.93118525463447     
   217.66540294902563     
   141.61708547914728     
   147.54067096240229     
   226.53268525170498     
   195.58120271712980     
   191.94310498681909     
   205.99333342766090     
   217.45115920432360     
   171.18227383612074     
   168.34808245710968     
   176.21287492798194     
   149.58154888046289     
   111.28028729019903     
   134.25830223333705     
   152.71778695122362     
   102.94095095878792     
   151.03930754150062     
   165.46907064747074     
   146.18233904052096     
   162.97272087590892     
   150.87302855008713     
   166.23290118089434     
   142.33358261249967     
   143.87520630863798     
   177.93876467223987     
   146.24652009260294     
   126.54083795440242     
   236.15444463859689     
   149.35632055083062     
   208.51772867246623     
   163.22388604486693     
   165.55307537504376     
   113.38030592900101     
   239.77564776667788     
   193.77363223699192     
   125.85446658519086     
   181.05102315156071     
   191.61622667539638     
   214.60388214239185     
   123.48253921829792     
   132.17035362577391     
   175.61429129508016     
   158.33707791761464     
   171.12538093510506     
   158.66266455115820     
   208.15752980977146     
   156.88823198162953     
   167.74655139647459     
   164.24822880135520     
   173.73093980652979     
   253.53709527811986     
   187.30644629904748     
   117.76908390284152     
   104.26645514062042     
   156.38503498206856     
   139.75937139577962     
   137.49851850804998     
   158.92091717094561     
   201.58161321407283     
   141.39080858706063     
   175.74088734583876     
   234.12444223179369     
   157.96238310878618     
   168.41474329014929     
   204.68441939313539     
   236.41338608427264     
   223.15686325025359     
   201.05821066704596     
   136.07085018577655     
   160.00389164131772     
   110.84303558124363     
   280.65591792536560     
