   118476.43999694427     
   49087.163114065886     
   30172.499535679523     
   63076.516156439044     
   319728.71869415825     
   67068.943476428365     
   159799.54070367431     
   20127.124743259828     
   40039.228552943823     
   95505.289781605490     
   84653.673369758588     
   18861.665413841583     
   169058.10116839822     
   551883.17405831383     
   264158.61554219364     
   63739.991403211810     
   74351.877712329573     
   83887.360115855961     
   427129.17820647603     
   295207.30194364639     
   43977.022828894551     
   124479.97530008008     
   661343.82272788126     
   456977.97355461348     
   20012.709168275935     
   106512.99792509145     
   38138.199742080462     
   255818.27195744577     
   347539.61293045746     
   247111.75495528296     
   128740.50622276666     
   132548.53620536605     
   197288.95914588857     
   142319.75611093151     
   125692.73200423089     
   176925.69315757387     
   454581.02115226077     
   351550.79357851442     
   107886.10957080366     
   189252.89088545993     
   120880.15968183080     
   48725.824489879771     
   165664.22753477297     
   138196.72290252760     
   52089.148135509866     
   191182.78587612367     
   245222.74566752117     
   56723.951539895839     
   164501.14963501308     
   150461.76564198564     
   61612.815798757147     
   61563.386189378347     
   19264.238438915156     
   194357.55809677954     
   112871.79875009102     
   15174.360671332097     
   383162.72565279156     
   307169.21432876185     
   116540.08475791570     
   64607.677707874078     
   116278.41903003975     
   65742.354636678239     
   645331.13146057713     
   235606.42220970831     
   23199.250587597722     
   148193.68729949539     
   166758.95603760323     
   215143.28465603973     
   20017.904092903271     
   186752.67785447079     
   253598.94622716703     
   106673.75541688153     
   104106.84044167295     
   179410.02066983728     
   130892.70678827159     
   220614.14355037612     
   162804.43988745971     
   88340.193176472851     
   86671.921750526555     
   417622.40417291917     
   185158.78419166961     
   79207.279758172022     
   42382.861869659442     
   124369.84123529767     
   31222.999554939670     
   16561.376582165729     
   100947.51637347174     
   116904.51901611601     
   118185.80758910335     
   138801.32063961835     
   385203.06045041833     
   87240.347754075046     
   254131.72504999698     
   460591.86494694540     
   389159.67588592728     
   341099.04805342940     
   209897.70067293412     
   37742.432752881599     
   194456.54632868260     
   72570.485980687750     
   712683.87028609088     
