  0.24590546622164863       0.28594726529783565      -0.92615585251675536     
  0.21368552573355484        4.0921125523902625E-002 -0.97604505919442597     
 -0.22616940925111995       0.74605191271814986      -0.62630179773702377     
   4.8840913817333464E-002  0.97735956455309336      -0.20587094674601220     
  -3.8997830365105957E-002  0.93193843493700745       0.36051341544245802     
 -0.17712994937744411       0.97898244434943749       0.10108587779293403     
 -0.12926169794800343       0.97833985964757109       0.16168652531483638     
   5.4963887540389195E-002  0.91111392975811722       0.40847322809108161     
  0.52901997951005952       0.83271354727983404       0.16348091465318365     
  0.76457047859700589       0.51362271465509857      -0.38938886764813629     
  0.58460788387189300       0.79666494345131433      -0.15348807768212641     
  0.81534147699264059       0.32532546608295809      -0.47893800957262062     
  0.48319730834613134       0.81786842745987787      -0.31242854634515654     
  0.38681522869677631       0.91055101740661359       0.14584520406254764     
  0.48869292158532535       0.85394849719735677      -0.17874896510687766     
  0.51824180157833899       0.85522571248000945       -3.7968157612321765E-003
  0.70820310223333183       0.70519647024212662       -3.3857116610321501E-002
  0.24747947559427214       0.86041488386036447       0.44546620162604339     
  0.40412438552820718       0.66700317949687793       0.62593149749993759     
   3.0738900407266345E-002  0.66188459081738538       0.74897523886992934     
 -0.29605311149165831       0.92104546800593723       0.25303715348121414     
 -0.93639925070508812       0.26681949470877686      -0.22795569859584164     
 -0.97975722004027199       -1.9320282810669550E-002 -0.19925490320458331     
 -0.92155247856683287      -0.38823111468575472        4.1989090494894896E-003
 -0.92579575317457763        4.0530593094543474E-002 -0.37584504044529798     
 -0.74775708530288310       0.19973229455180436      -0.63321903942668323     
 -0.53191527072470068       0.22498464776619978      -0.81636269699162178     
 -0.62659492368684500       0.23870739340413258      -0.74188784997740387     
 -0.31200104536537893      -0.12490289618277120      -0.94183576817621706     
  -8.8443196014697523E-003  -8.6804776563263353E-002 -0.99618608140077258     
  0.31509125571547270       0.81695775911642909      -0.48300882020017016     
  0.30240900907682283       0.82002580363520927      -0.48590788489347997     
  0.90896924605502638       0.41664050334715952        1.3623534667796131E-002
  0.86826524556633267       0.41049640824614991      -0.27858241537956990     
  0.93862900677423855       0.33718946678686684       -7.2655702667009298E-002
  0.63376192848503343       0.61094347246420644       0.47444060898741441     
  0.82831760453856784       0.50339388479541713       0.24593605421350831     
  0.39383725853264784       0.19034885690482656       0.89925498412106386     
  0.91029476905004314       0.41312925389302368        2.6223138979995134E-002
  0.85220207146444327       0.46674250357214137      -0.23643828951963380     
  0.97992375824200384       0.18931280534088557        6.2530710589798130E-002
  0.98004177077018895       -5.5185794915799391E-002 -0.19097815473286156     
  0.74037003257094747      -0.49138143276003587      -0.45868998507669012     
  0.33525993937804649      -0.16954458574231762      -0.92674452061705903     
  0.79096917906838127      -0.24454639068613415      -0.56086078537041928     
  0.24991564680770706      -0.77610954108835206      -0.57896126788614177     
  0.10540138620806860      -0.46792234110658376      -0.87746181140765056     
 -0.32592217606000901      -0.59396032069617732      -0.73551741827834405     
   7.0173387188523367E-004 -0.49666810998028710      -0.86794026067363506     
  0.73785120757931277      -0.46684051230248852      -0.48747874984138040     
  0.56548810578270725      -0.64065988374540828      -0.51940169000267922     
  0.53092404449470598      -0.72870847035751141      -0.43255476440168972     
 -0.11739623953248715      -0.82611678381615128      -0.55113445042103160     
 -0.64439166785306035      -0.69656184928991738      -0.31553283270584231     
 -0.38372092447672956      -0.91128944661458144       0.14936464309736541     
 -0.26603477040266760      -0.77808613795781834      -0.56904082705435921     
  0.26432414429022433      -0.55943609664566074      -0.78559786183207281     
 -0.44986129838504468      -0.30591245001669232      -0.83907233605936693     
  0.47053179019963592      -0.58541742768655958      -0.66021683542028242     
  0.74482689280018388      -0.58850209150107291      -0.31448082304094555     
  0.75087419244458942      -0.61852920510592491       0.23153740421743468     
  0.50786068801623541      -0.42990570024467673       0.74649756226314778     
  0.31469096080501335      -0.55085442255506256       0.77300000280672787     
  0.24680765265333013      -0.69721726593690458       0.67303348109233285     
  0.15582888067431588      -0.94552426972772696       0.28583424445590894     
  0.70148880492875765      -0.39154559148937051       0.59548762064788152     
  0.55305548434796947        7.1450477326688466E-002  0.83007497283224330     
  0.60497025241991487       0.14713715069646818       0.78253540020370160     
  0.53246734180009447       0.42570158927341661       0.73161238836318054     
  0.87580012459888112       0.40634461990898824       0.26049604915171631     
  0.56963575480232365       0.76689444003920526       0.29561465573913592     
  0.71306567145771205       0.51257298814050367       0.47833699419682796     
  0.86221919023079374       0.31783210582532423       0.39441199335776933     
  0.64191599470633276       0.72614431146510294       0.24628904698971543     
  0.17211957854289564       0.92560997847251103       0.33707716985040909     
  0.37016889196562119       0.60521783090755121       0.70475979494618235     
  0.74036346938788777       0.50587153861153578       0.44266908590813292     
  0.80459964970838072       0.53616879698087194      -0.25523014091856544     
  0.98378100623918574       0.14774043643963625      -0.10172362166013676     
  0.79806799305549925       0.48934064659107418       0.35161514480214023     
  0.38084836251927712       0.92015233959994458        9.0962611523357051E-002
  0.56389871468031749       0.73569192345494872       0.37520079070421575     
  0.78550763050166006       0.60585947397627082      -0.12614301493480323     
  0.70108907885107474       0.53807807467696711       0.46791675442079872     
  0.50235790406651037       0.58748981733548211       0.63442276972775069     
  0.43796126100955346      -0.17150241188588503       0.88248334634273939     
  0.59790162585721340      -0.40220994833422996       0.69335474560884747     
  0.62491956315287134      -0.31239319472300059       0.71546211044299546     
 -0.11515039908929141      -0.64979886378418272       0.75133336290516428     
 -0.86923403284567646       0.14587969353255648       0.47238894055395525     
 -0.99473563049523317       -7.2696269391139656E-002   7.2223803831280964E-002
 -0.78632980866601399       0.60939161724204405       0.10162326917793321     
 -0.85347373716735642       0.46261431204261505       0.23993869687688019     
 -0.57420854746740069       0.76039768907802596       0.30344669788975015     
 -0.29814972453280075       0.94220901750824393      -0.15280349828183967     
  0.23952844790067915       0.96946609198207034       -5.2551109820293970E-002
  -9.4383031003144949E-002  0.94175261533623722      -0.32279072936818132     
 -0.15455571376944602       0.88551332728944143      -0.43815371564556960     
  0.32800778037669048       0.93613927407195441       0.12670499418881653     
  0.87586000347131721       0.46089571272425539      -0.14298390228156377     
  0.75622484684610580       0.63857452286830330       0.14264136761869975     
  0.60567076803222675       0.63149174402249941      -0.48412921620438137     
  0.22450331417482927       0.77694554948773165      -0.58817843810847459     
 -0.30287287902114757       0.27718866211400817      -0.91183028286457979     
 -0.33413941479252840      -0.48527726246003633      -0.80799556311990484     
  -4.5494003707077263E-002 -0.56343843365693602      -0.82490449574780533     
 -0.16956586674443946      -0.80174658612975014      -0.57310542526177366     
   1.5845390502725477E-002   7.9732301105346487E-002 -0.99669036503833586     
  0.14157454290387295      -0.13140480085498818      -0.98116737976444324     
   5.7657286727834656E-002 -0.68306570572532788      -0.72807752262322523     
 -0.46391300256322882      -0.78434614975494799      -0.41180801767010022     
  -3.0526298366001212E-002 -0.94239362489535194       0.33311019327647989     
 -0.12333431385948562      -0.83316238063274128       0.53910026388716137     
   9.1968295960790925E-002 -0.94377719281126826       0.31753179819877059     
  0.11361327614289170      -0.89479781643691991       0.43177412055819570     
 -0.40528977995394522      -0.91409550065235678        1.3023438562762481E-002
 -0.31635316464268626      -0.86605616196385382       0.38712711032039498     
  -2.9241800023897643E-002 -0.91295937934415305       0.40700133758860207     
  0.55752344383947250      -0.58919952302411638      -0.58481751994750275     
  0.59273976382103255       0.40223478439448923      -0.69775837552016506     
 -0.16529002142860696       0.54569525672253705      -0.82152047789853744     
  0.25269335487446265       0.27193346147623720      -0.92854631598636728     
  0.19914809069137676       -5.5180411486891498E-002 -0.97841461567279353     
  0.19239098222340129      -0.10388125381104804      -0.97580448608610171     
 -0.45220912644065092        9.5112344116392994E-002 -0.88682610920093341     
 -0.76868557263796689       0.47570284977404548      -0.42758541735552208     
 -0.83607645233305694       0.23734561726273426      -0.49461421716361853     
 -0.71732252535200958       0.67921817008516583      -0.15527740353583949     
 -0.77407494562604606       0.23883963451706605       0.58631357441032639     
 -0.97533223311396489       -9.2563084842522292E-002  0.20039738115406658     
 -0.94349994374789159       0.31002023846707033       0.11702695368432373     
 -0.90741723124380880       0.30756060352685338       0.28635719582379099     
 -0.98454397339203770       0.14711003941838352        9.5035786732268979E-002
 -0.79027671214053985       0.54824866339452438       0.27365328672341838     
 -0.98364224702110992      -0.16386939100000172        7.4798078642723337E-002
 -0.86661335216606661      -0.41637493790977470      -0.27497856085191108     
 -0.54111943483046765      -0.83710217785030372       -8.0310031048863417E-002
 -0.40361562461356137      -0.91469909280566719       -2.0493832934198389E-002
 -0.17115636317392252      -0.90264755996655344       0.39488337750729563     
  0.12654515038667719      -0.71818681451322741       0.68424704922491852     
  0.75774284782255841      -0.48943614112431588       0.43159939797821456     
  0.76023880788229869      -0.41853813475310669       0.49685288038524222     
  0.81856768324027107      -0.25877938752325180       0.51281592852389291     
   2.8689179662961251E-003 -0.13643322876731476       0.99064511476001249     
  0.60849660228041302        9.8947863223845411E-002  0.78736345189289481     
  0.56327098327285774       -6.6779846142966642E-002  0.82356921479133460     
  0.85122564764324027       0.48706312818260844       0.19540830575828652     
  0.83394674506617006       0.55159422791218538       -1.6632321773579262E-002
  0.94776221959549400       -1.1833145456364751E-002  0.31875813993695612     
  0.94631600979603325      -0.15164220809775095       0.28546567276467794     
  0.43753545486233109      -0.79056405258127649       0.42845210292950692     
  0.60481103465016273      -0.38929144696818807      -0.69473432453193884     
  0.32912325032029782        6.2457791251799830E-002 -0.94221914139469709     
  0.42157014885848165       -7.3863207211441587E-002 -0.90378251599149395     
 -0.19661586506580755      -0.53445800982789560      -0.82200780856098565     
   4.5253712918407241E-002 -0.15470384591202996      -0.98692391881399144     
 -0.71557087606219816       0.14465894398960569      -0.68339747676987184     
 -0.98511500827280840        4.7530664885817094E-002  0.16519460151957074     
 -0.89942246965644346       0.26590308355552039       0.34689302563297114     
 -0.80738556952779750      -0.30837884589711040       0.50302189765605654     
 -0.72078004569920739       -7.9727911736807655E-002  0.68856342177899399     
 -0.84339117151326282       0.52440483417974315       0.11700812665127197     
 -0.51900805930292715       0.70474618671066414      -0.48369768109370925     
 -0.51489884737832781       0.78069343906851296      -0.35411429110372644     
 -0.51478534645417362       0.84945018153068708       0.11588975870870853     
   3.7407909109645684E-002  0.91037199886175357       0.41209643534553275     
  -1.3929480221504031E-002  0.82526854668336558       0.56456868088474543     
   3.6672236333646246E-002  0.66250165482484857       0.74816221799598515     
  0.59561917428142985       0.72863831141491553       0.33811833781501138     
   6.1332246443775745E-002  0.70149942460985715       0.71002599446658943     
  0.62146850592105929       0.23144929454999957       0.74847052059558672     
  0.95115091813118102       0.30695637639875845        3.3010815294419016E-002
  0.97419756979790728       0.18977217525173862       0.12217044036963715     
  0.91077243522200835      -0.14394314876392350       0.38700638387990238     
  0.91875939555067454       0.31122197927070228       0.24294454656616138     
  0.51844337995383083       0.47572119744340374      -0.71056724107231850     
 -0.14420307764409435      -0.21638701184513900      -0.96559936490388443     
  0.18816560421724732        6.7807921476689931E-002 -0.97979374930371965     
   1.8126535398279242E-002  0.60744999650372489      -0.79415107533903972     
 -0.33065054076304434       0.61284769597671884      -0.71769625986846175     
  -2.6800852866283698E-002  0.41167892960778379      -0.91093477988420035     
  0.23661259301219911       0.51000814066786049      -0.82698620138466006     
  0.53155195413243361       0.47382382385546473      -0.70209935479605234     
 -0.10941411482988429       0.82461302666868164      -0.55501523197509484     
 -0.11719997213170009       0.73000679917011380      -0.67331585433419006     
 -0.15214313430285475       0.48867267499191419      -0.85909922791306093     
   6.0294853872412346E-002  0.66722850885817020      -0.74240867961215062     
   2.9408726402575254E-002  -1.9738055853721959E-002 -0.99937257114779998     
  -6.4424138012488211E-002 -0.21330227450432873      -0.97485982076023603     
 -0.36878656383715153       0.79711920421704940      -0.47811865117521873     
 -0.20045138830733816       0.95794820163748595      -0.20531557151177091     
 -0.33572003571467035       0.89933930828332576      -0.28014436670445925     
   6.1483260020466259E-003  0.99559453038502388       -9.3561365716990100E-002
 -0.52651387083318368       0.84675155728740903        7.6124529894217835E-002
 -0.79270772422518698      -0.41753905909456185       0.44415717722913289     
 -0.48289107060849723      -0.76034866773448928       0.43438015309293321     
  -2.1984532904177023E-002 -0.92980601323795886       0.36739278444132567     
 -0.26731801661153987      -0.95991566177350274        8.4279299219172196E-002
  0.12075487255936991      -0.98869050277900561       -8.8934529108887578E-002
  0.18151846580821795      -0.97938732482725710       -8.8608772355819751E-002
