  -1.0038788547994032E-002  0.53490775937540269      -0.84485082214820983     
  0.40918350707676454       0.54539238217517594      -0.73151623837182300     
  0.17967160735485557       0.78980355463277119      -0.58645414023604525     
  0.22178110917522209       0.94869752407269081       0.22535782087910478     
   5.9200373659466170E-002  0.98919618995363967       0.13411268970456061     
  -3.0145122233501249E-002  0.99290581832917579      -0.11501872688226761     
  0.16491867286451717       0.98519492732455938        4.6827198448956608E-002
  0.22476204460711185       0.67476993080380865       0.70297052839150820     
  0.48396969780425558       0.78705246582112587       0.38252025783241078     
  0.68105187223279984       0.61477282100146391      -0.39777220351115999     
  0.66661279852441024       0.29867489844956596      -0.68294998490343983     
  0.78657200874343158      -0.17864339374950056      -0.59109306621800317     
  0.88742155674588852       0.45352162207731095       -8.2468896749326087E-002
  0.48905653888731154       0.79240633071974798       0.36457634153471158     
  0.52476280385534624       0.84941231748298174        5.5881254442500174E-002
  0.56556740597739297       0.73491851541917619       0.37420353417639507     
  0.64868258206802709       0.55104981568008049       0.52493333706342238     
  0.20124032722758362       0.94191923118633858       0.26886891344792357     
   8.9797337860751544E-002  0.52840932252701622       0.84422747288848077     
 -0.10190844031820592       0.80212677028146917       0.58839384275308815     
 -0.28814349100668507       0.78875218058954177       0.54299477548661934     
 -0.61869966243788199       0.63729552510899101      -0.45941826408548497     
 -0.65618804501870309       0.47434400610843430      -0.58686882132511231     
 -0.67339517662353399       0.61804806187913075      -0.40565444568946646     
 -0.17232439146522383       0.97447314437441068      -0.14389716814166226     
   6.8718734627655320E-002  0.43425902826834961      -0.89816303190380986     
  0.13567729265916850       0.69727200281639434      -0.70384900820071905     
  0.33105336516188999       0.68521927917651271      -0.64875126886952539     
  0.38020393269527791       -6.8899631196026642E-002 -0.92233280890582581     
  0.55087849024066160       0.12552179675712516      -0.82509221759089968     
  0.50108589221133337       0.80038765932736700      -0.32907829375891318     
  0.63098260365153513       0.69924157037590540      -0.33603895629437913     
  0.93788066929357117       0.14720353776638695       0.31418301773737467     
  0.99057509415718181       -2.7085756463934449E-002  0.13426594740413980     
  0.65165294683239905        2.6922121657530933E-002  0.75803933687517144     
  0.30585481497150718      -0.12597569716719015       0.94370702862807088     
  -3.9587303591886239E-002  0.10350383209917526       0.99384093402070506     
  0.10897191695299815      -0.81999436139151349       0.56190245470345779     
  0.10723342916021121       -3.5585636800030525E-002  0.99359682674821392     
 -0.24875207456892703       -3.9134519776932081E-002  0.96777626275887119     
  0.18088420587281434      -0.25704494212020379       0.94932017875752062     
   6.9128971762623254E-003  0.28245928940364284       0.95925437798440050     
  0.43180782038859800       0.33608609860461691       0.83701143395776778     
  0.21691697786523884       0.43241471353440969       0.87519400148356319     
  0.27410702813280868       0.25387304357681556       0.92758493674341869     
  0.56372092898864889       0.38122954758412853       0.73272283045431763     
  0.20770430949737648       0.41651970620665701       0.88508206069142725     
  0.11433027509086804       0.68433893084524500       0.72014499646062202     
  0.14185338487584315       0.58557886954636473       0.79810713863497262     
  0.26884096875175889      -0.41512879945790343       0.86913325409931808     
  0.66604527030570404      -0.67742089845070574       0.31222527803762612     
  0.71699503133673170      -0.66855835059028246       0.19735211398523878     
  0.67873568703226361      -0.58750960581668488      -0.44062493145754222     
  0.47664995922603404      -0.20612316745320422      -0.85458648258024983     
  -5.5309446858037251E-002  0.18305760221165843      -0.98154509797602407     
 -0.14651426246902075       -3.7314903902327154E-002 -0.98850451128962469     
  0.27558492246299837      -0.45586381907056939      -0.84631030300562815     
  0.74361125187813581       0.15693241120332785      -0.64993424620815521     
   3.0615703787929702E-002 -0.86273840193647255      -0.50472282344438069     
  -2.1268065757140762E-002 -0.90933348196296049       0.41552411236906145     
   5.7978352651740200E-002 -0.77570667352068945       0.62842475068960224     
 -0.30473532496446754      -0.90679276475759085       0.29131299919862164     
   8.3379674563856560E-002 -0.92945902334454744       0.35937967915990954     
 -0.45789469136139033      -0.86751519331970683       0.19429318305738397     
 -0.27794432833924293      -0.95685748681513350        8.4679987422745101E-002
 -0.44507742486765328      -0.67722853129965010       0.58589043537756424     
 -0.86412283517687749      -0.48850844619834255       0.12104223939925475     
 -0.91237043794377404      -0.38355935239335426       0.14304687049334264     
 -0.68970905737993460      -0.69534538304518745       0.20198072790708238     
 -0.96646361241471190      -0.25258514101010526       -4.6355500420797377E-002
 -0.83880117830719136        1.0806307070660609E-002 -0.54433060450244053     
 -0.91299797662263071      -0.30034660791743822      -0.27609166918879235     
 -0.99402217965130624        8.8294747048033292E-002   6.4217941457537828E-002
 -0.80584381944356354       0.38868751108316407      -0.44669649359787444     
 -0.81574409268989378       0.41109034344139683      -0.40689839612709877     
 -0.95262664328409141      -0.10496479751672456      -0.28545554783125343     
 -0.96053740436219603       -5.5796133537200296E-002  0.27249713081691201     
 -0.55693535764338320       0.66478401970938761       0.49788072321163412     
 -0.44988404166321661       0.27771956614819060       0.84880868965582679     
 -0.71611386776567709       0.39686391213323957       0.57417764118782111     
 -0.15570150781681030       0.82580649777589776       0.54203382615358331     
 -0.37797925795636200        9.1678308851052631E-002  0.92126368008349879     
   8.7736398673322322E-002  -4.9351692132139427E-002  0.99492046658590083     
   8.2939585775529678E-003 -0.25645196959434513       0.96652139011110738     
  0.43871678576553175        1.8704866319197013E-002  0.89843069285479393     
 -0.54775847394952559       0.59163701779448019       0.59154568157647303     
 -0.85656456033032058       0.11667353058120872       0.50267727345472013     
 -0.69235526573270767        1.0725315590051267E-002  0.72147706381952581     
 -0.92088521347947172       0.38965062190525368       -1.1950583405578766E-002
 -0.61811847323313907       0.77776755922301011      -0.11404901081645612     
 -0.39497519997080699       0.69281056535819263      -0.60333084782404400     
  0.50951970686298942       0.71483878343283125      -0.47895217090909559     
  0.14535688982914502       0.98844059919845384       -4.3087775939960292E-002
  0.71182157418822745       0.70234980288302307       -3.8471951328511098E-003
  0.73671861500234437       0.41319170984115178      -0.53527403563742615     
  0.92863425734021576      -0.10195015188151818      -0.35671358626433364     
  0.71546169556750849      -0.16169135637465332      -0.67968409386229789     
  0.58956222640758371       -6.1169228890339988E-002 -0.80540344339362635     
  0.77222656803369638      -0.35433509721755907      -0.52736397914791089     
  0.23540088472169907      -0.88017823835754416      -0.41215615025629543     
  0.64065899785290092      -0.62849683711600723      -0.44107570121841566     
  0.83493307571285091      -0.54465644318390583       -7.8969095087434965E-002
  0.62052743133723554      -0.74101639986798906       0.25659384654487583     
  0.59762286256441643      -0.75386868043108968      -0.27299986594394055     
  0.25536170632914296      -0.64000476199135803      -0.72469600769502207     
 -0.28335478752434051      -0.57816662583379863      -0.76513620823943385     
 -0.13521908861285442      -0.28956377360512076      -0.94755929581755183     
 -0.77581561659674692      -0.57337305677725026      -0.26335046384334854     
 -0.75552591412814740      -0.29529368213176771      -0.58479247120144529     
 -0.54962961862161119      -0.36586098064606992      -0.75103463646797863     
  -6.2905397682960204E-002 -0.43429501276376326      -0.89857150679892406     
  0.22573877704797546      -0.11794996056404407      -0.96702110180690959     
  0.59750253900160488       -2.7977103522525644E-002 -0.80137881027959668     
  0.59871106033755095       0.16995292160532929      -0.78272668963520975     
  0.25986472905381214       0.39465685242550197      -0.88131509202293201     
  0.49979400537038110       0.57342713187583005      -0.64914349463311272     
   6.0553577210959997E-003  0.63801381932206547      -0.77000110324399151     
   6.6379747477969264E-003   7.4374537406134839E-002 -0.99720828590464350     
  0.34023219706278540       0.25274518799539386      -0.90573832977688529     
  0.67171039780175301      -0.62109047169354326      -0.40379669074490160     
  0.97278769919611763      -0.22877957159256979        3.6660604395314184E-002
  0.92659187968597023      -0.32508798273528861      -0.18906425357833773     
  0.34423813727159303      -0.15915682307983614      -0.92529412108525788     
   7.1763941958945671E-003 -0.81257272275796866      -0.58281563945732173     
  0.19039929490383109      -0.35039855270036796      -0.91704359916287770     
  0.46118174773772358       0.12476463130854265      -0.87849028584727373     
  0.41338368136475845       0.90944893081178602       -4.4906282708062462E-002
   2.1036189845137290E-002  0.86735621760573312       0.49724306983358663     
 -0.18513995829561250       0.54394074886109145       0.81844465761024709     
 -0.99989785180579316        1.4146596282438251E-002   2.0395508885152625E-003
 -0.82117488660772320       0.45625569011529871       0.34278645078574999     
 -0.78088082415027382       0.59083550569603371       0.20282638803505465     
 -0.97259067285087897       0.18700094526049382      -0.13819562060802681     
 -0.88965017747247011       0.33593339262181476      -0.30930780372449712     
 -0.70765295855645882      -0.69044330525494912       0.15005109954614498     
 -0.45899621214459457      -0.87598630366793062      -0.14822440090343111     
 -0.39253414963837785      -0.84887536825836185       0.35401631393474675     
 -0.50268391895673881      -0.23585888093273766       0.83167269157253076     
 -0.60293901326672339      -0.13088889687047245       0.78697690115850594     
 -0.51979626049732008        7.9092531798572452E-003  0.85425364575586926     
  0.47549155480020544       0.41911335215971057       0.77346737446073965     
  0.28554986903165258       0.70032770057536353       0.65421891145307554     
  0.12470363943676699       0.84383107694586434       0.52191772904518574     
  0.63073647534213562       0.77230679089081200       -7.5589148804327710E-002
  0.93190807499081318       0.19211054944302328       0.30763757338739250     
  0.35230656064225435       0.93525669416074542       -3.4278321954336333E-002
  0.68751475618278257       0.33915097165259944      -0.64210597136144665     
  0.43940281340015275       0.71738931492506752      -0.54062717135512650     
  0.89259272814364965       0.38385912707212250      -0.23649607233215769     
  0.49707159305030735       0.83347013844686457      -0.24134489781188367     
  0.90522644074029723       0.41144733062121830      -0.10618938322335858     
  0.77752356394516831      -0.24247886054223203       0.58022505090712606     
  0.67985204761291329      -0.67560839744482770       0.28522707911165823     
  0.85592766324528036      -0.44262780972526594       0.26733585122337233     
  -4.5886213414622734E-002 -0.24087109307137514       0.96947180048780823     
  0.50255050313626903      -0.55863244394690070       0.65982784449235710     
 -0.22567298266399324      -0.79330019645895367       0.56546131891912521     
 -0.86633586739222501      -0.47913733324358587      -0.14103042495155671     
  0.11441604995914399      -0.81294733160587851      -0.57098651783265031     
 -0.23258253476317498      -0.81749325300106390      -0.52688722305720170     
  0.49196013428324104      -0.52225039918808780      -0.69658434293626881     
  0.48110579470185649      -0.87546282820376120        4.5848126873415246E-002
  0.18876491796675177      -0.96162342398793010      -0.19911854806315119     
   5.2479693268717709E-002 -0.97273690532017953      -0.22589553962526049     
  0.22322296044799783      -0.90102591106721697       0.37191910076566759     
  0.19976549039002206      -0.95665873452138117       0.21189104396640318     
  0.16318395402549946      -0.98412023316848507       -6.9845284859208379E-002
  0.19097994816104585      -0.85775953377126557       0.47725804511285586     
  0.35877310165887466      -0.45423420727746167       0.81544659326355484     
  0.51066460329252872      -0.82567477387507493       0.23975577309106119     
  0.34987866990363364      -0.88019328346172754       0.32069409114512193     
   3.4364309439376767E-002 -0.97351080271436852       0.22604382591706679     
   9.0431115276123158E-002 -0.94603428987645066       0.31119340572690374     
  0.39748612033400865      -0.89267722220623791      -0.21244331266498351     
 -0.50361982161919705      -0.80647628727918375      -0.30977907180550956     
 -0.58363565191044131      -0.11203060436152337       0.80425031520387347     
  0.50972959690459718      -0.78144707890967768       0.35988359354531385     
  0.20020452609134923      -0.92340290476952414       0.32748316475173089     
 -0.10300681059279809      -0.97045794439103750       0.21817647705445117     
 -0.22073910825523568      -0.48193220701485207       0.84794787217642054     
 -0.11992423561589854      -0.87459130873269342       0.46979593484961429     
 -0.53061781775643557      -0.56446344000130755       0.63231776535327588     
 -0.43231820871973781      -0.83805170630541448       0.33282173001172222     
 -0.67973876045984594      -0.48100484370550589       0.55370529874691310     
 -0.58327450100661693      -0.45093102979653843       0.67561236137459524     
 -0.37405706853075449      -0.24121612754104976       0.89548650983492917     
 -0.17243082694788114      -0.22912342578585199       0.95800316579553757     
   5.6946606060958332E-002 -0.87108139141327245       0.48782608949473316     
 -0.21253444495481355      -0.86458804648372567       0.45532034831012935     
  0.28719334640840527      -0.51776772072371724       0.80587627409879303     
  0.37858646589567313      -0.19924126668173153       0.90386680738464731     
   9.7550213819913523E-002   1.9088009204758255E-002  0.99504753840624083     
  0.38087178104507075       0.17238156786593592       0.90841690949897691     
  0.21712454932051831       0.65389049556234602       0.72476489284153511     
  -6.9017555787916518E-002 -0.71675160409234639       0.69390468727636312     
 -0.10185000754696005      -0.80250979845048354       0.58788145008472781     
 -0.11385226352811403      -0.81370197104482800       0.57002347706679368     
 -0.11717312710574299      -0.64716951657090782       0.75328751158219864     
 -0.40725678201167709      -0.44626720781923473       0.79686102472813181     
  0.10841217324232330      -0.96866021777015732       0.22348195274432195     
