 -0.68793533245631200       0.65759366850836198      -0.30710836116261192     
 -0.47498741595931160       0.71779935168425535      -0.50906880222813622     
 -0.34983294652824892       0.68863012933438794      -0.63514207426080471     
 -0.81304184118516509       0.48488701240197246      -0.32225385907100640     
 -0.78536917202048839       0.16688275846233674      -0.59610855434884613     
 -0.92284619285655989       0.36825391106620481      -0.11288915499119641     
 -0.96117410935989478       0.23957410157391398      -0.13692545910562226     
 -0.82813002502659017      -0.55739771360751922       -5.9232174656718331E-002
 -0.56192757493780332      -0.69543816664906188      -0.44788743774785822     
 -0.92991832885987902      -0.36739528037143343        1.6510893715207760E-002
 -0.95349556832295346      -0.29734761738740495        4.9301071210812494E-002
 -0.91779776602435093       0.18571297092220548       0.35093867428936903     
 -0.83122484156145693      -0.53646843191415761       0.14583169864841056     
 -0.65481082966416126       0.46182734105780687       0.59827943672336636     
 -0.52504465004989909        1.7251800276414320E-002  0.85089981245808866     
 -0.44511950935018257      -0.75871426043078183       0.47562726311141046     
   6.4918767264026137E-002 -0.81424159521216377       0.57688489171003376     
 -0.20243954977222864      -0.47704735632033241       0.85524502250278855     
 -0.10008561728927955       0.17830088587499771       0.97887264917762062     
 -0.39964439539834595      -0.24446762379896880       0.88347039460345778     
 -0.86566008256564386      -0.38459221559440526       0.32050187075374825     
 -0.69210170078302835      -0.70877648448264441      -0.13649590036945164     
 -0.70331948133792133      -0.63687586519038120      -0.31580189915284873     
 -0.35982729127440904      -0.91272954933165751       0.19351767420824165     
 -0.51625807044206828      -0.84598324576991424      -0.13337898102786455     
 -0.37198269691637448      -0.69713462053886754       0.61288840259952204     
 -0.57622215967302137      -0.81282724806954332       -8.5322256753428263E-002
 -0.24419299997652819      -0.93511066129328346      -0.25678362466893218     
 -0.59011588051079678      -0.63446040156947392      -0.49922264212400452     
 -0.42964446623771257      -0.64701480591273497      -0.62990274928836409     
 -0.76311968015482379      -0.62405068643860639       0.16795563258176135     
 -0.57399062655687716      -0.76657630432795476       0.28791583886228495     
 -0.18199461910975093      -0.71432077844950215       0.67573943505646938     
 -0.28257388134826283      -0.53274604506776480       0.79770524195624881     
 -0.27225629085210223      -0.73758236753727002       0.61793912579605970     
  -7.3269931945165831E-002 -0.37431267806136476       0.92440334060154616     
  0.29200648776720978       -1.6645744985559069E-002  0.95627147310570637     
  0.55044171648518347      -0.68915707451762653       0.47124987362883569     
 -0.34715624172807208      -0.67201948125472677       0.65411953085303909     
  0.70873710009688273      -0.70452549316291524        3.6545210764744603E-002
  0.46601387316882908      -0.87711024097921053       0.11622691247551538     
  0.47834334451261190      -0.87183243316458015      -0.10533685605154018     
  0.77826925705547900      -0.59864669847156349      -0.18952333347494923     
  0.52902129160207290      -0.52075088515224222      -0.67004103504551082     
  0.33641717099498430      -0.36937129710822414      -0.86624957831583016     
   7.2241456659680070E-002   3.0056322940643566E-002 -0.99693419511569437     
  0.32311649553923327      -0.36220300673989220      -0.87430241462497316     
  0.31874434056490791      -0.56811495560414471      -0.75871433529146026     
 -0.26001676031289539      -0.21428744190081112      -0.94152651401859622     
 -0.31678885016509889       0.15224084206512237      -0.93619845674855728     
 -0.56127271760218600       -8.2672249316466426E-002 -0.82349149095083507     
   9.5956098724131758E-002 -0.48920218491275874      -0.86687579813617066     
   5.6683621666373619E-002 -0.75395190595560813      -0.65447955700745597     
 -0.12277806739336715      -0.62098045908799493      -0.77415038306391804     
 -0.25394773361118966      -0.36919532455303367      -0.89398286388604919     
 -0.51924639145370055      -0.26604260342734826      -0.81216040172118675     
  0.38653460257780869      -0.82511527809552676      -0.41203856477685952     
  0.68692134070209676      -0.48400562594444235      -0.54210481066135763     
  0.85189449482877899       -8.6225415243032649E-002 -0.51656649857166181     
  0.98264804350294610      -0.18315590044193947        2.9270099643673470E-002
  0.83014271505852311       0.48708794403226668       0.27130869395155344     
  0.62466103045700128       0.31486045635911425       0.71460582844650999     
  0.16244442079374866      -0.46563050777230225       0.86994255004841115     
  0.76171471867356988       0.46938696549042830       0.44661679769547641     
  0.85099460553951733       0.52327680169047608       -4.4604597916172932E-002
  0.81719084949424736       0.51255920374735153      -0.26359472330977568     
  0.43678930059662902       0.62062730995149806      -0.65118111845069626     
 -0.11396558304638786       0.71569182162594236      -0.68905519542246307     
 -0.27532586135381032       0.85904844612101183      -0.43154540582295686     
   9.1342630380196813E-002  0.89286732142930925      -0.44095858104693292     
   3.3662054748462240E-002  0.80871461602661676      -0.58723720581640648     
  -9.1400008294071411E-002  0.89541078794546858       0.43575860211210077     
 -0.26449028212721226       0.73680595925249415       0.62222332732735308     
 -0.50620843668729421       0.29368572253954178       0.81086479452685367     
 -0.46484264219013566       0.69498453866425414       0.54855975884068642     
 -0.25217773086713630       0.50706448091948308       0.82419172784288441     
 -0.51278608354326560       0.12312036986371927       0.84964216411910509     
  0.64824367703692676       -6.3808987457449645E-002  0.75875460347952262     
  -5.9743893708569556E-002 -0.33716718771339427       0.93954720727272878     
 -0.38917420467900543      -0.73866656854274981       0.55037726963398637     
 -0.59929314642396714       -4.7232727459694691E-003  0.80051571836150326     
 -0.80523987553872645      -0.46660975943231403       0.36587439818181400     
 -0.99779926438107669        4.7799453131689991E-002  -4.5954763418609379E-002
 -0.95437199051102395      -0.17955489027192964       0.23860876997181299     
 -0.56532290309812216      -0.53482880445731062       0.62798739251314750     
 -0.23042629159627578      -0.42425087485067259       0.87573678655726228     
   2.5149309285637252E-002 -0.65214386504189970       0.75767796030416312     
  0.70632413924193149      -0.47698217287280648       0.52306234531422280     
  0.36724794980858338      -0.76485968830071460       0.52926231735682605     
  0.23635481349177587      -0.48333967219443452       0.84292298783591391     
   1.1762155365097534E-002 -0.63012365247403046       0.77640571500596778     
  0.28642756810484138      -0.57516166512529121       0.76625603240681939     
 -0.10709610693036387       -1.0643759371292052E-002  0.99419169895289283     
 -0.16349845489745038       0.44844034208277461       0.87873176501069916     
 -0.50615124451376214       0.56406135336202667       0.65241528746692057     
 -0.28398311730251347       0.79824646096116991       0.53118375036339838     
  -8.8292825942585557E-002  0.99437740938905483        5.8463189989823840E-002
  0.26430861805251360       0.86721125622989947       0.42200188564901875     
  0.75702822960532701       0.55922771306252694       0.33789439847897101     
  0.70895036460369776       0.69479176388466379       0.12105282056336286     
  0.71492156406159113       0.16518099365020206       0.67941327377117633     
  0.11036553749822205       0.77968850714820748       0.61636456740609857     
 -0.16340520768550840       0.65590452028435586       0.73694504433626618     
  0.61784004747409038       0.57771129256518461       0.53340729108240614     
  0.82875281030241399       0.32568930547015723       0.45507719753713766     
  0.61609430033225199       0.55101130726912506       0.56286264075677217     
  0.55653330485084807       0.79172149864774810       0.25188836648548413     
  0.68948771945943210       0.61462361819903299      -0.38320293927177373     
  0.30676854824688915       0.86824104759430742       0.38993658597114339     
  0.27857235855741869       0.50607943068515626       0.81626040629517049     
  0.13106880031479032      -0.14445230230743678       0.98079279256228391     
  0.11463215748578344       -3.5184797139002966E-002  0.99278471912114297     
  0.25298178630044776       0.73446728437469877       0.62972853197507428     
  0.25260715502601955       0.94126849709154148       0.22406079891999039     
  0.94815686194768367       0.26323518783488636       0.17806122830937718     
  0.99207975526818926       0.12474291855458219       -1.4729679476582887E-002
  0.95091160988013912       -2.3223236408154126E-002  0.30859000548606608     
  0.88239038457062680        4.4053445114838052E-002  0.46845117482060389     
  0.72668265661113851      -0.31893887005674842       0.60844910530586205     
  0.67648672528400333      -0.10918854903145517       0.72831557121548096     
  0.86841642098212335      -0.45046911992686273       0.20719674650166800     
  0.76946287857501294      -0.29807464476563444       0.56487023699508065     
  0.18766431058045316      -0.45225987856873673       0.87191921000248240     
  0.42757632322713229       -5.2723270137283285E-002  0.90244043825705178     
  0.76253904650762305       0.11288233411591134       0.63701788137835180     
  0.24290299364129359      -0.24420162807997586       0.93880972540934038     
  0.37558441322039987      -0.31432442759063889       0.87185807489849720     
  0.43689774560104866       -2.5866195466670905E-002  0.89913919935726883     
  0.35092325619953951        1.8181156086836125E-002  0.93622770404514433     
 -0.39570770995907290       0.17340459234444655       0.90185711486510556     
 -0.34231609865292600      -0.30769021090293935       0.88777611069323148     
 -0.17575198604742465       0.14778732108634840       0.97327804204477908     
  0.64399240062128460       0.33496099412016839       0.68780442013708842     
 -0.13536836086838172       0.48845462421591562       0.86202522408450577     
  0.30338568087941997       0.52619586966425569       0.79440231330584576     
   9.1373960065551540E-002  0.21841647333487157       0.97156834221682731     
 -0.66932971894501725      -0.13860806929365277       0.72992159199717566     
 -0.53491562627540690       0.62106260843838901       0.57284073630122456     
 -0.96578675304210460        7.2252822973984554E-002  0.24906922174512344     
 -0.46717101863650484        9.1906073012643641E-002  0.87937734397103084     
 -0.54042019332433477       0.39079637076423612       0.74513368682728209     
 -0.58614094001358519       0.73016298238093302       0.35114216152515837     
  -8.6800903938684698E-002  0.60778288262080626       0.78934502637858772     
 -0.12765311984361727       0.75071759094497337       0.64817264647620987     
 -0.25369432729061681       0.67389267643688078       0.69390766600847731     
  0.11323108721610770       0.83916422111293454       0.53196064787897623     
   8.6986006933625432E-002  0.90684072435654750       0.41239948502176377     
 -0.49919356266799009       0.80337108776490962       0.32465471247822170     
 -0.44904243679108297       0.88903107930740810       -8.9356756802359105E-002
  -7.8475564693659614E-002  0.97780155641297850       0.19428253143908669     
   3.7166871008306512E-002  0.69857746294767697      -0.71456850753516998     
  0.65336444723381271       0.66948569211363318      -0.35341732717284702     
   2.2230071186538081E-003  0.48565882693219481      -0.87414561833951465     
 -0.26548722541160019       0.46565883523215873      -0.84420280875717624     
 -0.69359280259761269       0.14862880008811324      -0.70486772090168637     
  -9.6080711901676275E-003  0.49586636638673010      -0.86834568672530343     
 -0.38013384688651530       0.19328164342757442      -0.90451117448332274     
 -0.88200068060780668      -0.44813017420988166      -0.14578801860918986     
 -0.80992711448280907      -0.32183684563908460      -0.49034591261132549     
   9.5726921634341267E-002  -8.6311895140778194E-004 -0.99540725911565064     
  0.20860980668615076      -0.42162956189605560      -0.88244572699387824     
  0.28220053369594789      -0.48571307018722187      -0.82731231843303799     
  0.21669945068913643       -2.8012768545707889E-002 -0.97583637607411233     
  -4.7503863006114685E-002 -0.19832363909999590      -0.97898473796769248     
 -0.14758080817865304        7.6289347251998901E-002 -0.98610336200279036     
 -0.38621019746001334       0.17582222821089516      -0.90549888318253502     
 -0.53159377597531643       0.21977443572107530      -0.81798976445175131     
 -0.61009523855036640       0.31599920743108656      -0.72658674692090663     
 -0.73688233307176843       0.44809079953741093      -0.50618085955186176     
 -0.30888050635329584       0.93735691094377627       0.16110510327394933     
 -0.56688876511251196       0.82336561627020810       -2.6574234386377682E-002
 -0.98142755492915879        8.0601871907198946E-002 -0.17407840954823373     
 -0.85584238849032745       0.47480835192690590      -0.20516051034160751     
 -0.95075440825027457      -0.14672187011720436      -0.27301785293650727     
 -0.97954044129644768       0.19425992540341780        5.2570003300700371E-002
 -0.17242400572018984       0.80363300789759551      -0.56959981642281254     
 -0.38485139409955915       0.51888797294264610      -0.76331165063501638     
 -0.14798589888490915       0.41346560711125296      -0.89841324871542116     
 -0.18651970916845756       0.22507744446233832      -0.95632135921250649     
  0.34374725039093312      -0.34519668477874188      -0.87331384774687237     
   3.7054027399510608E-002  0.24494472257038785      -0.96882871651206104     
  0.84311836452747302       0.52288725211334930      -0.12546053153846010     
  0.56294925194834322       0.82127701788896990       -9.2694118574091211E-002
  0.73963627982937563       0.65339368953689625      -0.16129122739177204     
  0.93508415041820558       0.28291109524709007       0.21349225705575425     
  0.78968572883787025       0.44826675000197785       0.41887154416657846     
  0.21671210074350977       0.80112240526793355       0.55788776395353545     
  0.54520609549143562       0.82303359108901708       0.15926713841258117     
  0.10556145033519763       0.87050548139642236       0.48070467759523172     
  -6.0050744068560848E-002  0.69360279002180292       0.71785031713497882     
  0.73041980913431692       0.33239703407513521       0.59665661327285879     
  0.90545139613030767       -3.9556819292176637E-003 -0.42443152784183369     
  0.63461962752535017       0.61063235797689175      -0.47369404867612297     
  0.86271487804877600       0.31818557732511982      -0.39304068183275226     
  0.15613934257910295       0.73000538252999325      -0.66536655098988751     
  0.31557209638817807       0.90397888847820806      -0.28850722896825043     
  0.41709347975843825       0.90781183094193751        4.3711654565627422E-002
   8.4221970998777582E-002  0.94148741830675942      -0.32635578862829412     
 -0.13047927885162075       0.99006170149847450        5.2468895703564056E-002
 -0.24917983483898914       0.79484267322597302       0.55329425690915979     
