  0.35838165330631933      -0.37955878734785825       0.85293476744737795     
  -2.2926646266143713E-002  0.18141848182869513       0.98313869995132230     
 -0.37578652380155758       0.60759628769593754       0.69972225897655926     
  0.19388400772604730       0.82130557452148978       0.53653158789395650     
 -0.44494910283062800       0.88574717041565454       0.13218262363446509     
 -0.14540177943939120       0.75779561647290827       0.63608499918668282     
  0.36385601954037827       0.82379392743311852       0.43470951469755059     
  0.64182393228201429       0.69302269095543445       0.32830106574741125     
  0.74474081145103632       0.41750772935021979       0.52062310714386106     
   8.8229339174717425E-002  -9.7778907439366625E-002  0.99128949806238631     
  0.40890331621917153       0.27835033091578298       0.86909100286682295     
  0.83314474795721472       0.11081566792044545       0.54183919818955339     
  0.58976702314754414       0.26451123666704723       0.76302599174899666     
  0.74867202953723888      -0.26804467920928954       0.60633509063568591     
  0.31607225528819405      -0.18840114861997342       0.92984048988830270     
 -0.47639177820099876      -0.12551963981362621       0.87022738044926329     
 -0.43517625062991511       0.45146002346627029       0.77897719998698844     
 -0.22821482735142323       0.15709462838940300       0.96085340729383806     
   1.7193351349756969E-002  0.63391019220095446       0.77321553068542381     
 -0.29162425665609815       0.55623590950151158       0.77817536963773692     
 -0.64634838516637405       0.24135299833363072       0.72386635174472236     
  -3.5630562314492631E-002  0.99902462105224044        2.6081977696662151E-002
 -0.68170078033510317       0.54147721949094230       0.49202283164788513     
 -0.71681844252763705       0.60688743684502355       0.34330592691058170     
 -0.98314379299473675        8.6034814498477663E-002 -0.16132666546518171     
 -0.87170969050381286      -0.24561678602813736      -0.42402194507242513     
 -0.89911163372227654       0.23873907311375889      -0.36688135013117973     
 -0.64493858742889976       0.42920140869523959      -0.63232932022740895     
 -0.85202717941715733       0.10813525559512871      -0.51220743066830277     
 -0.79810497819726223       0.10373174907874325      -0.59352183448449125     
 -0.77543938964051295       0.34829642246521608      -0.52667196155855545     
 -0.43830395668751593       0.54112260019114411      -0.71768793574538148     
 -0.18963874992141100       0.52706605407768436      -0.82839514675502990     
 -0.45872466979215276       0.69008318442342409      -0.55978288282165001     
 -0.19781133282517971       0.33503382787359609      -0.92120736579028750     
 -0.17976607107429304       0.43111395689342458      -0.88420863819700002     
   5.4834985170163220E-002  0.26536763282377529      -0.96258669420001131     
 -0.85079338704085039       -9.6015668621044825E-002 -0.51665424022923367     
 -0.98726106608155351       0.15343618344339666       -4.2106116062421317E-002
 -0.91144273289993705       0.40808390086827773        5.2341900004583330E-002
 -0.79971211720362745      -0.55062095423145041       0.23932633444521495     
 -0.84614090969230971      -0.12402196793331607       0.51832818987110629     
 -0.70341591702450124      -0.24277543857983680       0.66803153675480820     
 -0.89856887070629821      -0.18265514823034437       0.39901263316168489     
 -0.59143703816370641       0.36731611587021673       0.71783083028676464     
 -0.49631211397604713       0.27662028538257682       0.82289458816760441     
 -0.70396263231739065       0.45894261524410601       0.54204085474592067     
 -0.39696887325690533       0.73829733515152862       0.54528227421518782     
 -0.23953647219457974       0.94512615479050344       0.22216847215455329     
  0.20253071651238247       0.87776304292488716      -0.43418124020299925     
  0.13030744065010139       0.99146283425846782        4.6280876588861153E-003
 -0.31136372105665122       0.91201514742926659      -0.26698502592715595     
 -0.38481928212659500       0.91526087595425498      -0.11921262118996701     
 -0.40469407596261242       0.78207278585231377      -0.47390385365599208     
 -0.65963930639508173       0.50875870640305876      -0.55320933119179283     
 -0.59572108928066059       0.60937255419337188      -0.52324131524765671     
 -0.99224746952324194        6.0339187408065847E-002  0.10864686690227776     
 -0.97765430914838780       0.21015893132889982       -5.0274632066001357E-003
 -0.78536394804915099      -0.58256991194718344       0.20932216031396061     
 -0.97481076166152447      -0.22297845413788450       -4.9586227085952617E-003
 -0.89484896046152584      -0.43010585817730945       0.11939132599361671     
 -0.79586648610223676      -0.46238861379252294       0.39088784342095129     
 -0.80637495188124519      -0.41747305459624395       0.41889818054588623     
 -0.66686288437756014      -0.53463449483631820       0.51909522283567666     
 -0.82291529306953981       0.22897900159688772       0.51997984312858681     
 -0.57037682309237514       0.73721378223366840      -0.36219624371847114     
 -0.84325667061445020       0.40585267319797902      -0.35242275057421629     
 -0.88173241438103522      -0.27022676696000747       0.38668519993424894     
 -0.76424489030566733      -0.24343796372342591       0.59721663193510477     
 -0.24864672087972081      -0.21863718964643575       0.94359556352250573     
 -0.53209270592489288       0.32456523457911945       0.78200688027929999     
 -0.46587106240175974      -0.52280706505176588       0.71388859491421663     
 -0.16776311007772068      -0.81765629318356547       0.55072109557779725     
 -0.35799764787132460      -0.93272035411020671       -4.3248412077411882E-002
 -0.84268237178724881      -0.53829703810336293        1.1077862979039616E-002
 -0.66159124740535002      -0.54059532443985747       0.51966692847485629     
  0.16021794202220502      -0.38913898235160849       0.90713894386061145     
   4.0023720778827432E-002 -0.19488277627112280       0.98000959448768565     
 -0.33662819128837679       0.46074232830621320       0.82121736935900480     
  0.37557692001127885       0.55880205486560375       0.73937963228161407     
  0.20701148681140713       0.97581611435720528        7.0207943204392026E-002
 -0.18714422870525543       0.62233739154458190       0.76004816212385706     
 -0.70138333566055633       0.46942499145343597       0.53637821903635818     
 -0.56197070659017145       0.37176757512568992       0.73890310259178960     
 -0.30212694315259375       -3.5361638620297092E-002  0.95261160224689623     
 -0.41281972452329652        8.9725044149106425E-002  0.90638253044562345     
 -0.55049484807946503        4.8628225861009580E-002  0.83342109277822918     
   9.6026556145352313E-002  0.16890065626927703       0.98094417212535379     
  0.39776246490406802      -0.25360022494244455       0.88174369712668421     
 -0.18008887210583505      -0.47306976566722542       0.86242274723900469     
 -0.51404828763612853      -0.82999270263760216       0.21648665443093928     
 -0.65364802204260608      -0.75081077078299840        9.5012892578241373E-002
 -0.66720167275561382      -0.73928350936757936        9.1114327354895566E-002
 -0.75810666386879211      -0.28006714210759331      -0.58892841849366351     
 -0.97293577731600078      -0.20708383071228015      -0.10252931422809747     
 -0.83077035896885976      -0.41810931035088439      -0.36743055841440619     
 -0.66868437324989460      -0.50993730535113224      -0.54113321241883161     
 -0.28962272921113852      -0.92575536991964857       0.24309600940639059     
  0.60132261359493300      -0.78332159381845967       0.15753855095531810     
  0.45342848345418379      -0.87906149689581625      -0.14715126594031464     
   6.1087148741123851E-002 -0.86289181467475096      -0.50168324311867918     
 -0.13144501823349369      -0.94164762325786655      -0.30987410474969568     
  0.40934848252862877      -0.67209954439637165      -0.61702189772628424     
  0.62701956357623645      -0.73915427708681258      -0.24596223603840114     
  0.49693799212221174      -0.86758085050602762       -1.8870607325836147E-002
  0.42021876052720086      -0.89204750137679256       0.16633534978614703     
 -0.77367158545278203      -0.62591660479986944        9.8288766900513427E-002
 -0.94000929600781047      -0.26744301937637899       0.21179413307691572     
 -0.62653695260590125       0.53709573370497610       0.56478280768385436     
 -0.49472519732030501       0.86814285678326530       -3.9685757554187018E-002
 -0.21729488589500551       0.93379187053066637       0.28428097912935019     
 -0.35491000688100932       0.85311268477740398      -0.38241029547809285     
 -0.20707584925908373       0.97599474516510965        6.7482220352859806E-002
 -0.37901558763487242       0.85889494585571258      -0.34445123938415612     
 -0.23472036739017008       0.96769220580971971        9.2076837192285418E-002
 -0.45744201547323671       0.87399569863387083      -0.16394609250991374     
 -0.65489106427726373       0.66373908039862362       0.36134211916334646     
 -0.38573083286578863       0.59517492563895269       0.70496704353278106     
 -0.60898556138256998       -8.1539906974911452E-002  0.78897897918648219     
 -0.91625136442445410      -0.11296638377825098       0.38434624146264079     
 -0.66075862390719109       0.28654361838043246       0.69375124915038977     
 -0.44973753001484196       0.71489115356211030       0.53541273112880672     
 -0.87539448243570994       0.11528637238938547       0.46946091686361940     
 -0.49520075748895276      -0.29971985767801157       0.81544111785945395     
 -0.62920499639077032      -0.50142799068719957       0.59386113079768066     
 -0.33156351051208499      -0.28622328888864940       0.89896711140879737     
 -0.68353207935113081      -0.60593170007823149       0.40697748259367134     
 -0.76335930617953218       0.31141221742878467       0.56595494564959126     
 -0.53661314806539007       0.69813938510891793       0.47397017657559337     
 -0.14668575262838757       0.80377576569765741       0.57656552832525731     
  0.37171511544701979       0.75414618116033139       0.54137917432203275     
 -0.25268088571350616       0.15906874510484853       0.95438435880197847     
  -3.6148533808780164E-002  0.58721789285671500       0.80862131422100292     
 -0.35935147135531609        5.4787632588161883E-003  0.93318621035034233     
 -0.31421204473711711      -0.52417485397599672       0.79152480277087878     
   4.5081068422825950E-002 -0.80191133413821480       0.59573980012303529     
 -0.15856708696084817      -0.97531841416167375       0.15365698789823287     
 -0.82189298478202943      -0.56637395588108486        6.0929989871940454E-002
 -0.83029785845980641      -0.54981414693273478        9.1158488742075189E-002
 -0.96047579737985267      -0.25405579389682298       0.11376245529626362     
 -0.86968606543738136       0.26531075486959110      -0.41624073675533402     
 -0.66130790412469598       0.69706517872954810      -0.27707759300409684     
 -0.91364746333503777       0.34967756482023704      -0.20730150361947963     
 -0.73030210707741894       0.24168957737470725      -0.63894051412218078     
 -0.66842958176316081       0.73076634769913040      -0.13850068337176569     
 -0.88698673416921503       0.46179425005065083       -7.7719240135823431E-004
 -0.44100533537498654       0.88008887722597007       0.17594846505139539     
   3.4041038212888786E-002  0.91234454585180835      -0.40800568301427592     
 -0.93218683956662307        7.2383816890848052E-002 -0.35466643369673961     
 -0.73698086115707861      -0.67589254168564661       -5.3368887910487800E-003
 -0.79667376533738576       -5.7076537762080798E-002 -0.60170855109453902     
 -0.83946810073752343      -0.46388503693129896      -0.28302646582155355     
 -0.80512822468270484      -0.39656880295225860      -0.44102349863052925     
 -0.68733266170991447      -0.48337101169494257      -0.54214968154547016     
 -0.41164624690426366      -0.83869275297280332      -0.35656953532318686     
 -0.30161046200226743      -0.93777964474190090       0.17204786287136492     
 -0.34555823703315613      -0.86193432640235290       0.37102388304249845     
   3.9529682130724289E-002 -0.97128962110502548       0.23459300109838793     
  -4.2912513952501688E-002 -0.99609333798627442       -7.7178871238691521E-002
 -0.47234461960334745      -0.88084665080689561        3.1618635234860498E-002
 -0.21438151744852957      -0.56527367785128158       0.79655899599780766     
 -0.48758174872112231      -0.30537546024958889       0.81793023332769343     
 -0.23757420873524493       0.24145049706304622       0.94088264561096335     
 -0.26488957201215474        7.3133030391397361E-002  0.96150146880027365     
 -0.53791644295032381       0.30422241050419913       0.78618994228541905     
 -0.57790395375517700       0.33694316905809651       0.74330096263844037     
 -0.73624817222389549       0.29019589936467688       0.61133049072415624     
 -0.17146603576422118       0.58341956872778000       0.79386460143077131     
 -0.41321991727544127       0.34985951035419488       0.84074230474127409     
 -0.78788058512058545       0.24277920217207344       0.56595268581643587     
 -0.40647239120898226        6.9251484187553974E-002  0.91103481114762364     
 -0.38447459449229587       0.13706930780590038       0.91290267337086273     
 -0.56509758160248724       0.62602723018563311       0.53735893993976147     
 -0.47256332718612959       -2.4860590961182580E-002  0.88094599880807722     
 -0.68251191754419971      -0.15734191804168046       0.71373734891569696     
 -0.99294902892351067      -0.11313538434674361       -3.5392241645186978E-002
 -0.99029103139917030        4.6760749605681877E-002 -0.13090876757045172     
 -0.94649463139901335      -0.12626225507165401      -0.29699453812685117     
 -0.74438950990058139      -0.26008406078420615      -0.61501263310283671     
 -0.43287869684416813      -0.70561534026675488      -0.56100180516533960     
 -0.80301248806754966      -0.18354871205274340      -0.56699278153378263     
 -0.91551370801225240      -0.27110661820104726      -0.29721347884873933     
 -0.99896471919538699       -4.0635383279577032E-002  -2.0451294058668072E-002
 -0.53444826525686873      -0.41034866880070303      -0.73890393271218036     
 -0.23294104716835842      -0.87201848010696170      -0.43049069548151275     
  0.28666327093005495      -0.84390939966890288      -0.45347667442795947     
 -0.46320625813682165      -0.40774398018728442      -0.78688297036088450     
 -0.36524817886899708      -0.39994835955280011      -0.84061589178647078     
 -0.23578230095127661      -0.85370145263582253      -0.46432804817900325     
 -0.56470813392719477      -0.50287297016964083      -0.65438788141997239     
 -0.57581931724823787      -0.12681288195495222      -0.80768224374075992     
  0.17800401322442305      -0.44426768581787296      -0.87803234257864649     
  -5.6962612589422770E-002 -0.50870278523841317      -0.85905572407020170     
 -0.14516791970555254       0.32891158228810224      -0.93313634916081833     
  -9.0895460321681498E-002  0.58042320441566020      -0.80922612357045842     
   2.4023180582427505E-003  0.96483179699974952      -0.26285705690810290     
  0.24840998333052181       0.82990241040357449      -0.49955427071356984     
  0.27557746136674477       0.86978528886214623      -0.40930503791888495     
  0.28342326229793485       0.72188375819951756      -0.63131220013260103     
  0.20291475212802598       0.29924078243769492      -0.93235216388177988     
