  0.42192121769919477      -0.86308457293982710       0.27761034924611916     
  0.37016058558143577      -0.87159308251431589       0.32141350219807147     
  0.46091378523041537      -0.83711983983669647       0.29459948461666308     
  0.73287540629066983      -0.39563025303982363       0.55350730955784000     
  0.52031485963054369      -0.63916128927363725       0.56634379412307978     
  0.60810054120233825      -0.59495694431230373       0.52558535577393872     
  0.81770045552450088      -0.28802812569470315       0.49840321411868821     
  0.98333326199129967        9.9284015132416428E-002 -0.15231014477286273     
  0.32827470263936454      -0.32462338324132750      -0.88704869012925058     
  0.29199035392781547      -0.46596159049211822      -0.83523734914046477     
  0.70009704475442291      -0.69207087672485434      -0.17578973097261710     
  0.98455748107149699      -0.16692284138898555        5.2757288489814078E-002
  0.80500564601460245      -0.56734095169462795      -0.17346513890355891     
  0.67267417226451509        5.0507909735732034E-002  0.73821298350977138     
  0.82442645437784867       -1.6121953481517862E-002  0.56573943113231751     
  0.74266067211488229      -0.35577094676246918      -0.56734659559535106     
  0.80513830564682809      -0.25997938368963514      -0.53306944091416320     
  0.95582299359392076       -4.7095480473782064E-002 -0.29014551631224439     
  0.83706845471096980       0.53834740203445730        9.7460129543011031E-002
  0.83686374197549618      -0.14030957538448680       0.52912408792475885     
  0.47347750330558680       0.15521270733907239       0.86702253104749682     
  0.13993033879591310        6.2646713500563889E-002  0.98817755973916177     
 -0.10032556147280838      -0.19001735575878365       0.97664127817003088     
  0.45216399722810319      -0.34923930400505149       0.82071897026253249     
  0.43169764721923631       -4.9173707444604586E-002  0.90067701640573006     
  0.44353790315604735       0.55971443006246357       0.69999563230339601     
   5.5238307442147111E-002 -0.16704363187504165       0.98440091143850950     
  0.12691229735251877      -0.18624722921545517       0.97427164507147834     
   5.8604036050152672E-002 -0.72203524451173540       0.68936976481530832     
  -3.6080340994421603E-002 -0.83763099514146344       0.54504359914787714     
  -7.5718627466399180E-002 -0.15571793865570402       0.98489522947136887     
  0.71748059328698499      -0.11059373911443468       0.68774313746142246     
  0.47304509696306019       0.40549391533370149       0.78217838174331900     
  0.37513517694411574       0.54111265846060297       0.75264247147822605     
  0.75675712404095763       0.11510259435499209       0.64348274878666234     
  -1.3599511596740443E-002  0.41612499749326082       0.90920571915578341     
 -0.81834973955810197       0.27627506860307860       0.50396010777994960     
 -0.70677422998945405       0.70737836909123608        9.2752770676713635E-003
   3.6643185834751568E-003  0.87098083733777165       0.49130332154357087     
 -0.57459492686029456       0.51977425357298301      -0.63219885744051119     
 -0.50012579442680993       0.73228755923918210      -0.46220030325875544     
 -0.34212111930089417       0.69615569344052175      -0.63112628706040685     
 -0.37687156137622740       -2.6978134787707109E-003 -0.92626159805334030     
  0.31240094537297985       -6.9073084288261838E-002 -0.94743578059782263     
   4.0298879723463937E-002 -0.66355152049854227      -0.74704442969420781     
 -0.27276037948897403      -0.82686024977514161      -0.49183727260429122     
   2.1446755844051202E-004 -0.70124220633274337      -0.71292308285066230     
 -0.69980953660838374      -0.48706567634448295      -0.52252620929392024     
 -0.62306639787591134      -0.76677588187746604      -0.15441182211537596     
 -0.74245631470942031      -0.55361436134696351      -0.37718663769877792     
 -0.67726989418038031      -0.63021680981688544      -0.37964755110647536     
 -0.53042758721577887      -0.41151087460137564      -0.74115138453979612     
 -0.23416554515347632      -0.45029742401431394      -0.86162563064769471     
 -0.28579891216724662      -0.93126651897935642      -0.22596825536365139     
 -0.45268925764857826      -0.72721082187381292      -0.51598144982080307     
 -0.70094084599355855      -0.67793985648788424      -0.22153889365761190     
  0.33951843897781953      -0.93230571063408640       0.12463262619857923     
  0.83880310908334055      -0.50529436291363139      -0.20269916378677227     
  0.97402954487160509      -0.14581527941523731       0.17321763768818549     
  0.83547602094560525      -0.41158599239998211       0.36411095738117594     
  0.74237824080127979       -8.9927867409418133E-002  0.66391831293315673     
  0.79572697458244901       0.22188980753273782       0.56354546864911170     
   4.8137732662497490E-002  0.32671981179619053       0.94389455092929719     
  0.55713099943876254       0.46796324648349386       0.68601417580471935     
  0.97506141956870063       0.18325548455040661       0.12519047667814973     
  0.99598530778676964        5.9486950359061708E-002  -6.6892222342233493E-002
  0.91140829219954111       0.10632327939502817      -0.39753023176688440     
  0.26607676248176038       0.70200293266512581      -0.66060202769658749     
  0.47758516412203450       0.78323947491820001      -0.39805569452080691     
  0.72920361829904612       0.63335504593634384      -0.25908197321814086     
  0.81283007050258416       0.57105625337232024      -0.11490009560988168     
  0.79219807396283659      -0.15616849870847319       0.58994373597885830     
  0.37294274804239091       -5.6289240690428399E-002  0.92614536011639859     
  0.43933350381126823       0.22101996688763120       0.87071019671642313     
  0.74123474329746775       0.11915431006032944       0.66058557789495587     
  0.59230853856439758       0.19446221315153825       0.78189196363692137     
 -0.13381147118160713       0.70395169867380003       0.69752884966466044     
 -0.17877492307683748      -0.13411459547647508       0.97470652104062960     
 -0.73332325422350142       0.32904426352853655       0.59495115551952993     
 -0.50317998531230901       0.59647046450622387       0.62532622474421673     
  0.38137929985769786       0.10773124895973474       0.91811971312984753     
   5.7569753109549565E-002  0.46970533229602141       0.88094416641442230     
  0.55532361737008529       0.38708682082619705       0.73605670510745191     
  0.27817283899485401       0.21900268001748349       0.93523136056844680     
   2.1111386942739674E-002 -0.16401628286393732       0.98623170112141700     
  0.47068857317937252      -0.46075961381991570       0.75243128945499227     
  0.55927120753108683      -0.57027942901891360       0.60166193935182277     
 -0.52711508827363396      -0.84674413745384502        7.1930865431748314E-002
 -0.58147254452225561      -0.75697188927255055       0.29813292139237546     
   6.9238370049871850E-002 -0.98455791591333730      -0.16078481994643704     
 -0.35897977608042736      -0.91048598046262363       0.20530172855151385     
 -0.15562210802676976      -0.87768602512292393       0.45326482413399322     
  0.23122063026117878      -0.69337998991786165       0.68246700266252303     
  0.31072378091254349      -0.94855149328804111       -6.0834172604166792E-002
  0.63479565049480424      -0.76179036373299447       0.12926687060655354     
  0.72044182924638689      -0.62826060266257366       0.29368722446541107     
  0.73587047262301608      -0.65619903212588859      -0.16702538058221927     
  -1.5557139231653652E-002 -0.92892586789278664      -0.36993878869153785     
 -0.32352842516308966      -0.73290458996086705      -0.59848159547789870     
 -0.24322285660579077      -0.74567314530394280      -0.62033394425669930     
 -0.21772897361757426      -0.51270926901336988      -0.83049581547123008     
 -0.41593259887204193      -0.60559854949622061      -0.67841762214996026     
 -0.51353201337641630      -0.83709611379351623      -0.18856024901696322     
 -0.63243629446170779       -4.4419297482112943E-002 -0.77333773958001806     
 -0.41694913285517476      -0.23532515389275138      -0.87793820543174217     
  -5.3847844519520155E-002 -0.28182233087482711      -0.95795437441502684     
  0.34349072896901178       0.14582754384385685      -0.92776529713541955     
 -0.38330008569465390        6.8448559026543038E-002 -0.92108405646478830     
 -0.58566586570358625       -3.9756625815250968E-002 -0.80957699105980918     
 -0.69891825723942957      -0.49912759234439041      -0.51223521575337272     
 -0.89560365833559719      -0.19238720709631119      -0.40110004951580203     
 -0.76112302337817250      -0.50999633019977364      -0.40074366678269707     
 -0.14347724932360925      -0.45618749261064223      -0.87824099796817690     
  0.40813560919416553      -0.87257231695911530      -0.26840804046131700     
  0.76582273594963834      -0.31917076970293606      -0.55825223409301006     
  0.39954976599483960      -0.59186355999031703      -0.70004107797260218     
   3.7065911911076055E-002 -0.50955215649945140      -0.85964104019117138     
  0.36463005617207822      -0.36216332574567234      -0.85783602606836995     
  0.23165200718705034      -0.21919392045625891      -0.94778234463469113     
  0.32682577946684344      -0.37257438835575130      -0.86854662224732504     
  0.21322710494295849      -0.69924815325637690      -0.68233878820213179     
 -0.13074620008683255      -0.70363819919623760      -0.69842588425309626     
 -0.34479885761942541      -0.39315882870540536      -0.85237308920175070     
   7.8461349732337635E-002 -0.91285345421136643      -0.40067741105850102     
  0.14725819974075466      -0.62709231682668565      -0.76489884872840008     
  0.20033824983081239      -0.38199263559001800      -0.90218967629301727     
   9.8702080014376414E-002  0.44538490621177101      -0.88988211844017751     
  0.19715590040546824       0.93952176370660256      -0.28005072122201502     
  0.24859878049379697       0.96602985209159942        7.0604328513682868E-002
  0.26832861092804206       0.69006516470160051      -0.67216800356963680     
  -7.5574340176488508E-002  0.86635484612692515      -0.49367782986411524     
  0.26945989671627740       0.91106186598637218      -0.31202185886104372     
   4.1225970216940480E-002  0.84939833698906497       0.52613960552303651     
 -0.10631810058376534       0.94524454399670255       0.30855990266522720     
 -0.56778716645458438       0.82261549980286852        3.0355775292726005E-002
 -0.29666860761625796       0.94210322476194552      -0.15629859611728794     
   7.5799151960812869E-002  0.74498821775376456       0.66275715308860583     
   2.7909224255831838E-002  0.91687885667590818       0.39818869569860604     
   3.6660731413318777E-002  0.93903453160216188      -0.34186274911284054     
 -0.13350134905255184       0.91607858413704457       0.37812354791342750     
 -0.46270531436960932       0.63421568529118189       0.61941444654188138     
  -8.3327201092803227E-004  0.51172227771545287       0.85915052007634629     
 -0.38831338513179248       0.69654458441772205       0.60335591224904661     
 -0.26332097211730388       0.25137240450904258       0.93138283208063843     
 -0.62967317340929529       0.53857308764483303       0.55986670195093413     
 -0.95188038896338933       0.14614112299011794       0.26938169440059317     
 -0.48557641306870947       0.76556940700265141      -0.42204150285596020     
 -0.32856278341453166       0.68365038753794161      -0.65166605326207405     
  -4.0296187133321698E-002  0.97488823329876395      -0.21901860623732464     
 -0.20493220578303584       0.80919508632384407      -0.55064153793757897     
 -0.11382034163435881       0.91664016239423884      -0.38316542447891178     
 -0.30651129374778036       0.86304810937286425      -0.40149568828693794     
 -0.52073701196931632       0.84572057822425772      -0.11657473110959596     
 -0.76323434355645259       0.59858224068575139       0.24325426605016950     
 -0.67185869550427124       0.69783991541243851      -0.24824452810172254     
 -0.65005850847220048       0.75944631251679784        2.5792129953883247E-002
 -0.63840990811883536       0.65289174398657235      -0.40763360981386632     
  0.22368427860855097       0.19947087577491576      -0.95403181981575802     
 -0.51105096467639299       0.50334755223628114      -0.69675544717000659     
 -0.30598685761701122       0.95183060691326005        1.9762052242865064E-002
 -0.28900327754180999       0.94935944005493444       0.12326296746680304     
 -0.33488997440454521       0.80138953023900239       0.49560420283393541     
 -0.41395939923326158       0.83789615182310440       0.35576348118729556     
 -0.33306239492112533       0.84434596608329171      -0.41970147801541757     
 -0.95982263331515016       0.25744492820293097      -0.11163611207209193     
 -0.93802591915432709      -0.29600550405152454       0.18024460204358705     
 -0.54558168711716626      -0.61429964331944453       0.57006716349921316     
 -0.84436999621301223      -0.52597933562247923      -0.10190705566045682     
 -0.94022445821533285      -0.33693850569374284        4.9501631837596982E-002
 -0.85305232515836737       0.13616574980832516      -0.50374658224257651     
 -0.66597469794264419       0.34736665338332295      -0.66016218448007979     
 -0.28913644221500490       0.79239617440484711      -0.53712979862583954     
 -0.49170934533337696       0.83864637280746734      -0.23429507269404393     
 -0.82472035216744066       0.50285686007110608      -0.25878817399627391     
 -0.62743557418160933       0.30170464087617044      -0.71784323492333713     
 -0.95348387821405578       -2.8159604614686869E-002 -0.30012585802271563     
 -0.91045675007464200      -0.14704465110427276       0.38658294947553656     
 -0.65902885814270096      -0.75001991979975791        5.6134517355598657E-002
 -0.59637123801435088      -0.79980315467409313       -6.8236795372036030E-002
 -0.22429449403716611      -0.78762904832299574       0.57387495343709805     
 -0.53892736776554107      -0.84213979108916726        1.8917307885067847E-002
  0.29923334661767526      -0.93086698868444162       0.20963314062808619     
  0.32936006819241886      -0.93530074789305606      -0.12936172722642281     
  0.95714587763635295      -0.24751513747105341       0.15035965431740037     
  0.73745092717221350      -0.28600740905833910       0.61185446960579570     
  0.96628908818700698       0.24096018099865710       -9.0684007541817713E-002
  0.98324802876942285      -0.17558444142112578       -4.8922569964129428E-002
  0.67515280192939053      -0.72939066287834164       0.11026311691957225     
  0.81192643969891876      -0.53207630797786232       0.24014632832192251     
  0.92776022326578711       -2.1250128994745869E-002  0.37257133564396372     
  0.66804092676915205       0.49508482641123797       0.55552887847416332     
  0.47424122524112172       0.74314211726844981       0.47205407934215377     
  0.88616950922988758       0.24945478813875549       0.39048163796256113     
  0.96559133149308185       0.24110564564423226        9.7475372191571624E-002
  0.59537572347278589      -0.32195026222123768       0.73612212068033245     
 -0.15233207416450628      -0.91453924006512843       0.37471711671860752     
  -4.0424724105266499E-002 -0.99408150248025740       0.10083554982063503     
   6.0895896365268903E-002 -0.98603706626515009      -0.15499223773186444     
 -0.11510062300886566      -0.60859056187685656      -0.78509195294400336     
 -0.46117974381747701      -0.53888363188981570      -0.70492387899243425     
