  0.55084411877575379      -0.82311507296088815      -0.13803019044687506     
  0.58292120366468636      -0.80260369710479151       0.12661033019409432     
  0.39949497404262896      -0.91587422167120580        3.9726260746374351E-002
  0.11987480755944199      -0.58039582058412553       0.80546304816614023     
  0.33113140189202361      -0.89531034045061741       0.29794527847112051     
  0.10321783215447139      -0.98579232256500071      -0.13251254996134593     
  0.10454248277851985      -0.99451807634725464        2.1598872829923861E-003
  0.68063506894759784      -0.67460961061425095      -0.28572325104124469     
  0.91866210826231243        2.3303921301294092E-002 -0.39435625783681416     
  0.70988071400175190       0.58893413445396636      -0.38629775712957892     
  0.73862701094722605      -0.32536213558421140      -0.59039784842702359     
  0.66060769067158309      -0.11413889061738219      -0.74200390340901168     
  0.57295943233465629       0.20622990400026106      -0.79321290685085100     
  0.20822216969878629      -0.44136909823466997      -0.87283265702508039     
  0.18954361222648852       -7.7026335765864068E-002 -0.97884634272322146     
  0.93717779685562808      -0.28283471002511407      -0.20421141957751604     
  0.89386883526470162      -0.27793353026242867      -0.35178325443149466     
  0.77360988567372424       0.44961581289941888      -0.44651244728302963     
  0.62512147607511226       0.25359430796366639      -0.73818227228652888     
 -0.13843267466653167       0.59417174200926415      -0.79233599917103126     
   3.4940582853019410E-002  0.34342631011208014      -0.93852944822883133     
 -0.40281545454304413       0.28354262477385062      -0.87025472679994076     
 -0.32841103647590053       -4.5448292513942661E-002 -0.94344085338105599     
 -0.88363222144481257       0.24748481605695102      -0.39742340525664166     
 -0.76156715621887272       0.39307325526453812      -0.51527554042903589     
 -0.50984810039704720       0.67885683115575068      -0.52840166286143886     
 -0.38463399278214899       -6.2602011005253713E-002 -0.92094390698598116     
 -0.61076678508912452      -0.53332621469944475      -0.58525813360112466     
 -0.33662953267465417      -0.57111115448114269      -0.74867389894296665     
  0.12627641680437157      -0.52949090841691460      -0.83886449708096766     
 -0.15791010311023265      -0.55301353331411018      -0.81807116518502931     
 -0.34439638181062016      -0.81724613651731992      -0.46206047714915222     
  0.34152306397966131      -0.81581363401649243      -0.46670130846483782     
  0.17079439137572650      -0.61066181090552807      -0.77325379312113218     
  0.54784240931767270      -0.80312282363189791      -0.23422729284727747     
  0.76601378950800081      -0.28599161066920087      -0.57570102736615603     
  0.29281126095116050       0.39393778407544805      -0.87124886670683355     
 -0.25598709138211623       0.67632132037157688      -0.69069536023967559     
   1.3031045948541622E-002   7.8761265470915873E-002 -0.99680833408581548     
 -0.57508974639817367       0.79667767141844104      -0.18594749649026335     
 -0.70104067530081215       0.40514389689768510      -0.58685636605591063     
 -0.65207399454870663       0.74333487416271560      -0.14917362530553743     
 -0.60396907916281239       0.79700272810594930       -2.8289232836561512E-003
 -0.67729555949783582       0.52258051474856604       0.51786130449152534     
 -0.49274356389799684       0.64943425361033724       0.57917089919532072     
 -0.31570923416776142       0.81294406758440418       0.48933589939889860     
 -0.27723533539869188       0.47780298350761646       0.83357355869630900     
 -0.43906186492601079       0.88568179089556909       0.15097166636070780     
 -0.74532365743557849       0.47762426782442646       0.46515342033789925     
 -0.10693504445964691       0.91810255024718457       0.38164460365113573     
 -0.16962009579004880       0.92403532762683194       0.34261893759943635     
 -0.30360409858951293       0.94561275429932168      -0.11679499229887777     
 -0.55605697784762509       0.83059748151709922       -3.0140688187265573E-002
 -0.67012855788487691       0.58350150400087752       0.45875234139549309     
 -0.61222108022101651       0.79058984102787022       -1.2371426616145093E-002
 -0.16680728813634677       0.97329904929869160       0.15768414396786365     
 -0.84620775108155644       0.39814357377126919       0.35413858399524401     
 -0.97537097079493895       0.21702491390717774        3.9391065917950434E-002
 -0.86019306823549135      -0.47791384606479292      -0.17795010845508463     
 -0.92872947319572741      -0.31946268615290269      -0.18816258335168462     
 -0.90877570939872721      -0.39103123745799107      -0.14567525987254412     
 -0.59962533706272969       0.11455770038984735      -0.79203913314545316     
 -0.18205674063701316      -0.82633144014670401      -0.53294623951553133     
 -0.77286875978300018      -0.29242603950612928      -0.56317039301643168     
 -0.73456141146512566      -0.21066663517226814      -0.64501093138922827     
 -0.51445434689292435       0.39204712873047193      -0.76265049256994555     
  0.11339405501545752       0.26437520755085303      -0.95773040983338720     
  0.53788757021687339       -9.1471718100224461E-002 -0.83803931088824191     
  0.49761182207981502      -0.44085278801150057      -0.74701492209255516     
  0.13823025381313478      -0.34356081765059376      -0.92890169636300557     
  0.57109563149209031      -0.55035130050631031      -0.60906750506137686     
  0.36982593839503186      -0.92875853796219898       -2.5226047104807317E-002
  0.32167907526276301      -0.75411292367514537       0.57256988296999356     
  -6.9958096412242488E-002 -0.67976575466913780       0.73008518922487764     
  0.18042077359635930      -0.76050475969449749       0.62376346072604849     
   8.3906579921479485E-002 -0.59525415702497941       0.79914465173111948     
  0.22416686176778222       0.68353163073912171       0.69464647689621406     
 -0.10599019075683147       0.19665412241869790       0.97472726216062067     
 -0.31306506294757092       0.91553779276364777       0.25254864161802876     
 -0.25517185672339571       0.92479840480111308       0.28219715451023836     
  0.11569862826685572       0.18166966835653944       0.97652954846046536     
  0.24672790840251990       0.58031088719789414       0.77612151974734234     
  0.69314365753088436       0.18914647592277051       0.69553970459685321     
  0.55879208855806806       0.13049494164020908       0.81897647827714981     
  0.18820845765913338      -0.27305379385867257       0.94340829025663575     
  0.59800603771846916       0.32780127971464557       0.73139257575512406     
  0.59228552328466444        8.2933685536384055E-002  0.80144860266318929     
 -0.35285984480478572      -0.59862448227480825       0.71912353538561335     
 -0.21687606870973139      -0.33744199594315288       0.91602274545718065     
  0.13588566913876854      -0.40507361547947091       0.90412966490713453     
  -3.5845280975606374E-002 -0.61980704377927565       0.78393516588641332     
 -0.22107493819188392      -0.25725045282042774       0.94071678853262708     
   6.8523462249496500E-002  0.35438449001740246       0.93258574316600307     
   2.8902697038070049E-002 -0.33931528090340951       0.94022857553329231     
   3.1670018128324290E-002 -0.38833894596701635       0.92097224333687955     
  0.34812484069302896      -0.43776091385072452       0.82895987695247031     
  0.67494821711937347      -0.72463798449298056       0.13908520998777923     
  -9.1542036474086437E-004 -0.98639715861304034       0.16437702846105351     
 -0.41948287970529841      -0.87850552541734939      -0.22860917620543833     
 -0.71323535927112747      -0.70066555087462190        1.9055395639625397E-002
 -0.70025993717087742      -0.66874552400412124       0.24983083180004823     
 -0.86418402817274353       0.21553540409713898       0.45467620900130745     
 -0.81840072538363029      -0.24846611672639995       0.51815522918372381     
 -0.78655492042232156      -0.40004087213782596       0.47042391284738305     
 -0.97887349883560204      -0.13254014060979430       0.15569131126855734     
 -0.86126818733659982       -4.4396134770630390E-002 -0.50620755891172442     
 -0.26494225299767671      -0.64294724617828625      -0.71862677462522317     
 -0.52438068742027066      -0.60982016165761044      -0.59425942575318391     
 -0.44469000358106181       -7.3582104543326934E-002 -0.89265697477029560     
 -0.94008536383305841      -0.20288015859864023      -0.27400574803072392     
 -0.80802550025005149      -0.43201621052589229      -0.40057057404221830     
 -0.85018204495527672      -0.51226958977322679      -0.12153336097241252     
 -0.69062788779884177       0.15731121443516038       0.70589397391354014     
 -0.64005094422747411       0.63760001394235888       0.42872020131340544     
 -0.71307730789104729       0.69009686340789578       0.12364089972756448     
 -0.70509052212608159       0.62549711383430118       0.33406693370180585     
 -0.99639754230800059        3.8750422745173407E-003  -8.4716714584269021E-002
 -0.73396755013166382       0.66442207155160371      -0.14083659392643252     
 -0.63548943456616114       0.71970447858733411       0.27960443854869604     
 -0.23428383703967784       0.81628142218377442       0.52801110168216991     
 -0.77705604012404628       0.55517284702765923       0.29659234722074812     
 -0.50836948973835194       0.41773955411613850       0.75302996409838552     
  -2.7918885704270424E-002  0.22103382026660612       0.97486644527309063     
 -0.74520447625896524       0.29478021282005806       0.59814288819090289     
 -0.22997279265005655       0.91932208697105378       0.31931084392470693     
 -0.44621369081036177       0.84652222988983150      -0.29033335398422239     
 -0.21731006987593030       0.94397921379770111      -0.24835373451673404     
 -0.51988455862885108       0.77014746826722746      -0.36958479787580567     
 -0.44593770448619979       0.62008796799325094      -0.64546919033178529     
 -0.76458221060450982       0.61020853166285582       0.20750805071851072     
 -0.30765974435878618       0.91637883017290966      -0.25611583573079333     
   6.9959633403661459E-002  0.96012439206566003      -0.27067840965728135     
  0.65178344535444122       0.74882766777474097      -0.12014767720183848     
  0.55080546911574912       0.80776793881408082      -0.21005783064738393     
  0.71703734248680306       0.57547106663292225      -0.39330713310072207     
  0.50068464035413229       0.85968266753885003       0.10129462990114532     
   6.6007402601295818E-003  0.65990939178309294      -0.75131619499683122     
 -0.36249390712754609       0.88093145588087307      -0.30423335999698697     
  0.48108653444662303       0.86545143637542343      -0.13981973269141712     
  0.45959542136691311       0.33753045264854697      -0.82148964825703341     
 -0.36611847637048822       0.60662959468227229      -0.70566124742386649     
 -0.69297888611325953       0.72072528398904179       -1.8311974774397215E-002
 -0.87348257566685095       0.34159224570725538       0.34690478186258850     
 -0.97385528932843157        4.9910023984638091E-002 -0.22161873781995217     
 -0.77406686096599087      -0.46070910393562831      -0.43424372914888393     
  0.24764129059983159      -0.54999596109095339      -0.79760781965433192     
  -9.4342683169250249E-002 -0.24250386450072248      -0.96555234650153976     
 -0.13949504360197940       -3.9618934073579887E-002 -0.98942987264050619     
 -0.82767045905115788      -0.12811378575700078      -0.54639589046136228     
 -0.87021403327180091       -3.7785595468485582E-002 -0.49122274486421891     
 -0.58696178501817964       0.49177909878496034      -0.64314009432357200     
 -0.75377208387438044       0.42419922638561042      -0.50187913077307855     
 -0.71801206972493248      -0.23611411525525888      -0.65475857558838535     
 -0.42638630175905706      -0.85546476426445983      -0.29389582980067142     
  0.10558859025377819      -0.73491223032552633      -0.66989182957114091     
  0.26583069637330070      -0.47860456301542526      -0.83682239043092577     
   8.1154630132588002E-002 -0.93549799183735127      -0.34388578521994856     
  0.31829571489871794      -0.94772084790553168       -2.2650216827842899E-002
  0.66872237575506932      -0.66330253059584976      -0.33591686035334006     
  0.98479440105211624      -0.16977485587763563       -3.6830503230146680E-002
  0.85881011529560392      -0.38595739542793611       0.33687100614403620     
  0.97664765929223918       -2.3815710893978954E-002  0.21352321071407407     
  0.97323713043591598        9.6948433658820901E-003 -0.22959855825553449     
  0.74624749325591377      -0.26065551364119877      -0.61251398516096456     
  0.32700183954069106      -0.84976213921469690      -0.41349014945255014     
   1.9403309810838060E-002 -0.65419172633244782      -0.75607982168983634     
 -0.63306761068152029      -0.77316629738682952       -3.7937802930502418E-002
 -0.63306362132977367      -0.67225676484908192      -0.38379850633307727     
 -0.34058483449679439      -0.74842157155163669      -0.56909324521295679     
 -0.54819765028246537      -0.79682460431822377      -0.25406669631798917     
 -0.52893408477655568      -0.84680718502970143       -5.6092114808633367E-002
 -0.57964996331279672      -0.13683478461790927      -0.80329456723550374     
  -2.6019871601591513E-002 -0.42921624673007430      -0.90282688253330123     
  -6.3366646560904724E-003 -0.37384112798335989      -0.92747110882725636     
 -0.26209354956749614       -8.7439720045449185E-002 -0.96107297674709391     
 -0.45957421964544465       0.23746470769733330      -0.85580491307046880     
 -0.43548985501549770       0.39759906035277143      -0.80762836341057631     
 -0.53237129344655998       0.25545382277611128      -0.80704656020775356     
 -0.96674819465072481        5.2367062225082174E-002 -0.25031104436986346     
 -0.43914468878424157       0.36371009611934213      -0.82150283523154299     
 -0.54668754452340196      -0.34490376465479522      -0.76300335634252314     
 -0.73710728463196218       0.23182379746226656      -0.63476812921942227     
 -0.69686820206455102       0.69667474202249502      -0.17034967795462719     
  -6.6745598176038826E-002  0.97641526612690688       0.20532475057450084     
  0.18177264509296176       0.98222791175266599        4.6765744620620567E-002
  0.13173632088127959       0.98327600469825061      -0.12575309278641236     
   6.0051417587715206E-002  0.99805979258243926        1.6446205520906129E-002
 -0.17088446819100722       0.94273014131557409      -0.28645833760991757     
 -0.27649210923849754       0.91410088714419135       0.29660020507591039     
 -0.48418543598076363       0.62515988475561757       0.61215976842363184     
 -0.82383277323581683       0.56682788267942397        2.3902216948297646E-003
 -0.95937239156887355       0.26284229783419982      -0.10255993742524543     
 -0.82827992347485446      -0.22696107333955498      -0.51228999556605492     
 -0.99674434499158171       -5.8917928735885354E-002  -5.5039880094084774E-002
 -0.99437854696498307        7.7066122528735959E-002   7.2609352663248194E-002
 -0.27623323562731172      -0.22896467223739062       0.93341865119686152     
 -0.26711399164083377      -0.34994181155512322       0.89788130841178004     
 -0.13995206734540874      -0.39365802297656954       0.90854101712139224     
  0.27723885942544357       -6.8194932468337473E-003  0.96077682597801328     
  0.38195888545457152       -8.5650222074204654E-002  0.92020185246553188     
