 -0.49920907808554382      -0.86629600960397135       -1.7930981603536900E-002
  -3.0084176078799318E-002 -0.87758840373136771      -0.47846999486479591     
   4.6654804151586904E-002 -0.86419821640058858      -0.50098380414906607     
  0.19490152670053801      -0.74975480291655527      -0.63236155037556308     
 -0.28071852974962436      -0.82591308387682094      -0.48894241474462002     
   2.0097024920041708E-002 -0.87043531782324213       0.49187240934549570     
  -3.0181961213003726E-002 -0.97298896063639950       0.22887011971215382     
 -0.60541384373803109      -0.44512804761803404       0.65979928693057477     
 -0.92659364411955136        1.9341080547985931E-002  0.37556642725424749     
 -0.84794985571313708       0.52212401323931124        9.1474351569043211E-002
 -0.72821943215607399       -2.4209952443857818E-002  0.68491629914389218     
 -0.75715150616840565       0.20848352320546859       0.61907690738612864     
 -0.80920871455185861       0.50999627173756779       0.29169343343157095     
 -0.53031821090279974        9.8560231279154531E-002  0.84205016239834196     
 -0.54160703702713542      -0.35518774356235677       0.76190779249576956     
 -0.36459229464180076      -0.92993449835451614       -4.7898720838735698E-002
 -0.24608147298398325      -0.96817359771727962        4.5648585270943953E-002
 -0.84395746127315641      -0.50564810485370848      -0.17904132936062955     
 -0.81732480719340017      -0.46930900092555222      -0.33425921258288871     
 -0.90816466109713778      -0.36041894058454349      -0.21292049126904022     
 -0.92612090622491261      -0.37600113703470217        3.0384403923404191E-002
 -0.95620049875773483       -1.3517121816468525E-002 -0.29240022844256297     
 -0.58125174508739430      -0.43385566952752386       0.68841533019803469     
 -0.85851534068396984       0.15968040670998046       0.48729208645662159     
 -0.96779846556605076      -0.12932891445678138       0.21596333469695445     
 -0.83021085952455720       0.18051491042827456       0.52741283245727610     
 -0.93027414309019485      -0.18781852921293293       0.31514158529482689     
 -0.63579866224620329        5.1550884482715914E-002  0.77013152603630253     
 -0.88165453191412213        3.0605902584991507E-002  0.47090186353661101     
 -0.72915121641988412      -0.21850800587958755       0.64853122897818261     
 -0.38974910714942168       0.12603330421557893       0.91225612615359530     
 -0.10684217486805478        1.1451603456889323E-002  0.99421004342531183     
  0.20774863519003323      -0.52088925139244024       0.82795826728195854     
  0.36335573166935264      -0.56640075512586119       0.73970453348341969     
  0.81408808945549305      -0.56812876920946254       0.12037559637764338     
  0.41083589695259143      -0.87610287572265544      -0.25230461138407706     
  0.24995453447079846      -0.64444128156842706       0.72264663931132467     
  0.26172094666401202        5.5197763744568175E-002  0.96356388109711566     
  0.11505002883749202      -0.61643295435972056       0.77895693311239667     
 -0.27513573251647061       0.28447581503337688       0.91835387479649655     
 -0.42693483353336414      -0.22160117339795365       0.87670951167675637     
 -0.92771656603558150        3.5607965396659003E-002  0.37158316149075443     
 -0.97925708701761816       -5.9283590041037719E-002  0.19375503471563552     
 -0.78152762287932320       0.46689103828263107      -0.41379624581185981     
 -0.60791551297252189       0.35119781599703254      -0.71210871580559842     
 -0.39726674004289869      -0.12525746105255067      -0.90911479237022275     
  -1.0494268735000895E-002 -0.20302095118143951      -0.97911815615130515     
 -0.53435044527992115        3.3443526030151841E-002 -0.84460116753165637     
 -0.13940963772800585       0.40805183220285224      -0.90225199093404473     
 -0.17031018195298728       0.22397712589612925      -0.95959819143141767     
 -0.19572813718950016      -0.28305837990803306      -0.93891876638833016     
 -0.54982854589383190      -0.37545514255607759      -0.74613806098366309     
 -0.33360939294334080        6.6073509508161141E-002 -0.94039303712927869     
  0.17723519097900203      -0.38983298567026015      -0.90366914872758697     
 -0.48794932185125478      -0.15251302141668135      -0.85944472632230995     
 -0.35908616406569532      -0.63103566134732536      -0.68764170967484217     
  0.21926198719578041      -0.14646981878214865      -0.96460912972918766     
  0.28626934863653319       0.26175430895944612      -0.92170198099624789     
  0.52020630368111076       0.67362204376446710      -0.52499404164716401     
  0.44935372234571491       0.62123490367336132      -0.64198787112531486     
  0.41257673833240782       0.75095582968437768      -0.51560234372048519     
 -0.31056102802159669       0.79036522961059275      -0.52808583743248283     
 -0.13594945489500029       0.93927261997229139       0.31509473350752737     
  0.42616908251205837       0.89283553181558672      -0.14568674009132773     
  0.54479189966276576       0.82814275314803165       0.13183841045109515     
  0.70349155254779228       0.68449976040632543      -0.19120594524644058     
 -0.20161079920419334       0.57628112877261473      -0.79199314786482711     
 -0.41376343119843151       -1.9493767939949405E-002 -0.91017570612187670     
 -0.59112380175708501       0.15860304973032949      -0.79083356252281889     
 -0.56099659509574995       0.45897386669577800      -0.68893091814880369     
 -0.78882156741608855      -0.33752325339425415      -0.51365220548285939     
 -0.57482011017633416      -0.78865354935302989       0.21819124645528082     
 -0.44569241028616485      -0.48420162139722156       0.75293231120045589     
 -0.32388884288197917      -0.32606125630884303       0.88813291493498803     
   8.4138796019224651E-002 -0.44902604260527368       0.88954835510314334     
 -0.35372196686477164        2.7523289564617137E-002  0.93494558060292787     
  0.15915054049375421       0.90240249698640773       0.40042582196114690     
 -0.59103562646467778       0.65646399096613495       0.46875571123388987     
 -0.18094975171878128       0.93089830285064445      -0.31730984400535889     
 -0.36228482481838675       0.93119440571989731       -4.0332176513238616E-002
 -0.58966599476861814       0.47706226845128386       0.65169441200124889     
 -0.68654471276419016       0.35958137766354459       0.63194745842762123     
 -0.69057889937351880       0.16270380790785691       0.70471856413202938     
 -0.47603820208609637       0.58350863410937348       0.65795539672112757     
 -0.86660958374231867       0.48955830278017698        9.6542723935807193E-002
 -0.44789614618491908       0.53924744038739914       0.71316284274234876     
 -0.38457044804561163       0.45170283881915729       0.80502802180590050     
 -0.68095624331642346       0.69726239199947437      -0.22388334326495721     
  -2.6063895219015240E-002  0.92716754709301874       0.37373923126094266     
 -0.84737980091317278       0.31167647660735087       0.42988980789728376     
 -0.95705517014224506       0.28837930253048277       -2.9711600024338133E-002
 -0.80787774652168098       0.58805007773203721       -3.9123557537509498E-002
 -0.25206811219708020       0.95562519186316830       0.15245379460648406     
 -0.21966181448948649       0.97248322039844781        7.7621345637930633E-002
 -0.29544087963342569       0.73743091580013864      -0.60737989023639560     
 -0.39354457381218766       0.75166745699263715      -0.52926241366757210     
 -0.83034754763857643       0.54005251245640784       0.13735440990420633     
 -0.89291257255208034       -4.8752978557272536E-004 -0.45022983030130315     
 -0.86603943065541800      -0.11231037696296629      -0.48719819763261019     
 -0.80648949547141746       -3.1629438170916659E-002 -0.59040178889912132     
 -0.75786587679130502      -0.56143849207054819      -0.33230427685617081     
 -0.67855120225802990      -0.71802247025503174      -0.15495805278534824     
 -0.68183678293144645      -0.70936961511572627       0.17858709525674538     
 -0.92683489977592870      -0.15260965460039133       0.34305591655018752     
 -0.96658281815073199       0.23938204003845215       -9.1727283633898274E-002
 -0.82549983805303073       0.39570488889340411      -0.40245205712021409     
 -0.61851076919460368       0.43392287176035793      -0.65509951133665367     
 -0.41305707613625775       0.43875334955164502      -0.79804721045245763     
 -0.27405780604615071       0.24812997355285460      -0.92915221313293617     
 -0.82813183100842080      -0.10224976495805679      -0.55112852950712010     
 -0.60732114259104975      -0.51089976198580545      -0.60839334559539471     
 -0.25579181848687715      -0.57050262783788919      -0.78044685739982023     
 -0.41192069809459553      -0.89172122980803414      -0.18749556472331511     
 -0.32116023480837919      -0.85005930613394476       0.41743895318104957     
 -0.33389174673546107      -0.84807674692873969       0.41143909972280390     
 -0.47284193107034345      -0.86463867547788664      -0.16976592440626548     
 -0.92720778896503575       -6.3013674289671973E-002  0.36920860354966289     
 -0.99090461752629200        5.2457412865482049E-002  0.12392037282274880     
 -0.85980359379548998       0.48187291242186464      -0.16892683733039340     
 -0.99625433924218854        5.4470055218044752E-002   6.7158801550294814E-002
 -0.81486181632647392       0.56517299607516969       0.12876220253051901     
 -0.86626759646982332       0.30812764381613239       0.39324013836676924     
 -0.61316502675864981       0.78095778349207756       0.11888477767661643     
 -0.58029804736187318       0.75966511462086062       0.29353550016320623     
 -0.55519590504539185       0.47559968015213427       0.68232136948801902     
   4.3973591021313110E-002  0.77727177191959285       0.62762641425425481     
  -1.6739553837190464E-002  0.96678702359782676       0.25503458263577478     
  0.18284340231276811       0.72908342099481971       0.65954958529379926     
  0.57212620384012614       0.76400997796312464       0.29826223437148158     
  0.14494351224002716       0.87377460548151231      -0.46422981062741708     
  0.65931370226445263       0.74933629870566953        6.1648628926342208E-002
  0.55928547487896763       0.77868809114031312       0.28433187353107525     
  0.46906917259830094       0.47896140447235064       0.74200409995085637     
   3.2269242160217135E-002  0.95029627610764400       0.30967028211697689     
  0.30137094160580491       0.91973161934971703       0.25153390213658883     
  0.26660020681556357       0.89848975960761168      -0.34876995513694387     
  0.76359642262279559       0.53549249557517498      -0.36078842905555680     
  0.37390415100226759       0.56952872426448653      -0.73200595496278931     
  0.78104724299674233       0.43081518834723737       0.45206578912429163     
  0.80970245147169040      -0.47296867668892190       0.34739397080532786     
  0.88488743903722300       0.38149841816243102      -0.26726985833375738     
  0.52549315034592370       0.44018122719312996      -0.72807790528642358     
  -6.3562673980239695E-002  0.86430356856717805      -0.49893799999456101     
 -0.29992962860066963       -4.2703759222217322E-002 -0.95300504029925037     
 -0.63227264833901820       -6.1642351895371345E-002 -0.77228978927291969     
 -0.48690500906264139      -0.54493083326674374      -0.68262280880803239     
 -0.43953877074638270       0.44656196342729382      -0.77935106455993508     
 -0.52739191438503796       0.34703938825251257      -0.77551365664484451     
 -0.65965850361327505       0.68346326242113487      -0.31261578260120954     
  -7.1371219246219586E-002  0.89033846819002982      -0.44967050283997789     
  0.35267049913100224       0.92219201547775731      -0.15869910406732823     
 -0.15747477507900587       0.96443076068173283      -0.21230874467314489     
 -0.22347536245752581       0.94307318536709395      -0.24631631983290922     
 -0.48975171086120795       0.81984683375585454      -0.29663855260073735     
 -0.20015298312193389       0.73916202216358340      -0.64310052739709633     
  -6.7166135003936547E-002  0.56788328363237062      -0.82036411823017774     
 -0.57208877275020009       0.62540985217809808      -0.53063825049816504     
 -0.50562086331945777       0.26023249126777886      -0.82257315362505345     
 -0.48597635382463988        3.4960404233229450E-002 -0.87327243953943789     
   6.6222117455217042E-002 -0.78562872127064054      -0.61514400222586807     
 -0.15501806070752433      -0.91732687505640775      -0.36671624610014986     
  -8.4880180406721586E-002 -0.86835329267664740      -0.48862860545795894     
  -7.5619135575434454E-002 -0.94584382597801786      -0.31569162674061590     
  0.16450804975865932      -0.55128888214059246      -0.81793500352585513     
  0.46847040976502102       0.11983910863760806      -0.87531369417801486     
  0.92421919529891416      -0.18192080722026710      -0.33574350171125872     
  0.31977940341590350       0.74625884761663774      -0.58381406758053123     
  0.11165836263831422       0.95187308299522089      -0.28542957786839440     
  0.17193120320748845       0.91807019506562570      -0.35719291467754188     
 -0.41147667748273853       0.76298288337605391      -0.49854193761706678     
 -0.60556690589669049       0.16346557702604003      -0.77882458076918704     
 -0.88620802258514186      -0.10129853257317280      -0.45207736948921579     
 -0.80145310069710274       0.51199462813639507       0.30908644121425743     
 -0.70081861080401509       0.65939258351558794       0.27212992403531733     
 -0.73173837275753373       0.66587639414235533      -0.14549082980781158     
 -0.67509561470089474       0.50900557328787244      -0.53400303124004767     
 -0.24708310096210712       0.69111058439509254      -0.67920254810777647     
 -0.42106599732929567       0.82776810248102473      -0.37081450134549887     
   6.1476207018409328E-002  0.99810821064989774        8.2207295656400170E-004
  0.28013028850807853       0.91463317276091316      -0.29150159647196056     
  -6.5392235400798207E-002  0.81173087472809791      -0.58035923578631632     
 -0.27794520919927979       0.58949033704294451      -0.75845079155883199     
  -2.1378491003345025E-002  0.73255667567270222      -0.68037024997409512     
 -0.61082276565105320       0.74769618018173434      -0.26047259184811927     
 -0.70062438981557296       0.49437966984243042      -0.51450384492446899     
 -0.35832745660019938      -0.24082526711928018      -0.90200034621024072     
 -0.65114174115923307      -0.14610197857263629      -0.74476079701962994     
 -0.31812488750643308      -0.73672442873680677      -0.59668557218311191     
 -0.81574983066747397      -0.15012928729563307      -0.55858160626904985     
 -0.80541107932345279       0.12112668255578160      -0.58020799725277239     
 -0.36123224014497485        1.2538707749441158E-002 -0.93239157519135596     
 -0.68380546596276726        8.8056479127577664E-002 -0.72433151333012502     
 -0.37489076608281374      -0.46175310191424712      -0.80389115331519212     
 -0.12648752138418234      -0.47745239392538980      -0.86950567477676188     
 -0.47393729445620408       0.17222705130220867      -0.86355155244099768     
 -0.95245494185601731       0.15152803004850335      -0.26432714549160669     
 -0.56099562577530115        1.6996816436878254E-002 -0.82764425696794119     
 -0.54277905783026814      -0.49332109825664683      -0.67972434736133269     
   8.3053770851210615E-002 -0.84290029394566335      -0.53162126143877486     
 -0.53344677737067425      -0.68455771405194155      -0.49680506423030696     
