 -0.91492647131066851      -0.39616301930033204        7.7229620184877015E-002
 -0.84632050657556346      -0.15939405381644084      -0.50826679584414314     
 -0.42807279455473890      -0.25386743070085099      -0.86735518110604248     
 -0.36507052646324595       0.25360846441685103      -0.89577131986015457     
 -0.73012356642992415       -1.8509163743028800E-002 -0.68306441028734433     
 -0.72721042362073218      -0.68084968358220677        8.7227909199949008E-002
 -0.84811012955985265      -0.50966486010686385      -0.14474439025482236     
 -0.78418862228820718       0.46627181943710350       0.40943716865049629     
 -0.43458779535575082       0.54782170957409659       0.71486000213131073     
 -0.30998260339142381        7.6843999146538611E-003  0.95071117359198964     
 -0.47430284818496204       0.11308675527566411       0.87306826421813621     
 -0.43241375431911672       0.40071780286191638       0.80773980188250771     
 -0.74980223564442428       0.34607153424593096       0.56394246214244381     
 -0.35091379638794989      -0.54061998044275472       0.76458455663889358     
 -0.83143576182455026      -0.32831382879693477       0.44824614195766888     
 -0.97114188112334021       -1.4771812087704129E-002  0.23804461828802290     
 -0.92499223713518430       -1.2092035925852299E-002  0.37979355432503681     
 -0.81152401080625236       0.48056835874283654       0.33238957934952057     
 -0.59875540463650978       0.37286202465195717       0.70884827430912001     
 -0.31829868619253043       0.25467047768602419       0.91314231867945717     
 -0.24638505624202073       0.61545780930250427       0.74866954594747659     
  0.62073851198806618       0.58680469648234990       0.51994610097692362     
  0.35941841218377046      -0.19688172363271303       0.91217103214402573     
  0.92598484267007097       -7.3428877839686990E-002  0.37035155061713143     
  0.78732081420861055        3.1116301979331046E-002  0.61575783491972047     
  0.89943997999665293      -0.26722522646390251       0.34583001709651173     
  0.91253825919441944       -7.5953886990835148E-002  0.40187676289808394     
  0.87345864870855938      -0.29628716845988401       0.38637275111251801     
  0.75301542581876935      -0.13997788103260445       0.64294164688609556     
  0.54134053044515051      -0.19216072658915367       0.81855035596725123     
  0.30863889134456196      -0.65637797104273365       0.68841120987347282     
  0.26648902691011223      -0.13772478401296079       0.95394731636768770     
  0.11765322163238867       0.31592004124264894       0.94146282294140737     
  -5.3904564798294405E-002  0.43338406033519239       0.89959577263420165     
 -0.13378034269146655       0.82184109314354448       0.55378699653387098     
  0.77435104413789979       0.59400715997131792       0.21802741649932736     
  0.51529064226108590       0.20721825076273401       0.83158652619496642     
  0.53457917687701251       -7.8188074725773132E-002  0.84149374841421709     
  0.52077319417922796       0.50131498855436818       0.69099823623156131     
 -0.38490666762004161      -0.17035297198921395       0.90709796723181590     
  0.15676646137642339       -8.4004402470686843E-002  0.98405667364896421     
  0.81594209940536999      -0.54830772813252304       0.18329518730209718     
  0.79786460349238508      -0.55517315627888375       0.23493582323971357     
  0.27223802851533285      -0.96196785185015510       -2.2456799347021356E-002
  0.65022869552309182      -0.70044134841522754      -0.29425254620584529     
  0.95625256743138731      -0.15958476493875925      -0.24518101492635300     
  0.86121435887920794       -2.3496956397499269E-002 -0.50769845489262233     
  0.87861021393273386      -0.31372049578011757      -0.36003269643265223     
  0.41277656849995115      -0.51648793072201815      -0.75023711046301766     
  0.22352516258297819      -0.20921751401696959      -0.95197927158148443     
  0.28760621048206569       0.23640124258389808      -0.92811482058899997     
  0.35305115826678951       0.31727710099629103      -0.88016482594446876     
 -0.12147073906247721       0.35790268323852215      -0.92582424297609667     
 -0.40257977050390015       0.75357033180213040      -0.51967420891232541     
  0.38718416285229273       0.66344904881653843      -0.64025290601509444     
  0.63147467134279689       0.29202575615900050      -0.71830404230540557     
  0.34111497435102400      -0.13177922514749013      -0.93073885171569404     
 -0.64738556415577608       0.34893881946672334      -0.67759400203359710     
 -0.95195292694905587       -4.4490883159274519E-002 -0.30299535671168265     
 -0.78174446907113826      -0.50600504669471158      -0.36446464546809249     
 -0.92905267164913463      -0.29321864150321270      -0.22557473612227896     
 -0.42973850146998038      -0.15372277038140400      -0.88977195405373621     
 -0.27598688624885043      -0.91366238451231396      -0.29841629604626663     
 -0.64157901228401137      -0.66313285029763835      -0.38552716357325217     
 -0.70570563027365318      -0.68832243617998412       0.16790410135359882     
 -0.97830187328523921      -0.15283551245014429       0.13988120267105192     
 -0.92317193469751324       0.35552685510594895      -0.14613088066989083     
 -0.45690387398545973       0.73888320122302387      -0.49526807376162052     
 -0.59008811644578030       0.48329079240569639      -0.64670396999352819     
 -0.86206285902533930       0.30856971252930099      -0.40203527158534191     
  0.13999832272002274       0.57203261818990803      -0.80819499711542508     
 -0.26381859426866289      -0.42740286809102446      -0.86471182347973463     
 -0.45076537192786975      -0.89005881676563603       -6.7866649899204740E-002
 -0.70911517386648082      -0.69794683917175360       0.10012931579972338     
 -0.74806249094527932      -0.60816671697239144      -0.26558568110460656     
 -0.81376221908302582      -0.22074309762324262      -0.53764629231945493     
 -0.70900159321125655       0.24443767918216930       0.66148844420741915     
 -0.90668919320483554       0.39358522198600587      -0.15167524504632457     
 -0.16719541689775433       0.98575008312128609        1.8505842179483922E-002
 -0.57917447669903466       0.69586599171796193       0.42464979348964682     
 -0.92744785967058352       0.18899904522843058       0.32267604264215688     
 -0.88456102790218150       0.46543690115119024        3.0336100003523075E-002
 -0.79878621208757405       0.59076372286408629       0.11374889505626326     
 -0.87280095841285354       0.43552042698705445       0.22031896121448169     
 -0.53091270350956177       0.20344639523422045       0.82264285417085070     
 -0.29396004742241488      -0.67837067520089200       0.67335036759989442     
 -0.40755178951939597      -0.55388861360137476       0.72602268737436948     
  -5.9488345392738132E-002  0.43875946352968942       0.89663329735489783     
  0.18629963762091248       0.38522549953044799       0.90382175208048199     
 -0.20467230070504602       0.97576634101003523        7.7390549009436316E-002
 -0.19670520334676472       0.97856852251868265       -6.0915594981016556E-002
 -0.56485993249510802       0.80422255379874796      -0.18482245703118447     
 -0.52838327276632679       0.72572471560976803      -0.44060725619751923     
 -0.64558978783971943       0.76240480955361034        4.4189729650580156E-002
 -0.82596293120062680       0.47608903624021764       0.30186829223076034     
 -0.51936961138150139       0.78950856948970027       0.32700370865753509     
 -0.38845962288963581       0.91022988348457601      -0.14345968282453475     
  0.27519722664195106       0.70078593284877089      -0.65815314537717751     
  0.25901656649060556       0.92790454638399478      -0.26814841241993642     
  0.52329891495645775       0.75186008636382617       0.40107936389001747     
  0.10163128297933970       0.95438317613373591       0.28075582884932254     
   7.1290740099522368E-002  0.91201524226701891       0.40391314443662901     
   9.6528917735340600E-002  0.98262981947086681      -0.15849544450073802     
  0.60063741544232685       0.77628851247149344      -0.19133959489756014     
  0.41116068809855177       0.85306929334834614       0.32127818056712798     
 -0.32637139995134173       0.59111930220250952       0.73760401290763278     
 -0.19951915791102351       0.53500752573682553       0.82095009168123390     
 -0.61157130839617990      -0.21947065556337142       0.76014022791400304     
   2.1475579450611397E-002 -0.73638724601164962       0.67621936041395114     
  0.80601949601301492      -0.31452253452856782       0.50140617000659315     
  0.52976702854529811      -0.21381225921854496       0.82075039645081216     
  0.29172823507991663      -0.47113287519153707       0.83242324016748770     
  0.45740898500161781      -0.15181988369659749       0.87620074375348267     
 -0.17044586988330640       -1.1615749516862825E-002  0.98529857393730136     
  0.89296884507669771       -2.9366590650855166E-002  0.44915948734936240     
  0.69703931127555152       0.69787177726263949       0.16465473281020063     
  0.75079141798275129       0.39825962295131451      -0.52697392668910648     
  0.57879366350404426       0.79574910058738491      -0.17827300413112762     
  0.14384962238903112       0.80916110969211230      -0.56970657772259381     
  0.15487954921000488       0.67788170916547252      -0.71867149214048343     
  0.23801108505534974       0.72112037200669266      -0.65064286092116763     
  0.26362524726629261       0.15604235977238295      -0.95192043310376617     
 -0.12227575401065785       0.36318359249564763      -0.92365920020486902     
 -0.21911662506139701       0.17458580223243994      -0.95995192706747445     
 -0.11333720670439446       0.67792052415932003      -0.72634595097652777     
  0.33330661512776893       0.79024375371200295      -0.51421932094313916     
  0.77255846207198597       0.63422980584032917        3.0099436285896328E-002
  0.68790439260669001       0.71303110429690841       0.13555143281275633     
  0.69726751290557931       0.67523131620183074       0.24058404990108620     
  0.50257594683163376        4.3066526646326694E-002  0.86345972225050638     
  0.16759373756527743       0.45307976679675721       0.87557470500715640     
  0.54286129472989475       0.55385817739049981       0.63130241091087802     
  0.33156424305380705       0.62914232632447065       0.70302566521803134     
  -4.9468256978491165E-002   7.4773048484504515E-002  0.99597283234629563     
 -0.35069406473254805       0.34649761053151429       0.87003050455567243     
 -0.43644305760613428      -0.40188136831016008       0.80498995228054848     
  -6.8084522163259553E-002  0.53461859921981070       0.84234639621125429     
 -0.50238781693728529       0.28695616368151838       0.81563634146488539     
 -0.13695887090266795      -0.19802048651326076       0.97058237909111467     
  0.43574803039081739      -0.32919613118657648       0.83770732432177397     
 -0.41922510797038570       0.37159477714060257       0.82835235887216807     
 -0.80905998488043862       0.35053347590297396       0.47175017025608346     
 -0.96527444218961989       0.26098806026702925        1.1422944175016138E-002
 -0.81861491513765294       0.34594141029074688       0.45846936796284010     
 -0.93787698796868657       0.34354104306605215       -4.8644703390107819E-002
 -0.63157722547549311       0.67466235883719128       0.38202213264281398     
 -0.71308004419803550       0.18557402989243116       0.67607627527963932     
 -0.94062201956192315        8.9008791582824764E-002 -0.32757846592269774     
 -0.48205993223914068       -2.5775942808063598E-002 -0.87575899795661027     
 -0.38912895814030107       0.41850034597943547      -0.82063153385167875     
 -0.43495658907024765       0.10430665446890841      -0.89438967316147611     
 -0.27842716833392023       0.38852937301033885      -0.87836395545455015     
 -0.28314179177833088       0.20231328766257684      -0.93749669833216065     
 -0.77231700403282666      -0.10899719741143341      -0.62581631189851206     
 -0.35882453452103952       0.28802909826500184      -0.88785369964786387     
 -0.53655610102094475       0.81960716952124668      -0.20087717174084435     
 -0.70663155877794515       0.68172520030854145      -0.18953256027222293     
 -0.45350269295802281       0.89125230693276269        2.1524095481529684E-003
 -0.56594178018679564       0.76281246341187436       0.31277315598131283     
 -0.60615706729518204       0.79037706240977645        8.8756458833433971E-002
 -0.37225134964711759       0.74099535130171534       0.55888712817098307     
 -0.53631449897144812       0.71598148785994742       0.44691975480493135     
 -0.54766765251703609       0.65973470645623267       0.51459718176806613     
 -0.34009467261157222       0.81773989702083627       0.46436739170794589     
 -0.64574406438423126       0.69849338333967648       0.30841789303354128     
 -0.73157041847287863       0.59984768759658125       0.32401770707853733     
 -0.94200883851433737        6.0137506628911375E-002 -0.33015576393179819     
 -0.90549893733004272       0.31857414011234642      -0.28032515360892674     
 -0.59160392414893781       0.54251660768716703      -0.59638957679962445     
  0.46756973279899339       0.21537690629239811      -0.85731635538244799     
  0.37604060932153199       0.90097373865150843      -0.21642500410410825     
  0.85807181537274102       0.41720539094950265       0.29942014198385958     
  0.90613709079337101       -3.0642627199238687E-002  0.42187273209686582     
  0.99142136552549476      -0.12134596601892031        4.8567813524954706E-002
  0.70316582057319743      -0.71007116260658776        3.6834397133442109E-002
  0.30147847825799989      -0.80883227515505185      -0.50487728985842861     
  0.27839404891844544      -0.85044830749981970      -0.44635684132491626     
  0.13369785936026429      -0.97183431514027196       0.19406943684769110     
 -0.59500148931028551      -0.80177227243650695       -5.5986166778897575E-002
   7.7105959795526854E-002 -0.97236691361859362       0.22035711076312903     
  0.33202989561653679      -0.91415939418041625       0.23252688113117825     
  0.49064464187847867      -0.64400150776215392       0.58696668848927058     
  0.41318758308088299      -0.72226404073568584       0.55462661011527770     
 -0.28471490240867114      -0.46822386120249526       0.83648301844512973     
 -0.21108034586769769       -9.6311829674866817E-002  0.97271224884498086     
  0.33591638380879796       0.13827936351898765       0.93168610632209747     
  0.18495807750710896      -0.43153633573465727       0.88293085828144147     
  0.38771206225835375       0.29995897236722258       0.87160998828364089     
 -0.48347887327230354       -3.6742227424026060E-002  0.87458458014264018     
 -0.72264159177704435       0.39006894009998783       0.57064468086824127     
 -0.42362913447148498       0.90579076292762939       -9.0249776687668648E-003
 -0.63799432218091767       0.76172761068863681      -0.11284632018590043     
   5.2561760064172486E-002  0.99517617278908255       -8.2835055935534016E-002
  0.21077970689817321       0.96437306166977388       0.15986404563119955     
   5.0006812278304835E-003  0.98083112004500705       0.19479555215272859     
 -0.26760234610015965       0.86786734144402544      -0.41856333095080689     
 -0.67215985287649904       0.71506287878514829      -0.19205783390572997     
 -0.61834970258459965       0.71391368695042945      -0.32858924647410820     
 -0.66986356700339877       0.73091939006562112      -0.13053599820594564     
   8.1734353538798640E-002  0.97517312529273259       0.20580785008946956     
