  0.66608110411568711      -0.39828859196359345      -0.63063631377501272     
  0.94350976916413787       0.33057035839324395        2.2639647603928351E-002
  0.92134325105653259      -0.34767428204677037       0.17392299254525401     
  0.65578184581503229       0.37147822274514614       0.65723215131760648     
  0.80555612275493382       0.54468653410075663       0.23322931346929976     
  0.67186186225043953       0.10916959967157389      -0.73258694812353387     
  0.67766883625921259       0.71716051720456775      -0.16262146514524364     
 -0.35919238649080826       0.90066933639815183      -0.24449044144741369     
 -0.73375553987738384       0.57389500663950199      -0.36365825860762818     
 -0.80582994907815253      -0.33615447004806531      -0.48748155394377846     
 -0.69737212020915207       -3.6219448735913227E-002 -0.71579346007649081     
 -0.82599075117415677       0.13207669249160162      -0.54799181223377846     
 -0.51388669314018565      -0.12850111450365637      -0.84817918518716029     
 -0.20776863633154061      -0.34928845507495032      -0.91369019306781929     
  0.36804580568960876       -7.3346732143905913E-002 -0.92691021237124482     
   1.5149366400882172E-002  0.32266248683686705      -0.94639284458723927     
   9.9156264122378573E-002  0.10009406254542108      -0.99002485520742145     
 -0.18311523305230748        1.8486245070421119E-002 -0.98291763142564459     
 -0.82885605392027140       -2.9643752351831937E-002 -0.55867601508049769     
 -0.99489120806442577       -7.5608284105977600E-002  -6.6894480270586254E-002
 -0.89699904300156452       0.25468610857357249      -0.36128617874747354     
 -0.82491384110438792       0.40620386039887219       0.39308469640965038     
 -0.56896062472431930      -0.49498653449874092       0.65671313233269812     
 -0.61626154858513948       0.69819260403854100       0.36434707546699735     
 -0.57653171276165771       0.77995529889227777       0.24347672560219225     
  -4.0574887950619622E-002  0.88652536322931141       0.46089744935177202     
   1.9144864142115258E-002  0.81603796681138485       0.57768114985635621     
  -3.0206259957853240E-002  0.35307905410124740       0.93510574985631489     
 -0.19158363430412953       0.74103729883963265       0.64355219896702154     
 -0.50448511300201104       0.45079014053431776       0.73639868275032772     
 -0.49906279563101785       0.33419385933365492       0.79953160688034330     
 -0.86060258905982712       0.49427909297128336       0.12268399225258274     
 -0.82520700320443974       0.51553266429407429      -0.23078014192784893     
 -0.67379041196896738       0.66230715164601406      -0.32765182376612834     
 -0.16082726764822949       0.66204794408553758      -0.73200212411778331     
  0.59731318182513815       0.79360229944036786       0.11581171417828043     
  0.35062764443488165       0.90751409027505348       0.23125403977079184     
  0.17594346555857848       0.96051657050955597       0.21552683058921979     
  0.89277568109135286       0.44128127438148662        9.0677561348726912E-002
  0.39585751689860460       0.21783327824353088      -0.89210172581638136     
  0.53794535921226050       0.80902999328282477      -0.23682326843194607     
 -0.24518113425394536       0.96933637320536348       -1.6528974167269249E-002
 -0.55382661532862953       0.82038412664993554       0.14228831608566039     
 -0.93270714693899537       0.32464446862191759      -0.15704568457026141     
 -0.96319857038758216       0.15162203500465007       0.22194430045484725     
 -0.52101602245846868       0.52992773584599051       0.66911800089572648     
 -0.76001281729496517       0.33264761461403619       0.55832435200247688     
 -0.95687163292535893       0.22740737092818911       0.18078320096263759     
 -0.77139436741520195      -0.54382220607706955      -0.33046654610954512     
 -0.73128357986528159      -0.64385705282290728       0.22510535611045518     
 -0.91285414810354215      -0.32832374610736637       0.24269491554665396     
 -0.91743074426727278      -0.21482130698746862       0.33492183496658445     
 -0.38859857407026749      -0.77088478413261674       0.50470565463777495     
 -0.69781756395727679      -0.68645400371427712       0.20452762213786158     
 -0.90776867446365228      -0.41940563292979027        7.4127410071774666E-003
 -0.96182255221901103       0.22892603522890342       0.14996749126826356     
 -0.88676647884067494        7.9838253098234335E-002 -0.45527032117935473     
 -0.80169446197349403      -0.54940629037671085      -0.23545427950147260     
 -0.65355440356705596      -0.43253357979336510      -0.62111298805390480     
 -0.63749648757662958      -0.33038472333426294      -0.69602023168498395     
 -0.67501610247921207      -0.51981547140494844      -0.52358870984947747     
 -0.81517061468410290      -0.57361490902783741       -8.0391573541801126E-002
 -0.31117580666780209      -0.81542721250953454      -0.48810662610090338     
 -0.30293952181772893      -0.95027261898053739       -7.2177529306191091E-002
  0.22187914969713038      -0.97205521970648956        7.6670025245098694E-002
  0.66402875966022545      -0.49319483237398731       0.56198279659051753     
  0.79872274434767898      -0.25462152194823523       0.54516956832026420     
  0.41291951791717119       -2.6999365686230983E-002  0.91036723687512056     
  0.47677296446577255      -0.68580128895087678       0.54987647015295849     
  0.38247315215415512      -0.91095858392405538       0.15449513343920199     
   3.2283439214173454E-002 -0.55683296923218373       0.82999688187884002     
 -0.48900941323518515      -0.87160213813306453        3.4343945161058209E-002
 -0.24494406825423812      -0.94160695353750656      -0.23103841342282147     
   8.9234789390259833E-002 -0.63996960000255088      -0.76320119459753133     
  -9.8507753003758247E-002 -0.89424546413485750      -0.43660196114127892     
  0.33752390997735249      -0.72753012613575807      -0.59730856829496404     
  0.84063170785254338      -0.11521261887641418      -0.52921109607090810     
  0.78519720321710673      -0.36081821335608844      -0.50326490933764334     
  0.97480061377026739      -0.20581038435757715       -8.6057243063600797E-002
  0.91518569771448732       0.36503519112935412      -0.17083456306036229     
  0.55399574320339906       0.29189177980868103      -0.77967166512105790     
  0.61535219647582007      -0.32215302682897456      -0.71941580577391273     
  0.62548243636362832      -0.30216161635650707      -0.71935393194269337     
  0.53865164746722427        1.2330395640641954E-002 -0.84243834434586617     
  -6.5692461538747943E-002  0.30679007236389216      -0.94950742598251114     
 -0.28747833141064538      -0.19084938449470090      -0.93858016248339649     
 -0.16690719387529984      -0.50152355854974229      -0.84889110541476132     
   7.2674320612006488E-002  0.21216130515319123      -0.97452861616230857     
  0.31166134769124548       -8.2264757771326719E-002 -0.94662543489180484     
  0.93880167000319514      -0.12328659719981169      -0.32163930007089847     
  0.96645065931835872       0.16376002862631817       0.19787818507202648     
  0.87401800624480663       0.36945032130627786       0.31559306843869644     
  0.54417191234228290       0.60027709398786455       0.58612655651426848     
  0.86492339538956553       0.16388371154439946       0.47439398098861280     
  0.85562389781734693       0.30201964402006148       0.42034733270217733     
  0.92987205778275384       0.36229059449212653        6.3902122792900917E-002
  0.69979366275867028       0.54387400129982066       0.46313054344639332     
  0.54278565699348624       0.66965723557565549       0.50689537125854289     
  0.72290655695758499       0.68934768407860669        4.6966800648897938E-002
  0.72260089825007390       0.44737188688750429      -0.52697849735159519     
  0.98594103856848614       0.14022962453294907       -9.0862098092984997E-002
  0.95993708131360433        7.0859130786436866E-002  0.27110843495417841     
  0.81171274062955434      -0.11760527612057736       0.57209389590193160     
  0.95396654796374969      -0.21216687126729153       0.21197415904487840     
  0.91695612239576285      -0.35309205017434464       0.18578878788735328     
  -7.9193107692747094E-002 -0.93669635430657971       0.34106948195749276     
   6.1190265930103474E-002 -0.87553066390875134      -0.47927216475703976     
  0.43911104678224372      -0.44990925035398344      -0.77766519469480022     
  0.49736786968637903        6.4740674574581811E-002 -0.86512071253627965     
  0.76261137671144330       -2.7616851434617305E-002 -0.64626712559679733     
  0.37677252023434249       0.20932467937769356      -0.90234452766097184     
  0.34879468960286780       0.24589089918754709      -0.90436714347747182     
   9.5059427096089499E-002  0.28839950469972686      -0.95277984393517046     
  0.17847150935367143      -0.47669080681000392      -0.86076349542243302     
 -0.25956720648631243      -0.27485116045778019      -0.92578707320415143     
  0.96524318564697398        4.9933949580318146E-002 -0.25653887276861875     
  0.64035892257037208       0.73167048318498629      -0.23366376338741218     
  0.86017643977182390       0.47453633645988452       0.18684688341179262     
  0.96258653305167086      -0.12565116968008133      -0.24008113200669684     
  0.77181049010011971      -0.57590166676266419       0.26952891791312239     
  -4.2416528640768659E-003 -0.84100479217806767       0.54101104232213415     
 -0.20406130058917760      -0.15575000042718903       0.96648896681172203     
  0.13626575979752689      -0.89179893236048746       0.43142358181665313     
  0.19350396361052943      -0.79893123551251055       0.56944279518619101     
  0.88349145623938152      -0.46506513846498532        5.6189534048196987E-002
  0.89086129051990293       -9.2307466953550896E-002  0.44479826056069460     
  0.86833001737859472       0.35168057469881980       0.34974812980030295     
  0.94821744053312418       0.31232787942222690       -5.7749296138242472E-002
  0.96826730496422875       0.13233473370340210      -0.21200458578284556     
  0.75693416472508035       0.61496054624850527      -0.22107509319164942     
  0.40555829744286592       0.69263801359390209      -0.59646881687143294     
  0.54361711004489299       0.47130831984973737      -0.69451343061663384     
  0.36312000752230245        4.1923947929647473E-002 -0.93079871225042898     
  0.32728809507790257      -0.37966984570998452      -0.86529377154749521     
 -0.13103440218652179      -0.20947595296931804      -0.96899422628377674     
  0.31569846041316618      -0.54027941385390565      -0.78002092091078457     
  0.56910448644643075      -0.81253904298555779      -0.12609673719288406     
  0.61475106417597258      -0.70554541014767069      -0.35254333537042482     
  0.22296619775721413      -0.97459138172232196       -2.1394235913160919E-002
 -0.42445902873188229      -0.90176943421788880       -8.1525581496654287E-002
  0.12392774830811495      -0.91852668792309711       0.37543393130129138     
  0.12944667202186122      -0.99012307961024892       -5.3850221221234965E-002
  0.25626497144216226      -0.96509601112872268        5.4018086926767413E-002
  0.57430312432588948      -0.81608453825592375       -6.4667981328925303E-002
  0.26218149000584318      -0.80106576905919979       0.53810268531196481     
  0.37387058104853638      -0.58422688115333488       0.72034695804474946     
  0.56976448264200119      -0.80789027585108042       0.15060457000017791     
  0.74201597401572605      -0.67000133231450720        2.2594446271844128E-002
  0.31137302495691271      -0.83193999702144361       0.45926319326193948     
  -5.4843460010508285E-002 -0.51000105816540353       0.85842362244073034     
  0.14980142150685000      -0.63901222622062959       0.75446862681962623     
  0.62147854083393017      -0.35035501768425270       0.70072518498082770     
  0.42138735663011834      -0.54995547493145158       0.72109754628981426     
  0.62069854161453719      -0.63105780198309613       0.46529492904382280     
  0.87513743435805591      -0.39103773832635158       0.28499817225695745     
  0.86049954202094081       0.47480957443185334       0.18465212213678683     
  0.75247804901019166       0.65827986603087019       -2.1080885565030311E-002
  0.87828099863841780       0.19619195349006957       0.43604037062692191     
  0.77006177539320964       0.62204672721400045       0.14164297102436740     
  0.71624866080786087       0.68505906001482542       0.13297345668441179     
  0.26854328111372755       0.86992482841084384      -0.41366085031472144     
 -0.34216485318528228       0.93885871957496192       -3.8308196548418223E-002
 -0.52452126200955707       0.67227957177829500      -0.52241518265603348     
 -0.11216536089473859       0.97509312131125503       0.19134350416694940     
   2.4905669817948360E-002  0.90936238963922889       0.41525865664736789     
  0.65252906815315226       0.69521494594256217       0.30146640634279287     
  0.45034802485562753       0.71865237906210633       0.52983527117121132     
  0.11059283672500381       0.86212433763291951       0.49448038477389855     
 -0.31672159798924021       0.60434364071210278       0.73106510879540287     
 -0.64578882862215758       0.19444109969315831       0.73834236474483039     
 -0.79199942167748949       0.31645702302816214       0.52210331222730788     
 -0.89674674766967899      -0.17831837069737919      -0.40502818323632872     
 -0.43469117106715605      -0.21802079037159375      -0.87379089075248995     
 -0.79348577581241675      -0.31623482305465966      -0.51997678820410032     
 -0.95060687951350720      -0.23103972754296589       0.20728532248690063     
 -0.93582640154457375       0.31423645465455108       0.15963833104340419     
 -0.92896803518636795       0.32929077313414024      -0.16907387832179577     
 -0.94993942434588718      -0.17788105650759894      -0.25685291473761029     
 -0.98152081257683177      -0.10460307695934032      -0.16023448682855157     
 -0.95477793329360361       0.11062178794686270      -0.27597448818152193     
 -0.19844963689894490       0.24437346335689103      -0.94915717982938141     
  -2.7506516197255693E-002  0.72571134019240724      -0.68744922887649196     
 -0.38404581844494723       0.42227379446096192      -0.82109296175678059     
 -0.77477869230244278      -0.25434837563863189      -0.57881333931081302     
 -0.36755111555553316      -0.44067205110940577      -0.81897150183930156     
 -0.45621530886370903      -0.24833281903681192      -0.85451647318682067     
 -0.33840636839139293      -0.36396231635100995      -0.86776296424114818     
  -2.8181059758974447E-002 -0.51102788697258406      -0.85910204667852685     
  0.38005065316478404      -0.50903596348869729      -0.77229779807025956     
  0.62367121634013412      -0.78155805887437413        1.4185010304758161E-002
  0.91125172829754364      -0.31851883168160677       0.26108627221461261     
  0.30319596594065668      -0.85816998498478114       0.41426619836590928     
  0.65359764489736771      -0.67242555805754667       0.34735282848370552     
  0.89470987493451004      -0.44441533078970308        4.4601047675378758E-002
  0.80178934436294358       0.27990020568727803       0.52800541864855577     
  -1.2682004603541186E-002  0.81027591670142773       0.58591134617189855     
 -0.22272877242447128       0.25193579609289196       0.94176443369950780     
  0.23070310478024841      -0.81732099902461952       0.52797960377100905     
 -0.38238619394899381      -0.84380596935675445       0.37652660564049967     
 -0.33954298299841640      -0.89592050018776015       0.28642105376508931     
