 -0.21260301116304958      -0.70804265306237302      -0.67340594078820692     
 -0.16362620303113465       0.38442567488764984      -0.90853913849036771     
   6.6493463099904671E-002  0.22132324996466063      -0.97293095252957973     
  0.46970015959811834       0.84053519781183750      -0.26996729674712622     
  0.28039418822771517       0.95963511510179988        2.1898517568373035E-002
   2.9535206317715806E-003  0.94402479081462742       0.32986129061062214     
  0.24365592180615017       0.69587803755196731       0.67556313444535843     
  0.21210226553370218      -0.36230689226924284       0.90760472936718073     
 -0.25193850277877067      -0.52906126306175716       0.81032164647448746     
 -0.23120928542120495      -0.28310233634618481       0.93080359555084313     
 -0.26972730447518489       0.31216453925014598       0.91093385141584748     
 -0.26340342184352489       0.32368627928533233       0.90876060101853351     
 -0.15033069578733410      -0.23292092479191032       0.96080618477306112     
 -0.50632237967794258      -0.14112082277643306       0.85071884968900735     
 -0.37799267917095902       0.55283180185589009       0.74262947244903998     
  -8.0015718587027468E-003  0.73771451399705834       0.67506538252668546     
 -0.17517154239110291       0.94054216243594302       0.29102469210819609     
 -0.22662421297339683       0.78508108457986336       0.57644527643922905     
 -0.47731121880198191       -8.2172706759556319E-002  0.87488379037994379     
   8.4035354335910778E-002 -0.58593815075928002       0.80598668891393643     
  0.14033730505928382      -0.31098214267874896       0.93999763177555717     
  0.31198111330465461      -0.42721313890319901       0.84862047989055323     
 -0.31927946971866733      -0.51282388947572277       0.79691422286162172     
  0.22920478065114652       0.56745383824358897       0.79086111928031222     
  -3.1319421129770125E-002  0.42716199148455158       0.90363251761490360     
   9.5327190092532474E-002   8.8445684151158693E-002  0.99150899531175984     
  0.30906248400477510       0.27270323566711863       0.91110555164455120     
  -8.7594627390244484E-004   1.8684470632128386E-002  0.99982504633327451     
  0.21161115128601382      -0.20399075012243892       0.95582869517288438     
  0.23693833615253354       0.11465239134215502       0.96473574310316390     
  -1.4977608095344161E-002  0.78844092752307582       0.61492810560449274     
 -0.18024398660161897       0.76734245169928261       0.61538416222235826     
 -0.39842728632393026       0.68895519832581942       0.60547207385016344     
 -0.21996755428958448       0.91758448442011553       0.33113892705534304     
 -0.44281666380029772       0.83798736320936962      -0.31888960685825130     
  0.29571651260176113       0.67318881998032665      -0.67776733237016362     
  0.67043605545538865       0.61008762837164632      -0.42226600769337330     
  0.52850280208149203       0.52027239558884708      -0.67082145357784184     
  0.60168510419238219       -7.3396361584771710E-002 -0.79535401520275684     
 -0.22372458284061386      -0.16188526479131324      -0.96111418264234294     
  0.27056173975342751       0.23113713213267528      -0.93454372349884485     
 -0.71824165621945735       0.25794447156307099      -0.64621480396318687     
 -0.81236472779307145       0.56014684204610055      -0.16216986274737302     
 -0.78351692624210056       0.61565677075434588       -8.4071201469291132E-002
 -0.68665296499148465       0.72253509551756512       -8.0316507729418576E-002
 -0.44626042259334897       0.69396106583578077      -0.56503953342299051     
 -0.87252600654522749       0.48378890442732070        6.8166442295844842E-002
 -0.86073397128542528       0.28314883776563360       0.42304109297702602     
 -0.43625950033587291       0.29198799283783644       0.85112905038262388     
 -0.55783463755176976       0.68289613776032687       0.47167084092564904     
 -0.37746903021022510       0.92328126178435876       -7.1195806548233459E-002
 -0.61707657223317336       0.39014110787511647      -0.68337867975736966     
  -5.1005314184066369E-002  0.79387263330888258      -0.60594116876820958     
 -0.24159275853345427       0.95220998545385194      -0.18689323857797846     
 -0.61995243824193746       0.75628160202560224      -0.20903854370769698     
 -0.85598285189527212       0.33333039044242202      -0.39520147781701337     
 -0.96169467035095368       0.24905993972852267      -0.11450985739668526     
 -0.86368615076712152       0.49529794527767013       -9.3414015954861887E-002
 -0.67404177478729221       0.34121887998736405      -0.65516208817495458     
 -0.18011840479748359       0.77835198739348543      -0.60143623433730009     
 -0.39273812596336727       0.29279971803365767      -0.87179417842412876     
 -0.72386889767763940        7.9818192271751118E-002 -0.68530495048366780     
 -0.26497149187257113       0.26684265019315589      -0.92659867716975663     
 -0.44696721475511175      -0.12216221165213528      -0.88616968069232649     
  -8.1813185251027126E-002 -0.63496548445007472      -0.76819622250840958     
  0.36804854284351579      -0.92477658271966423        9.6584378468267090E-002
  0.65809256892775370      -0.74363124675093117      -0.11801160780934883     
  0.37418743092910445      -0.80995384184378405       0.45161769298513432     
 -0.30439097096591605      -0.91902566957950660       0.25047545877471550     
   6.4601027297329888E-002 -0.98605113901873032       0.15339445398071583     
 -0.12035661446345709      -0.57261508242184467       0.81094158404778838     
 -0.60833535825005070      -0.73707934670852959       0.29435035002269061     
   2.4794461175697554E-002 -0.86940027881429305       0.49348595713828725     
  0.20937112741506142      -0.95376971346165507      -0.21560859140642638     
  0.13098053140594951      -0.98625402043610388      -0.10073285246760252     
  0.51369126514269070      -0.82754519797213077      -0.22647346296962620     
  0.57868782454216239      -0.49552680499447377      -0.64774500172416738     
  0.83590620260640025      -0.50658148168271633      -0.21127239019890542     
  0.96030373257335711      -0.11622402190314901       0.25359163617583680     
  0.88379521863768484       0.25351554140327559      -0.39323769119984947     
  0.81153999189446524      -0.19904152542861070      -0.54934990007370199     
  0.85630340415746031      -0.45328469977419883      -0.24754284675378441     
  0.92991943636841723      -0.36030279273795118       -7.3700335205777942E-002
  0.58167264884236936      -0.44577652514313881      -0.68039710406498588     
  -5.2848197110456047E-002 -0.64943033724563137      -0.75858243133306891     
  -2.8438999076727714E-002 -0.46398383747757316      -0.88538704637638821     
  0.22943205350059190      -0.75295658371261098      -0.61677979528381766     
  0.74575272931013481      -0.50584904864408653      -0.43355461791140193     
  0.17798119078189284      -0.84904315394143304      -0.49744187446679178     
 -0.30479359900025582      -0.84898337463912621      -0.43165737755171846     
 -0.69788402467005883      -0.69943243452521886      -0.15411735023813875     
 -0.84953597893224864      -0.51976816779594071        9.0164695117798913E-002
 -0.73965074847178736      -0.56565545362996339       0.36462402288364193     
 -0.92173134162473747      -0.38704150526821285        2.4702369651166029E-002
 -0.91635445722395847      -0.39469001925702402        6.7188521524592773E-002
 -0.73368038608363817      -0.60869688465720506       0.30199535374704761     
 -0.83064095562671214      -0.46736507539811567       0.30266398717667226     
 -0.84050923224328966      -0.28064237591652785       0.46344804169802944     
 -0.44583115029067527      -0.76468686416418985       0.46528333862844418     
 -0.44850308486081714      -0.89103534149786534        7.0007164434488178E-002
 -0.36874348235171822      -0.78379151445842654       0.49969901549443990     
 -0.16450008734943777      -0.43148949073868126       0.88699297665995969     
 -0.77714841060194007      -0.44293781707211355       0.44704187511491872     
 -0.86589256989760821      -0.21251977536620370       0.45284147609778674     
 -0.67725888621349306       0.46859663611446845       0.56721917603966254     
 -0.64590443028858280      -0.73541375882821658       0.20487574346359630     
 -0.39489646579844229      -0.78983443915516316       0.46927426951021700     
 -0.18932766131789341      -0.11962428204862818       0.97459995270071165     
  0.45133723147728178       0.56976118982019430       0.68678008857065376     
  0.49392488368904891       0.21944839285976442       0.84135641207757872     
  0.34511301767226399       0.25766706365597297       0.90249913536804538     
  0.43957297267814149       0.20226474838369501       0.87513688829359981     
  0.79755829341567563       0.31728102405494252       0.51306288150531221     
  0.87284385713851853       0.20792797897717219       0.44148562447039841     
  0.93747109352584557       0.33713806131479768       -8.6520959405005371E-002
  0.31018353922034825       0.90274250416549551      -0.29806399173625209     
  0.30119102379321999       0.92259454590378853      -0.24104620107975602     
  0.53863912107566914       0.75909202599054337       0.36557788954531240     
  0.53715298495616437       0.77445288436313819      -0.33419964191232143     
  0.59324711023434906      -0.53914762941065708      -0.59781075592488597     
 -0.25158567747876232      -0.91179122973105009      -0.32456339946622259     
  -8.9459827271253067E-002 -0.53300864135807902       0.84136717759977864     
 -0.62510960714167274      -0.41807332641054384       0.65913023963646677     
 -0.86997950468455054       0.44664426153980863       0.20891281689350685     
 -0.96590455083027404       0.14299089856801678      -0.21582863946212386     
 -0.80831519575624322      -0.36083798280119517       0.46521231118436457     
 -0.93017069555692611      -0.36601944242229378        2.8499910456496524E-002
 -0.86213273058254658      -0.15479116596035344       0.48245916904848613     
 -0.63833422660533701      -0.12121498008592634       0.76015547340457257     
 -0.84287961554945778      -0.53660464581655698       -4.0117424883708730E-002
 -0.88868957160417772      -0.45384405944452499        6.5241206526019668E-002
 -0.75679340797037420      -0.59554247111368763       0.26943070120611368     
  0.15873813478672932      -0.91269030743454949       0.37656155841976607     
  0.73169031225782610      -0.41034839426079084       0.54428253901415213     
  0.81905489640131068        3.6780140484840129E-002  0.57253497530459441     
  0.62141060655538993      -0.33551227278460372       0.70801156266790255     
  0.88779851680381050      -0.25117713274811720       0.38564730200718700     
  0.68963633225948795      -0.35828643645893504       0.62931117793765767     
  0.74855541334500875      -0.18789389227106959       0.63589360619458657     
  0.68806647327509918       0.32040723519330405       0.65107889843749733     
  0.54540858368274325      -0.27121681667918296       0.79307686588100235     
  0.71548551305113672        6.0585605342006063E-002  0.69599559268668676     
  0.78496006819428121       0.39499930378300818       0.47729785391453544     
  0.90704645817224927      -0.35632788873344112       0.22427027985886261     
  0.56461838717745072      -0.74585436868617239       0.35342232183739075     
  0.48666833421537892      -0.85544641242708419       0.17710270449009544     
  0.15155084690668452      -0.98182347933098402      -0.11425846242731970     
  0.16509746474093462      -0.95176561265378212      -0.25862143319134384     
  0.35265324874462389      -0.93150958606008760       -8.9025711050482709E-002
  0.81028629867134483      -0.53901626894148869       0.22999473037857968     
  0.97786693104887190       -7.0906748735357586E-002  0.19684638209745547     
  0.99182487937302477       -7.4916255451247346E-002  0.10330035491650941     
  0.80729487113426202        3.6779694685655728E-002  0.58900105695927185     
  0.78808192395364352       -5.6155085545280009E-002  0.61300366027045683     
  0.90881885264723405       -6.9965165145678299E-002  0.41128234673895814     
  0.59104830334242164       0.79251606829241295      -0.15026704433910215     
  0.17257071553209280       0.97936179091229114      -0.10521326267076073     
  0.20926736332731097       0.94483387159478516       0.25198437597053658     
 -0.36471667905097815       0.91582518719449824       0.16806537573870281     
 -0.52436032867717608       0.80103002344002672      -0.28878564240157634     
 -0.96181358706567077        3.7559549914471163E-002 -0.27111603410007301     
 -0.91950045721064388        7.9491555420521248E-002 -0.38496753344442314     
 -0.85278324277372741      -0.32740522574654773      -0.40689870852366067     
 -0.88810221020689883       0.34190759336974447      -0.30720296519043455     
 -0.70670867520542524       0.67348339515128508      -0.21675554167060809     
 -0.13306673518685930       0.46888675215398123      -0.87317722006542575     
  0.25802729885824482       0.61828407927568363      -0.74239255812420790     
  0.36398919508346872       0.85145822797922421      -0.37753245141179481     
  0.31363608304458779       0.92576230415298710       0.21117898480164857     
 -0.51712320621893948       0.80483032571612034       0.29125888209217005     
 -0.51628227034968399       0.84676156253154922      -0.12824770384596201     
 -0.81268838901020346       0.47130712423750692       0.34264730702430851     
 -0.84598741442262992       0.17318794461146628       0.50429280232796803     
 -0.71167507838448074       0.47578793972894001       0.51686015440836286     
 -0.74208257555528756        4.5154394633655101E-002  0.66878586386266670     
 -0.66308349991391602      -0.69174604442440912       0.28602042263648131     
 -0.80279233865341060      -0.40678125927545428       0.43595122215878640     
 -0.88280512904835562       -5.0107706725583387E-002  0.46705922734989724     
 -0.89766277764754798      -0.19738937335767107       0.39400377271241421     
 -0.94385959186864721      -0.33009862817399349        1.2804941047213192E-002
 -0.27939484011236870      -0.15511103901475479       0.94756482041830803     
 -0.28402865221978568      -0.47695129813708326       0.83177231495381188     
  0.13014669190979361       0.15551160343692694       0.97922315116700798     
 -0.15853004202021342       0.59857599127837624       0.78522290366634984     
  0.68613533335480315       0.63438047137695741       0.35606140180824719     
  0.66775569281072411       0.59835391350928924       0.44280348791197416     
  0.88029675617625136       0.43987309362940635       0.17773374065295916     
  0.50083519626988271       0.80963295467749730       0.30603690116966831     
  0.25692336502547747       0.94843915816765900       0.18561666885877043     
  0.39624351266831903       0.90286451730426587      -0.16681349484144947     
  0.72286076079230832       0.53362358836194479      -0.43899679548999859     
  0.84503383104101981       0.53444051765630252       -1.7063337405569645E-002
  0.93341205290776608       0.28027165687679534      -0.22403066271845906     
  0.74948050577679171      -0.44250838741789089      -0.49240765482004339     
  0.33517956575037411      -0.22940878696827591      -0.91379771676510202     
   5.2360683070045988E-002   6.0397368651019828E-002 -0.99680013880844864     
 -0.27677861714850172       0.70477959595296302      -0.65320694899684484     
  0.87516391433634033       0.34455128603019169      -0.33966532695945995     
  0.99407866267360245        5.1780993437160125E-002  -9.5531885440242714E-002
  0.98922037870325052      -0.11359977857223939       -9.2402016572091517E-002
