  0.94866609946930247       0.25676150565977429       0.18467853402352180     
  0.60985426338089710       0.41332220034795997       0.67619711337426891     
  0.82434536283722204       0.22051895616276740       0.52136945896523779     
  0.44445614388760302      -0.19993144728393794       0.87320453076443905     
  0.14454956107701628      -0.40748960502989168       0.90169709225717010     
 -0.17621704706432725      -0.84062126041199925       0.51215568811377765     
 -0.42981945534564669      -0.90173529447999379        4.6137777313913567E-002
 -0.70214226627248399      -0.41231057722435199      -0.58051376023541279     
 -0.87108198404719894        2.4353241252530765E-002 -0.49053348174097544     
 -0.89488300033183332      -0.10043481087256177      -0.43485315277932046     
 -0.96976202449700555      -0.22446444787450942        9.5798368899851716E-002
 -0.96289696270569436      -0.19219259711868775       0.18945037562630657     
 -0.99262314759953696       -1.4435205874790673E-003 -0.12123202175122173     
 -0.96135237775673743        7.9073153007360883E-002 -0.26372152406461258     
 -0.74159072926076686      -0.62833827658868713       0.23501957460614314     
 -0.43274708746238044      -0.79789600715947318       0.41963307788093007     
  -6.1891084957844261E-002 -0.99780135727377106       -2.3705379671887697E-002
 -0.32116487735656574      -0.94614198621239298       -4.0846829480548588E-002
 -0.90445965162513353      -0.40640457144719627      -0.12956875737987647     
 -0.76023459573495256      -0.28659271322217017      -0.58301627436606052     
 -0.75686493361994456       0.28616712061094612      -0.58759156847059735     
 -0.66232610878449694       0.33742850869220659      -0.66892908977271126     
 -0.18114104947764836       0.46754442707623828      -0.86521103142763545     
 -0.98837982460760798      -0.14618329216754705       -4.1662541925773733E-002
 -0.91719330885927108       0.20289922805922159      -0.34291155920550637     
 -0.73235894861034978       0.29556701656540224      -0.61342522699104352     
 -0.47443279899141871      -0.49111450350954322      -0.73056147152979733     
 -0.65588841583303281      -0.19492687612615500      -0.72925571574019632     
 -0.31493478887062137      -0.52554254611769280      -0.79032974825648217     
 -0.20273117719132208      -0.68887760445622137      -0.69595094358244525     
 -0.68198596827797731      -0.72339376981993608       0.10768747771994854     
 -0.96184980496655725      -0.19921721019560415      -0.18750321556628655     
 -0.93115472153432133       -4.4873863100018327E-002 -0.36185248510250795     
 -0.99766021497351853       -6.4036455969427697E-002   2.3946351828577912E-002
 -0.83390650805286903       -5.9429530672046649E-002  0.54869669828712808     
 -0.73170107715481503      -0.49842209786886560       0.46496123069187645     
 -0.86600445456688091      -0.46870611003036294       0.17421500248413674     
 -0.69821083160836173      -0.49349796589681760       0.51861487857609512     
 -0.22873188991052940      -0.60719722316247793       0.76091606286223135     
 -0.22920295624248704      -0.52089169832445514       0.82227601416214635     
 -0.73347125128930024      -0.48728318657842606       0.47389346862990767     
 -0.27181665973176822       -7.0039176166557554E-002  0.95979696670398629     
 -0.38740726265483916       -9.1934393786157392E-002  0.91731329439918596     
 -0.37983548870060807       0.32846014905653698       0.86477681051549815     
 -0.31937416191638651       0.55623764665212472       0.76720259719785511     
 -0.38167304772470906       0.16276724975459633       0.90985301397965079     
  -7.3533038768344369E-002  0.29636641732798252       0.95223938108528672     
  0.70024811555012267       0.56157548215055131       0.44077835077948596     
  0.77287034700919410       0.46949497135193785      -0.42690268046607999     
  0.60946996706331313       0.68464161154811820      -0.39976520982275554     
  0.11947187219205702       0.89727138494999736      -0.42500650995585332     
 -0.12482447694281394       0.86937561759285753       0.47812643253744003     
 -0.41794904568184033       0.87472522792820706      -0.24530464903780480     
  0.50248158161729095       0.75042168594970815      -0.42939440307457699     
  0.53842274778724819       0.73006958350677709      -0.42083173347958547     
  0.29547062700850585       0.92599458041306837       0.23501307542524719     
  0.34444363901528741       0.77159443439637831       0.53479024705995992     
  0.18640408758790220       0.96837767265183272       0.16582580993308194     
  -5.2793820158806640E-003  0.94358854885909738       0.33107820615001304     
 -0.18609931130375487       0.97082799905423178       0.15119537884679368     
 -0.33908881844135391       0.79259649887602035       0.50676381399772907     
  0.11974720088398760       0.78718785149497150       0.60497594525664178     
 -0.32914731344498765       0.44420771487983302       0.83327159563566489     
   6.5735466728504763E-002  0.24486574614116816       0.96732601266622265     
  0.11801363077403945      -0.17586409462760771       0.97731499690343526     
  0.12187249674709152      -0.91918502438152105       0.37449430635106185     
 -0.12510833456711637      -0.83801513113228587       0.53111067077888685     
  0.15774738151795542      -0.80794493683147384       0.56775059900686453     
  0.25126659498718995      -0.15177807939298982       0.95594378122322388     
  0.20555529508443710      -0.33518296736784470       0.91945603432099043     
  0.49475603797665280      -0.24292524359033432       0.83438827227630341     
  0.37115516233683443       0.30628359819489759       0.87660378903326286     
  0.46671730343374346       -2.4718286505604509E-002  0.88406106406051821     
  0.10134153251301053       0.35754383708522491       0.92838154782951698     
 -0.49633549023592427      -0.11781399895748712       0.86009937959629212     
 -0.78374231613001388      -0.38955394641177854       0.48373102520124683     
 -0.90069587929962047      -0.35113466576062646      -0.25583467222772427     
 -0.79109522345284999      -0.54052708877403366      -0.28635434994359549     
 -0.58227665997754274      -0.79963388175271977      -0.14676357313200522     
 -0.35265592038707611      -0.57136121973201814      -0.74106690548310106     
 -0.48750674031079233      -0.53614734622383897      -0.68911769770387210     
 -0.46461307359165066      -0.54019933863639646      -0.70165473445600646     
 -0.74294742593706087      -0.65035398186075366      -0.15833136319541732     
 -0.54582802151652898      -0.38360581109644598      -0.74492842113883240     
 -0.40746055570954842      -0.30690382433450825      -0.86010809678185807     
 -0.20879550001502467       0.12567197663056848      -0.96985101611703517     
 -0.64450659220838102      -0.47755062564521700      -0.59712364929369022     
 -0.25945697156986813      -0.95631485199889177       0.13469960560474126     
 -0.83134420115076602      -0.50019832562189781       0.24221571843717071     
 -0.86756325564733860       -5.8417094458261376E-002  0.49388403550392240     
 -0.76894988461445890       0.41886500036775942       0.48297845336857637     
 -0.57231028670731199       -4.0572560589110684E-002  0.81903284614003347     
 -0.31474142325967958      -0.52930052992244359       0.78789516149569949     
 -0.69438888453600134      -0.55023142307842243       0.46375581731116761     
 -0.80014007251578045      -0.42059991163551030       0.42763486607926582     
 -0.60959469511631326      -0.65771579428652949       0.44249773065194026     
 -0.42895821784687144      -0.69608792354140103       0.57572254605971684     
 -0.46009379478406898      -0.78403362767249718       0.41665929808407504     
 -0.70739854273936764      -0.69669469096712666       0.11917973530948275     
 -0.48639046225628257       -8.0774829707568885E-002  0.86999985351256093     
   3.6561347471001426E-002  -1.5687721456486003E-002  0.99920826821370290     
   1.8780604767782989E-002  0.69730261138375682       0.71653077885178451     
 -0.15379599286703843      -0.22753541894064228       0.96154793208947398     
   6.4969513056559902E-002   3.9697203905323525E-004  0.99788717036867358     
 -0.76514637556379217       0.13053826293431509       0.63048456434058286     
  0.41659806776356845       0.53777996780238846       0.73296572646076374     
 -0.14565000803193320       0.83267312136871519       0.53426730024434610     
  0.24132287322327398       0.94830026959479718       0.20613070985587095     
  -5.6410376197919047E-002  0.97380426208451143       0.22027965998536672     
 -0.21895001543799364       0.75090196339563242       0.62306270319151369     
  -4.3717234122350866E-002  0.82209331132454977       0.56767190428639891     
 -0.59564394204644422       0.77073735541608701      -0.22621278317020446     
 -0.87480532473596417       0.39177257682830452       0.28500858207943147     
 -0.78150286806585967       0.60172808778129505       0.16485319402395326     
 -0.35494067808347490       0.62851195398952409       0.69209091796809419     
 -0.21151052308399126       0.30409463021138511       0.92886476653027084     
 -0.71815655578985260      -0.52302124431837704       0.45902063065587934     
 -0.57527956213350051      -0.67840487080615808       0.45696855106010276     
 -0.98372246818850262      -0.11272390364591940       0.13994079865418602     
 -0.21174785849747016       0.25912940365766679       0.94234537011744202     
  0.64228820612508475       0.56720582300417399       0.51550306946007174     
  0.96280387750290708      -0.22909326276142511      -0.14326538459339472     
  0.51759143201890223       0.47804665457986401      -0.70962701861304556     
  0.20091404017993922       0.90900307654140344      -0.36516702383544342     
  0.43064205186287957       0.52332675473315038      -0.73530709975342279     
  0.27039745169263196       0.90181037844327339      -0.33708049402200607     
  0.37648767009296558       0.86885070524225172      -0.32148948080461909     
 -0.11096084109624686       0.97036783994785880      -0.21464842635850662     
 -0.13768069636237526       0.94049760968585605      -0.31065780534916637     
  -4.7657006822631486E-002  0.91754705967504124      -0.39476094409453583     
 -0.41149892959301704       0.69188765130236018      -0.59326225981363223     
 -0.32097672927656073       0.62241840534405968      -0.71384120639811122     
  0.45528490193574250      -0.13978073880018438      -0.87930484084298188     
  0.52520745454816486      -0.66406679213004527      -0.53213947915673998     
  0.51534618210028782      -0.83892423076290079      -0.17499842180321190     
  0.48171678586480288      -0.54250536717154840      -0.68821280488394365     
  0.86545161812372540      -0.12516535746859342      -0.48510527720982494     
  0.80273772510092500      -0.52284476246988887      -0.28678476085323179     
  0.82520548295427953      -0.56361888948330985       -3.7008895144882065E-002
  0.43040384057063868      -0.78673180881439886       0.44249925991091821     
  0.66415534059091852      -0.73440399737611872       0.13981577951928983     
  0.82708077852817419      -0.23071609171857749       0.51254996908725503     
  0.79863027957998867      -0.22540334072389723       0.55801703426379079     
  0.90583951534100904       0.16910735181443834      -0.38840375385558312     
  0.66635283211393470       -6.3382500251606799E-002 -0.74293779133629156     
  0.40258992636842433      -0.42616486576930579      -0.81012644591480309     
  0.63112399423576415        5.6761318337232802E-002 -0.77360238924172919     
  0.70963105905909130      -0.15865418469828840      -0.68647841167545987     
  0.77997255165724177      -0.32999245647306230      -0.53174034766245981     
  0.84063985312311107      -0.44895567798505659      -0.30292480345156347     
   5.1331438627419103E-002 -0.97207673646615245       0.22898013413783036     
  0.32816071127936125      -0.70498360876728938       0.62873576241702034     
  0.26984796420466983      -0.84194327682651271       0.46724040366949871     
   8.8781069726467016E-002 -0.80105224674423714       0.59197400250711263     
   7.1933670377170883E-002 -0.83172336276407932       0.55051048572982786     
 -0.71041536259165039      -0.61198972917186489       0.34753213374011693     
 -0.93289177109416310      -0.35839295248650199        3.5601053816261607E-002
 -0.97849417559572138       -2.0091197033850629E-002  0.20529367288599190     
 -0.94245631909075067       0.28167073027273432      -0.18010465378094245     
 -0.64158544898807124       0.40408675807986100      -0.65198313137024189     
 -0.62575201997489782       0.17654229798538584      -0.75978103853639656     
 -0.89727831408375669      -0.25516855166427549      -0.36025079780149788     
 -0.63161133170664352      -0.45841882843394982      -0.62523539838772657     
 -0.89428658836556740      -0.17819455917377416       0.41048531880009298     
 -0.81123512584254331      -0.14165520240990664       0.56730183696994774     
 -0.97252493543894114      -0.19338728649931092       0.12960172595266625     
 -0.72634591406844951       -8.3408891186133371E-002  0.68224963905248404     
 -0.55124126347792002       -6.6419566098884608E-002  0.83169796842275867     
  0.31899195605859465       -4.9713766886390232E-002  0.94645267887620166     
  0.85008975936141629        6.7262794202242085E-002  0.52232472423293930     
  0.93470998736826361      -0.21626782383087306       0.28203806106543183     
  0.76497565679871316      -0.30976233394878222       0.56467649231398986     
  0.50529529110999571        3.1750329680167610E-002  0.86236221238369326     
  0.82154161687340188       0.38759370714327357       0.41813931880185506     
  0.58084867621791991       0.42997677799940826       0.69118361215901536     
  0.79139321099299176       0.14724312559016212       0.59330957143864949     
  0.79537762555071123       0.28093650650722646       0.53707458707791433     
  0.40927502156290707       0.78430695978111464       0.46621513227657380     
  0.50297056246705241       0.51448147258877630       0.69449940795837461     
 -0.20336057144649899       0.81567143576089784       0.54159448562992507     
  0.38337885507238900       0.84036886921038489       0.38314594757805054     
  0.46520462676933760       0.72907578788773042       0.50202903377031594     
  0.56129883931728841       0.82749821829221648        1.3795350822447983E-002
 -0.13519884293093959       0.92880965706502738      -0.34501288934316932     
  0.54310631256229680       0.30377738138691435      -0.78278658382263511     
  0.50455939783549564       0.19258585502644632      -0.84162372976268074     
  0.78113271439676724       0.61599096233958306       0.10191573389388606     
  0.48820823521233259       0.72887283518845580      -0.47999698873560415     
  0.75076024813376252       0.15276102561500665      -0.64266874739263091     
  0.47206347167483664        7.4804741941575797E-002 -0.87838506891532075     
  0.48970833516736695      -0.59389280367749109      -0.63833931745404970     
  0.77770510329269971      -0.34048165941537295      -0.52843827635237250     
  0.97658295180608745        3.4732613014958877E-002  0.21231906140263723     
  0.80454257503778626       -9.7940899627379629E-003  0.59381421400415502     
  0.90592809709827793       -7.7069352601978794E-002  0.41635873688129832     
  0.70275887175941709       0.37169282343446486      -0.60660894583811020     
   3.5708705739977573E-002  0.91872624447051132      -0.39327722544728527     
 -0.49820482551889728       0.61483073257243093      -0.61137150907952731     
 -0.92527678774763134       0.35870642104936018       0.12325814193568313     
 -0.62085167334822033       0.64250349673932627      -0.44914636409361558     
