 -0.62761565184662027      -0.57061829931189534       0.52961622902588146     
 -0.60098945241317969       -4.0955674150422186E-002  0.79820693485024197     
 -0.83538813803848122        3.6939817502913426E-002  0.54841782311254295     
 -0.53048869095722195       0.47072627272198614       0.70498122310866385     
 -0.43190528175608012      -0.31349897994326131       0.84568091923948752     
 -0.27398843117709581       0.61136319138133111       0.74240513724325163     
 -0.18251173430959444       0.97731377993563273       0.10745809595952660     
 -0.61167671319480754       0.79024093610499635        3.7025146037415031E-002
 -0.57279003671071671       0.79707222445236825      -0.19127844324837029     
 -0.58863320846651612       0.53489378140890864      -0.60613495898233594     
 -0.84659980433976001       0.40509764264220255      -0.34520236270573007     
 -0.88503178877917499       0.42646456073673217      -0.18667273846489835     
 -0.37574527590268136       0.79906715884566304      -0.46936889893890771     
 -0.42762051262544548       0.78838908686249964      -0.44224805810549694     
 -0.66475820028386712       0.54750804288874189      -0.50826319769141604     
 -0.63872456468546801      -0.14718328944045006      -0.75522712462998376     
  0.30353781745990621      -0.20073046034569203      -0.93143549194837560     
  0.18490010232246376       0.23572422683057626      -0.95406815325021266     
 -0.31474679172941661       0.63050302066981656      -0.70950715149480892     
 -0.44907700248530014       0.84169090318036266      -0.29981038898319745     
 -0.89438582191798544       0.44492000817380689        4.6045497920321102E-002
 -0.91143126586189505       0.31762040780453804       0.26155367356523346     
 -0.38585563382895649       0.83633678854374871       0.38943061765963793     
 -0.63709622194065862       0.39566567062783575      -0.66148097559611596     
 -0.68162450022251397       0.43587759576678020      -0.58770635712486408     
 -0.33965663872083413       0.74264853897500660      -0.57715380561094543     
  -2.9231019574707286E-002  0.58163018010342193      -0.81292796795750888     
 -0.54271461841773461       0.82142209582404324      -0.17528999813949853     
 -0.49975721972104642       0.78274544356998510      -0.37088042804537852     
 -0.25701016655918840       0.87775193928107209      -0.40434800280644212     
  0.11176520533217735       0.10892229016256211      -0.98774717088070452     
 -0.14131306544646371       -3.2672821763766013E-002 -0.98942564361964036     
  0.39881195645058132        8.2290520730151362E-003 -0.91699580483995691     
 -0.38796563699556191      -0.42231787804267540      -0.81922541122464743     
 -0.37927108423356554      -0.67753773089256997      -0.63015559021663159     
 -0.14590203258414586      -0.56360674227555629      -0.81305598635602838     
  0.23096517799188387      -0.76389085857022188      -0.60259923892090550     
  0.52094123793160774      -0.74758608545651117      -0.41198940696835273     
  0.22076276891385652      -0.90796911918897671      -0.35616832882881583     
  0.18576360683985682      -0.95230620870253202      -0.24208421518239942     
   9.1357556398532422E-003 -0.66457773761370798      -0.74716328110871588     
  0.41414870853109459      -0.80093550432524052      -0.43241550057011591     
   5.6067769712831957E-002 -0.91878481127411704      -0.39075679875268987     
 -0.68666292436257748      -0.63091187025662565      -0.36117065256628145     
 -0.63602837832143733      -0.44508760522399243      -0.63036888061340868     
 -0.18601119384647535      -0.76328030806133196      -0.61871076206060394     
 -0.48278789973569608      -0.87572860414362985        3.9058614248705104E-003
 -0.96848622324921052      -0.21092064449869638      -0.13246477683046914     
 -0.83932723307022883      -0.16109744369900489       0.51920844509726205     
 -0.90242416460676578       0.31555818991322415       0.29334903427907877     
 -0.81166397229820975       0.53707251020129532       0.22968394558433891     
 -0.95047578140456157       0.24515552397867788      -0.19103548891795299     
 -0.66058713976047190       0.66201806821574838      -0.35405749270273623     
 -0.27051366951432199       0.84526344771387063       0.46081672990979111     
 -0.21467786587984425       0.97575311651744823        4.2652895654680750E-002
 -0.18760942648424495       0.83648383812551297       0.51487619060223788     
 -0.41920307644469362       0.54429696613373746       0.72664268616489247     
 -0.49462912373181439       0.77474942006503100       0.39383418600373177     
 -0.59269827523561314       0.63282516524291699       0.49823795998298476     
 -0.71952660140566738       0.53306565462728317       0.44510951206012384     
 -0.88491428556729579       0.20463696500551232       0.41839027205739754     
 -0.89725727025274571       0.15500801687817145       0.41340283705131581     
 -0.90729262588128046      -0.29272024154452059      -0.30188565916849341     
 -0.64051915260709802      -0.66862201197819415      -0.37772982440064201     
 -0.47471801166717625      -0.69427241612890611      -0.54095158896274620     
   8.2730161020158344E-002 -0.97233786592397264      -0.21843716475908606     
  0.22959579752106959      -0.77431031906661840      -0.58968576339236756     
  0.29060085748025893      -0.76775613184649849      -0.57105311805810355     
  0.20262379709051698      -0.95977114467527147      -0.19437835965296862     
   7.5084660085178986E-002 -0.83172331848657710      -0.55008964297250440     
  0.34262489664447732      -0.85266447720352345      -0.39442549298266816     
 -0.13915782034432544      -0.98396074814876233      -0.11160800661024733     
  0.10481616243145182      -0.99400848866919422       -3.0995105206839790E-002
 -0.60954895262786346      -0.79040964304580652        6.0849572969070898E-002
 -0.62385047817990635      -0.67674581693011715      -0.39092925209340751     
 -0.36001182764372780      -0.28291964975492068      -0.88901516057897312     
  0.27566615495188818       0.36086616859377318      -0.89094544130294873     
  0.29995855448202763       0.30625318908978244      -0.90345661199941374     
  0.85055618904747599       0.32448110904692740      -0.41384318182702007     
  0.68689063216670565       0.42592649270364213      -0.58887000454668703     
  0.37482986552361824       0.33524281497664477      -0.86435804324254928     
  0.24134974206942172       0.23834902158829105      -0.94071252033282693     
 -0.52823534440566522       0.15138455244218085      -0.83549394863306303     
  -8.9675940619004510E-002  0.57753893487202346      -0.81142282712590164     
  0.14176076933881712       0.35426989340654574      -0.92433583015166643     
  0.55090726127764389       0.35413085811484069      -0.75570663937960292     
   7.1949362445871551E-002  -1.1288773910039906E-002 -0.99734440030876736     
 -0.76238623056818622       -6.1314494550388995E-002 -0.64421096559900726     
 -0.82525887060110992       0.18797746968580720      -0.53255259588579040     
 -0.68339563756384381       0.70518114117482456      -0.18891786757761875     
 -0.62956501042045954       0.76726769159318853      -0.12226277884752584     
 -0.82739608912130347       0.55807042282207164        6.3032649301535487E-002
 -0.97312349647710228        6.1453519741787171E-002 -0.22193270492553521     
 -0.96351939458234270       0.22171701679565076      -0.14990643991141642     
 -0.60088788432289586       0.77603378893052988       0.19158629625332305     
 -0.35144510794456163       0.89707645389406176       0.26784355876279581     
 -0.95204474407343542       0.30592019397599396       -4.8621188651473204E-003
 -0.86975176557560729      -0.27831489363186646      -0.40752016669216562     
 -0.93550144440230387       0.34398676645129361       -8.0685513120892977E-002
 -0.97191379606975525      -0.22963479703612905        5.1492067345340987E-002
 -0.72112638285598152      -0.67908315297323985       0.13719625103109642     
 -0.98264918296911963      -0.17594418546947596        5.8687535385238125E-002
 -0.70387080959002324       0.46973650409980594      -0.53283534053511306     
 -0.93018771144845080       0.33932931816974038       0.14002298133075247     
 -0.82286605366198851       0.49155195434402399       0.28507566348491120     
   7.5660356816098562E-002  0.30191067228154150       0.95032913054846335     
 -0.23073867942482201       0.70956367724497504       0.66579204692747451     
   6.8134046883368243E-002  0.73328647213851850       0.67649737725576420     
  0.19838435633267670       0.69822728615851370       0.68783886487040213     
 -0.18870787836627578       0.19710760578630004       0.96204881808758402     
  0.41874718428576319       0.40643553632058510       0.81207201064225676     
  0.40535393118818436       0.23603438294245563       0.88316247686327676     
  0.62899291401143198       0.35183381078244397       0.69323941298350855     
  0.40776513511183066       0.62816077302549267       0.66267762737189040     
  -2.9179931777829390E-002  0.70452532019464631       0.70907870140490847     
  0.10378676244625071       0.95168070226887547       0.28901928805866467     
  -9.2353912441709429E-002  0.89408594393823870      -0.43827055537508353     
  -9.1910567756752298E-002  0.71518785452926303      -0.69286274273369886     
  0.27756866968344557       0.90987217399358478      -0.30836384451224952     
 -0.32867830048759239       0.93857460750993194       0.10511080308982468     
 -0.49659353764827696       0.44718605304198855       0.74392169771466765     
 -0.10454521361706273       0.34730666927992265       0.93190577623676840     
  0.21866955344882100       -7.0780659855968348E-002  0.97322850584272624     
  0.83440863347977923       0.27413737622153750       0.47813275492563290     
  0.88148862878664047       0.30847920265193940       0.35751696302562008     
  0.65653948564813225       0.41071618480525890       0.63266746346235414     
  0.81282909190649100       0.32250343327403586       0.48507772869607424     
  0.41461910533750646       0.32480500379628202       0.85005453177903101     
  0.32517495435151267        3.8529076740021206E-002  0.94486864658959513     
 -0.24881951617812448      -0.47239819917676262       0.84553461773214744     
 -0.40459793791854537       0.42828179902012375       0.80800693639363119     
 -0.34476678036793185       0.61997475634723564       0.70481711716370199     
 -0.99732392753822807       -4.6950593663211096E-002  -5.6041282234335077E-002
 -0.94839210557870457      -0.16646932492521987      -0.26988956618400689     
 -0.71320184815851950      -0.22702436622476804      -0.66317649304208703     
 -0.69259097914024714      -0.68702374241594655      -0.21980926497857539     
 -0.54874441325484713      -0.75205502823846637      -0.36509286958645809     
 -0.73675585114812969      -0.52879948827100798      -0.42138096421571281     
 -0.60481450337770792      -0.50346119541442613      -0.61703017852930397     
 -0.40233054731204965      -0.13499013427362391      -0.90548760032836340     
 -0.27791142320563716      -0.41246231357518265      -0.86754831607932736     
 -0.71663428480133284      -0.39800829999366011      -0.57273440178101209     
 -0.91012925021079860      -0.20341036444048879      -0.36095563653859769     
 -0.28457756362601966      -0.85341671004732933       0.43668699235574876     
 -0.17115945747472211      -0.97230310616265581      -0.15915750017974342     
  -1.5293072270975710E-002 -0.99939017975444788       -3.1390931030217895E-002
 -0.11300657097438489      -0.92180351539267946      -0.37082043353395300     
   1.7307626443207269E-002 -0.96650444151215209      -0.25606563729687859     
   1.5890871110409731E-002 -0.90063461654491728       0.43428650416098868     
  0.23918492037363459      -0.93416988967387860      -0.26479650883761707     
 -0.12627715706385365      -0.96790077790217410      -0.21730661227919701     
 -0.33022676917112581      -0.92098267726179617      -0.20673942320354813     
 -0.37554788047454291      -0.80828428359957138      -0.45347580570192558     
 -0.39361201570635052      -0.86179388347204167      -0.31997012907741917     
  -3.1748531711188389E-002 -0.51841943256475809      -0.85453690538994653     
  -3.0736507649717394E-002  0.22361126574138823      -0.97419365063167540     
  0.41950745109878546       0.61079171587296044      -0.67152585824642030     
  0.50071417831067622       -5.8158608759410119E-002 -0.86365669560645453     
  0.81168797097223444      -0.11642966339522205      -0.57236943599450474     
   3.6873350179328378E-002 -0.13908841723567705      -0.98959323372661179     
 -0.25144699206036247       -9.6428679455003191E-002 -0.96305551239917364     
 -0.60198533916531660      -0.36064119869123579      -0.71242654164244779     
 -0.71907863842140929      -0.11366547497486265      -0.68556988816954800     
 -0.79199670162998914      -0.31681897501066253      -0.52188788228937100     
 -0.39490245000827723      -0.86791283751512516      -0.30129613580984560     
  0.15231101707159411      -0.97729154198576396      -0.14731800990273503     
 -0.55236544777785790      -0.60334440187352001       0.57521121757935956     
  -2.4339070810572169E-002 -0.23418511906663986       0.97188730809691426     
 -0.56973016436632229       0.55484751300338475       0.60626048619809314     
 -0.98916223718807594      -0.13432412491933451       -5.9288261787651911E-002
 -0.92773423708021852      -0.36273640288137027       -8.7928876792235253E-002
 -0.92060009747278149       0.26037411398055882      -0.29103398650672802     
 -0.62330499141994589       0.77886945461165324       -6.9665345358815328E-002
 -0.61966807622065578       0.78163449090468273        7.1126633136120748E-002
 -0.14824495892612385       0.96615408472292130      -0.21111541091606276     
  -2.2980028491224512E-002  0.67643730689396098      -0.73614162233408909     
 -0.41924612611974815       0.60663287735571747      -0.67544743529367057     
 -0.68736756071999294       -1.9231656274813186E-002 -0.72605508046349632     
 -0.64161690455673548        2.5377712157446691E-002 -0.76660532186566688     
 -0.85259811433090360      -0.23340988759085041      -0.46754281067539560     
 -0.74190533445399687      -0.13212741689684093      -0.65735745254230737     
 -0.86191123909614753      -0.16848940462055362      -0.47824714996581902     
 -0.61557370816351054      -0.24343869104778823      -0.74953759980324308     
 -0.86968987076093340      -0.47670911707745894      -0.12801541466206789     
 -0.12759947717593179      -0.76714576986748895      -0.62865391210018418     
 -0.25738618991546636      -0.95327897806500239      -0.15815036901688692     
 -0.36348986769944402      -0.87579561772710268      -0.31758015059175582     
 -0.39851339623132293      -0.78363992437168184       0.47654542485996981     
 -0.55480418455669145      -0.63956242542316932       0.53212049461118316     
 -0.59680571252701842      -0.55076843211024196       0.58350413510614274     
 -0.76684131283533996      -0.60614774812167915       0.21104338031788566     
 -0.87793272509684606      -0.45159263310861708       0.15905415406734735     
 -0.43094530914058554      -0.84199364264869037      -0.32455022148961193     
 -0.53294682382245773      -0.84321600048811496        7.0387921537625200E-002
 -0.86601063636578268      -0.49951469793677122        2.2597438935790186E-002
 -0.82093417613539477      -0.18460964593575849       0.54035761961913287     
 -0.21535153472629875      -0.85843681827513640       0.46552115475102246     
  0.39625714185841709      -0.46260893293877114       0.79307833956772700     
 -0.16582096010949368       0.12868310189148729       0.97772392242187145     
 -0.52775903868218377       0.71608681418210796       0.45682608467976293     
