  0.69854178437233072       0.57655448897469019      -0.42382106687741267     
  0.49455881796121642       0.13775085957287436      -0.85815865448282047     
  0.59086958434851478       0.16334541782527884      -0.79005785153199271     
  0.43032808968093922      -0.14301143778102715      -0.89127182379753400     
  0.94124479016136597        6.3094684052761571E-002 -0.33177900150307604     
  0.54551112965109883      -0.52413001769048218      -0.65399184397252352     
  0.48982851432454916      -0.31832705414685963      -0.81162547591410972     
  0.57721757049028555      -0.10802602952537185      -0.80941352426449720     
  0.24198042662931993       0.15418788563835492      -0.95795175716248981     
 -0.14032631706154672       0.35840136763475722      -0.92296098748403310     
  0.19794207316557719       0.53885578845180315      -0.81881217316482835     
  0.54033549664133718       0.24965356019275078      -0.80356123036920590     
  0.21286048885183861        5.0193714050872612E-002 -0.97579250015334795     
  0.20179599488606281       -9.2833183721741583E-002 -0.97501814159945166     
  0.35574208553923625       0.29866976243681315      -0.88557548610050418     
  0.47414719403237815       0.87557944957766132       -9.2439525466829570E-002
  0.69605185799757052       0.59861070252818405       0.39645559372630595     
  0.55967370938801664       0.81674785436441921      -0.14031493652130109     
  0.35045001985246971       0.90136757552837921      -0.25440376839092221     
  -8.0730774009117531E-002  0.62295313079457615      -0.77808221863832505     
  -5.5456902930730807E-002  0.22088190478993192      -0.97372260734447635     
 -0.11591757533404229      -0.15833149193034832      -0.98055813412148052     
 -0.35970591739339941       0.42784189940969486      -0.82919416429547177     
  0.62643754525288087       0.53626964216413264      -0.56567735750224812     
  0.34524144640328625       0.55818365976385931      -0.75447951970745530     
 -0.20335695171843829       0.69977316909691678      -0.68480906974126143     
  0.13458564614759316       0.92972402616758265      -0.34278264106839029     
 -0.57653224114876556       0.52815352269536564      -0.62342957210937266     
   3.5352176850602830E-002  0.99935982758612829        5.4916845279866910E-003
 -0.21824655738998819       0.76991353496509085      -0.59966789881150284     
  0.31393104842715303       0.89999019868565056      -0.30243170981766476     
  0.57372650012494197       0.76704552954319671      -0.28719167582332950     
  0.80164683998618924       0.59361142105362152        7.0624533519917224E-002
  0.53479002609054049       0.75939191405583029      -0.37057192130643285     
  0.70536718612874894       0.56811794646936220      -0.42390934364823901     
  0.70091882713678921       0.70247582721902713      -0.12345246023536846     
  0.70980671290935238       0.55686452287703381       0.43136566097661039     
  0.40491745382660549       0.49969839116803544       0.76573061415272203     
  0.15525687887796297       0.68647148331377139       0.71038876972971732     
  0.52187289409573445       0.73747458991111947       0.42869559321691258     
  0.19989191894572569       0.97891582787620368        4.2035968808345002E-002
  0.18226112321704671       0.89699504189170676       0.40271674634333998     
 -0.20785751842419087       0.88693950787324016       0.41247249775973416     
 -0.67213264256934735       0.71953669722021074      -0.17465581051375412     
 -0.83172617143164818       0.33491657904514410       0.44278940912851689     
 -0.64591399909931480       0.61484316747944723       0.45250744211712679     
 -0.80198374064928135       0.56772961542842726       0.18575565536399971     
 -0.83145861912553576      -0.45469025516529893      -0.31927000569986058     
 -0.87895630631146837      -0.23045207424841890      -0.41752563163224132     
 -0.57841136432409812      -0.50152577263246478      -0.64336008036413705     
 -0.43737726388016751      -0.70131043012949346      -0.56290746098476019     
 -0.66048846941688755      -0.74684754971137168        7.7289839289900866E-002
 -0.54107523252439027      -0.80689897114733933       0.23696337925938663     
 -0.48055227596693395      -0.87679895690122334       -1.7120141352496746E-002
 -0.75073475948397794      -0.64945417706835395      -0.12085773782001404     
 -0.46684994248172007      -0.78559483178492828      -0.40606882603524125     
  -7.6482828106304329E-002 -0.66985596141942494      -0.73854137863476710     
  0.18133238832688073      -0.83500501534089877      -0.51950475387550443     
  0.30260632555322209      -0.76313063583363028      -0.57101755173316793     
  0.25831675791432196      -0.50245146582409672      -0.82511512958608479     
  0.57910898791390786        1.2758664958303183E-002 -0.81515029079662804     
  0.69302972148302966       0.14044559301071807      -0.70709606175188022     
 -0.21057667136511371       0.15608301291312066      -0.96503655814522449     
 -0.28563191231894020       0.66090010955179279      -0.69399240331539724     
 -0.38770510094463018       0.68162211893889846      -0.62054495540193977     
 -0.33978969810262327       0.93755924283294523        7.4334562902076240E-002
 -0.43415908480178717       0.89971823686991215       -4.4866282749964390E-002
   2.9827311515598361E-002  0.97545429277205853       0.21817253310250262     
  0.81990351332391920       0.43401767907346145       0.37334552774986152     
  0.65559277433405116       0.41940225657538333       0.62793300711183619     
  0.65067005791998234       0.44287715744184997       0.61683733604788860     
  0.96305570445386024       -8.9128936433995221E-002  0.25412544699221695     
  0.84302709685174981       0.50815307355488715       0.17631156459656316     
  0.95116482161033566      -0.27883438379530939      -0.13242684223569570     
  0.82709032549751293        9.0820386601959374E-002 -0.55468301835004163     
  0.37295020412730806       0.92185836897041207      -0.10528671711424110     
 -0.30817255343611816       0.94811335561598542       -7.8171236470206490E-002
  -1.8954741522320129E-002  0.97241247081265458      -0.23249667606639721     
 -0.48171610874956894       0.87129409271719460        9.3788029978794124E-002
 -0.40267576025909052       0.91473485364848117       -3.3352355546185361E-002
 -0.59240376693390129       0.76185342560315439      -0.26198689818248000     
 -0.28198037019927297       0.91924681609370262      -0.27472233604839791     
  0.48517206486273401       0.72220734057917446      -0.49297527797075708     
  0.32304294785140192       0.82616918523669336      -0.46161426668683581     
  0.40185255190290148       0.91142525382825323       -8.8422470069678294E-002
 -0.15003889579654806       0.97241387812545199      -0.17860453347318736     
  0.20772523750138192       0.95916691026568834       0.19196110011245071     
  0.95939141671847439       0.28148320062320864       -1.8311670971803314E-002
  0.94743912917826034       -2.0108930603952475E-002 -0.31930350360104470     
  0.88669010025351591      -0.35253274876766927      -0.29916772412598802     
  0.34712584450422945      -0.77681329574637059      -0.52541864415803152     
 -0.24318575049273555      -0.64657589911084079      -0.72304930498984543     
 -0.57404390897005853      -0.67605935447714538      -0.46197114606690104     
 -0.35520886909515315      -0.83605028791638647      -0.41814659557513401     
  0.22582092212523433      -0.91782641002406296      -0.32649592982583719     
  0.46954921787551729      -0.81527419987632699      -0.33889749336419300     
 -0.36883776693091486      -0.78899200611645659      -0.49137594158624787     
 -0.92081096067293200      -0.38821485520996613        3.7368447906094011E-002
 -0.57459054647208707      -0.70392611950053108      -0.41753289952988065     
 -0.89308284094364843      -0.43826968140761263      -0.10160081481432075     
 -0.96009557838005977       0.10434552853520432       0.25947734207399087     
 -0.72481428984390006      -0.48740677171235169       0.48690746977943750     
 -0.66133164552123469      -0.58470616540586240       0.46985014075611747     
 -0.80149672539413430      -0.52351636389001444       0.28902182603024912     
 -0.76961549663556050      -0.49080537008556518      -0.40841409872042678     
 -0.26347218504661235      -0.47180951300399931      -0.84141439917898064     
  -9.7307246101951905E-002 -0.32217057437912588      -0.94166736210844670     
  -6.6169695351412178E-002 -0.88259573776986455      -0.46545282799393994     
   9.2925653142381492E-002 -0.48391481439698814      -0.87016738355054968     
  0.59913604385595587      -0.25422950189641330      -0.75921232953513429     
  0.76370578086973440      -0.20680595542896771      -0.61154294785017149     
  0.23839778524240204      -0.11697946057893228      -0.96409662471880919     
  0.13249259148305662      -0.68778942723548098      -0.71371662232654010     
  0.35841590568353704      -0.44764026784903166      -0.81924125210654053     
 -0.21474321739113661      -0.91269234164323831      -0.34767519337779129     
 -0.76341878050786915      -0.54697332380385655       0.34352867218739197     
 -0.59673955854300487      -0.75776900822395132       0.26398490382065515     
 -0.44084115233547327      -0.89476307564229551       -7.1120439218789980E-002
 -0.58942494360162023      -0.78977003775140964      -0.16982792270527591     
 -0.42684914914144340      -0.57286851697061159      -0.69972956643344786     
  0.27391902635550652      -0.57715330563019807      -0.76932595744623367     
  0.27090763242539523      -0.49899035123406665      -0.82317536653435908     
 -0.14321102965011379      -0.88595070800594367      -0.44111443409884010     
   5.7947353383523269E-002 -0.51039667599213034      -0.85798446219732039     
 -0.23645153523768908      -0.75611630359873039      -0.61022848746672020     
  0.12087869065936804      -0.82767458622697532      -0.54803569359894333     
  0.27991308969613288      -0.55902679143905221      -0.78047274691057611     
  0.46550708584141487       -2.0908109735992192E-002 -0.88479715414254667     
  0.28166207045564434       0.58884134320717441      -0.75758323014478923     
 -0.36267420628507641       0.71117415870113254      -0.60224474766595915     
 -0.44906795046317582      -0.60656388488476398      -0.65606267186937073     
 -0.46991122864102142      -0.82783911628414886      -0.30637531680440672     
 -0.54166421547789878      -0.67200024959727900       0.50499063576662540     
 -0.78888019162590761       0.15574843367336050       0.59448336281903380     
 -0.59552996161363092       0.71222930802451989       0.37158239679977290     
 -0.62551350113922033       0.30420276102149779       0.71846610224806873     
 -0.57144857747592792       0.44607474393615221       0.68881336087729284     
 -0.59451894220133383       0.35489583449542034       0.72152350898751250     
 -0.72145472609183925       0.38087867871946812       0.57830313011145951     
   1.9533492273970448E-003  0.99477179278161654       0.10210418557966386     
 -0.22091665719463258       0.94977557212871333      -0.22163527057211369     
 -0.38341125415391636       0.43226046685599112      -0.81617810493885190     
  0.33473093409337895       0.37988744379536793      -0.86234606267302050     
  0.90705671267903465       0.40531628974665768       0.11387196867509938     
  0.34056061449663799       0.82467678894498997       0.45158239738624478     
  0.44037433155831329       0.79289823677394022       0.42116841551261042     
  0.75710700174097589       0.56329805141618172       0.33088410839072113     
  0.67175527276720637       0.39419988061226890       0.62717725376069289     
  0.89767388955693184       0.19291779178695703      -0.39618722041454607     
  0.53130617811582459       0.61824160342780277      -0.57921590524347177     
   4.4904332008365341E-002  0.99605026905320992       -7.6599363482584365E-002
  0.19604643421224183       0.82260778593130512      -0.53374359589404530     
  0.36370846899421033       0.92752155332983732       -8.6138944099055897E-002
 -0.11240088544541109       0.97092689856682279      -0.21134568505308987     
 -0.56366222814555356       0.81955915715223515      -0.10299359441207942     
 -0.54859496143359310       0.83127438806196796       -8.9590513124490706E-002
 -0.80424297734274341       0.42450303733340899      -0.41592115201035318     
 -0.40900958048951586       0.74637753388503314      -0.52500641898886469     
 -0.63511946470167546       0.75291745456188430      -0.17244875230957593     
 -0.94423462126966451       -3.7621219005968015E-002 -0.32711714090873562     
 -0.31496761477063345      -0.89846216354519293      -0.30587765907869452     
  0.54251764034926986      -0.73705163958071518      -0.40302542165636746     
  0.87527185129989449      -0.48066928249829416        5.3443682364605061E-002
  0.86265510799012601      -0.46573722005221652       0.19726886859474718     
  0.77866388595153901       0.52932855988586192       0.33688845098051479     
  0.67688307509171297       0.65979828850057121       0.32633651518961265     
 -0.12930532245755388       0.37053638685018186       0.91977329794044471     
 -0.25563909208385477       0.75240621644072125       0.60706963361705524     
 -0.73147851649832663        4.3286224563661338E-002  0.68048914955677287     
 -0.19263494127514116      -0.73220471247382413       0.65327485672656416     
 -0.62526869825158593      -0.57911290702972562       0.52313219734444294     
 -0.42148743863427318      -0.84920988775063611       0.31810518012148836     
 -0.21942723780220788      -0.80505588818920115      -0.55112312980170275     
 -0.20949003285833229      -0.67495242240385256      -0.70749781174523352     
 -0.23688534320955792      -0.75255638611046449      -0.61444627096020366     
 -0.50088072970130693      -0.77249107743670442      -0.39035372406913449     
 -0.59795144231467556      -0.66071660298837398      -0.45377047410490878     
 -0.68423753538478982      -0.62640316138239605      -0.37341407924818315     
 -0.73078861420257557      -0.32314170547182308      -0.60127151898016673     
 -0.51094419677700753      -0.82202367494703144      -0.25142216610020318     
  0.33787623430367147      -0.91738010724826613      -0.21036489516546542     
  0.71061991264971180      -0.65460136815346615       0.25790771325690431     
  0.11215587454234578      -0.98573838755614074       0.12546270802078149     
  0.70644769323003931      -0.66712995125414654      -0.23636684384583134     
  0.15040888650312834      -0.66956106536241167      -0.72736864560665571     
  -6.4263000536968332E-002 -0.50814143792787947      -0.85887283448867269     
 -0.10666274416696825      -0.76219548244275437      -0.63849910379785801     
  0.10393473358751443      -0.78765632069783764      -0.60728501679103553     
  0.17794155313138701      -0.47377496894113125      -0.86248135195727749     
  0.36816962806582754       -9.9282539710970924E-002 -0.92444259003922780     
  0.75670661806523365      -0.31786748906704948      -0.57127519950589178     
  0.92598934559643487      -0.22125565627823912      -0.30592428214641793     
  0.45058015064531493      -0.67569804970062575      -0.58344637583522818     
  0.28019824967873763      -0.64463374122891415      -0.71129197981292491     
  0.37953541634861371      -0.28374050843393106      -0.88059309082613757     
  -5.3113291368322171E-002  0.34609212668735279      -0.93669590482991516     
  0.45126481635775573       0.57385456222838493      -0.68341130143370399     
   3.7166806417142113E-003  0.22487745877347304      -0.97437996429557572     
 -0.42178016234491217      -0.19293932495025268      -0.88593222739671418     
 -0.74483530500320339       0.26517680238486091      -0.61229211320887977     
