   6.8494078496674507E-002   5.0277808179761428E-002  0.99638381320431146     
 -0.58904210254100731       -4.3635053743342304E-002  0.80692340622818892     
 -0.19722149302759628       0.22839767946572292       0.95338249548787024     
 -0.22954803528899098       0.89646942123832474       0.37901223763832720     
 -0.40262586588589450       0.67041619990887336       0.62324516124827500     
 -0.34153902599997360       0.53145409448954783       0.77518232640412055     
 -0.64015785945954751       0.17863517329546486       0.74718631534168567     
 -0.85778568572936831       0.45617475190191692       0.23687193393266937     
 -0.79694547136806460       0.55476602621366133       0.23898236718441293     
 -0.96786777498727250       -7.4982446310113887E-002 -0.24002000517990660     
 -0.67583399015435619      -0.67098124149875149      -0.30501244451472798     
 -0.40959054035362941      -0.63726549010761879      -0.65278502155819829     
 -0.65083002052244476      -0.69904883434677800      -0.29622797232055664     
 -0.93494534251711225       0.15351890852865804       0.31985801729788638     
 -0.93479697641743453      -0.33656600422536820       0.11348100140814200     
 -0.99034172390153197       0.11569872122995345       -7.6400757885789233E-002
 -0.99170040141949323        7.6529354595571480E-003 -0.12834230169083224     
 -0.83757919314818519       0.53971869363254110        8.4645300807591042E-002
 -0.66903677652490467       0.59814778233551580      -0.44114512594414312     
 -0.64353870478273190       0.66061631617643235      -0.38657989891878308     
 -0.46683178687589089       0.85731398758351895      -0.21698112695795907     
 -0.41332871998261816       0.69440980147246045       0.58902834979016006     
   9.6779299390513274E-002  0.67963142504449581       0.72714159095836406     
 -0.13821166062228862       0.95710735299509175       0.25464298873279795     
 -0.56550440617382458       0.78072592163629650       0.26584168575139466     
 -0.33024380349894028       0.61846752693745721       0.71304764803935694     
 -0.72946908656622100       0.56029702482793231       0.39235455357781912     
 -0.80801861314059176       0.56640508608333195       0.16214561134146760     
 -0.73088366772490732       0.63188780057997307       0.25792803595421443     
 -0.71682348044715360       0.67764761365848991       0.16418833570816979     
 -0.47150985262281392       0.69010935804333440      -0.54902416415005983     
 -0.63139424544682454       0.65703240981709599      -0.41188556574201307     
 -0.92673462798733408        9.5979999971455870E-002  0.36325028409446758     
 -0.75889361683911316       0.16244925055206458       0.63062724276388737     
 -0.77719898672632326      -0.45593770704811643       0.43368484216458214     
 -0.54854869345345436      -0.60557014698683376       0.57652331088073461     
 -0.22819026228997719      -0.64367711952454931       0.73048543448630188     
  0.46090151934165913      -0.49337667317957279       0.73766472589575649     
 -0.23183394416980474       -6.7685235324760049E-002  0.97039771807735742     
 -0.51256666985512500      -0.11278191616047641       0.85120834602395534     
  -6.2968038542654925E-002  -6.4183046946022115E-002  0.99594957834563158     
 -0.68094755304993071      -0.18858864250509932       0.70763320577359334     
 -0.75835737199048814       0.61137994712919230       0.22607223756146136     
 -0.59191577312365107       0.80567942762500733       -2.2723939564125245E-002
 -0.62890894068411196       0.54265375940087701      -0.55677683297325187     
 -0.97941827575295859       0.20085373503934784        1.9940367144388044E-002
 -0.76369637453238282      -0.11769896823189194      -0.63475570135547632     
 -0.66256839908659804       0.38384849677378136      -0.64316673425820248     
 -0.78182966961628375        3.6162137300116561E-002 -0.62244250138756929     
 -0.32026933252530659      -0.74838484329089505      -0.58081639179371647     
 -0.14522755788555772      -0.96124146190371207      -0.23435829054642573     
 -0.22904287052609912      -0.82796409291257078      -0.51187383631968197     
  0.24903695937906525      -0.96025631186097926       0.12604923004278598     
  0.33139610443943962      -0.81699120949719362       0.47191311230636263     
  0.33188562596780119      -0.81402651886685473       0.47666839401983901     
  0.38404806734653690      -0.89606766136866178       0.22264282655568618     
  0.19128367556845019      -0.95952196230002784      -0.20670790823029644     
 -0.48333674429388368      -0.85018603549113625      -0.20873259609191772     
  0.51958376699980002      -0.75693145076225132      -0.39634263953963589     
  0.75610302257469153       -4.2541715435749139E-002 -0.65306846631974702     
  0.55298436434620157      -0.12205668230623992      -0.82420292349217650     
  0.86314610559679461      -0.16446003264875431      -0.47742192875303191     
  0.75216940902057050      -0.44912534543893723      -0.48221116144076065     
  0.75982921777442003        4.7874097072850619E-002 -0.64835764100210214     
  0.98925120483778439       -8.1107237791359116E-002 -0.12167033206534937     
  0.66107756428796027       0.29877376004816192      -0.68826644135959258     
  0.79985931667654242       0.53835179976990910      -0.26533453075364971     
  0.35765343939632915       0.71067753776201992      -0.60582295648856743     
  0.23382337955714064       0.66056529389889662      -0.71342842645130655     
  0.10112824499859839       0.92963573215498785      -0.35433103669338523     
  -2.5288611109200200E-002  0.95838484687771619       0.28435711952292370     
  0.37709177456918935       0.92408766323621783       -6.2159345289868446E-002
  0.30641676106775678       0.95189527482578140       -2.0382102801601298E-003
  0.34071953599229221       0.80580855319382050       0.48433745817656060     
  0.33347847191402941       0.85942040405317832       0.38754184015017423     
  0.45894430471679598       0.86152482479443249      -0.21712922749142555     
   3.1342333491218774E-002  0.96589541455849182      -0.25702860982042175     
 -0.82182870776032380       0.54832651702042179      -0.15471136297416235     
 -0.80098040466547893        2.9754738757596308E-002 -0.59795070604808398     
 -0.27258932524350177       0.25414365613863482      -0.92795800648941285     
 -0.36252260665577524       0.77544524446150509      -0.51697391859314745     
 -0.78354973563293417      -0.38856631715842532      -0.48483608463017269     
 -0.76070620853421744      -0.12794442042791421      -0.63636175999099442     
 -0.85576395413822637       -6.6784502455365796E-004 -0.51736602979007296     
 -0.31642734288967733       0.45034709331778039      -0.83490192969713828     
  0.27329990136133664      -0.75862924621945238      -0.59142948074679036     
 -0.23623565512535932      -0.92525868327758864      -0.29679805300396239     
  0.10614872552576815      -0.89913710499228927      -0.42459971089874199     
  0.46497389278561341      -0.83724041265428928       0.28779814183951691     
  0.49156761140514887      -0.62127163169598998       0.61023179453977505     
  0.51539154592346603      -0.58873716045322866       0.62270387046499354     
  0.97795069089180053      -0.17976900170096816       0.10628053543192392     
  0.74170872128725762      -0.66491996459220781       -8.8031888842449446E-002
  0.98654923512947434      -0.10953701049746296      -0.12133527927500179     
  0.92431729411922070       0.24195395741836032       0.29512001335340360     
  0.68415708681660781       0.72902980346732016        2.1086161695476731E-002
  0.84946312014672554       0.42749991661179765       0.30928341178846286     
  0.67436397084783839       0.65582817298877305       0.33929727723127290     
  0.47299968150559524       0.87780806318708915        7.5659140223284210E-002
 -0.13580271043128098       0.88966658158126266       0.43594838852444567     
 -0.30219561399964195       0.13038642594700456       0.94428660416642929     
 -0.85829064111494691       0.19746757645594012       0.47364937625114395     
 -0.63868480497092661       0.31787587631700492       0.70074007103557445     
 -0.54304399647147461       -2.6389165178264812E-002  0.83928947917717034     
 -0.43949344696708370      -0.38086520031152038       0.81350304809797658     
 -0.14281543564910668      -0.69814138283173455       0.70157135126668746     
 -0.31671335501782105      -0.82708369661478298       0.46435461615812335     
 -0.46507023236999079      -0.35419757112968447       0.81132839194073103     
 -0.81926266191716446      -0.34400273342336823       0.45877097792433841     
 -0.92495097120323877      -0.35818869677607612       0.12714778162463672     
 -0.62830845559228310      -0.75369847699228543      -0.19278768220702946     
  0.39136708909809736      -0.84795462948360956       0.35749789916615249     
 -0.24979728578308347      -0.85928049122211481       0.44636123646716314     
  0.25776277701063799      -0.84866233690763160       0.46187724419182041     
  0.44782508517567371      -0.67691644498868264       0.58415479078005128     
  0.77458488059991104      -0.53741046782541413       0.33347901255954415     
  0.93773525025517457      -0.26804159611891198      -0.22092148645822762     
  0.79817291085091946      -0.60122021586619678        3.8134714074956222E-002
  0.43191563502239383      -0.83077362145328970       0.35108983767777335     
  0.18214009318491947      -0.67190688417067979       0.71789005109324677     
  0.41917874804936495      -0.88295573321408005       0.21137253929527949     
  0.65029694541687078      -0.71963402430475143       0.24339423543799521     
  0.38005396296237642      -0.39127679715715941       0.83812973532923341     
  0.54208527089569736      -0.41166200080942100       0.73258307117180965     
  0.11913089364340709       0.45180531797776396       0.88412656606773532     
 -0.18622741668900411       0.72725536574837590       0.66062014975592387     
 -0.68081818218228907       0.57296099438350268       0.45629190407578579     
 -0.87692027249148496       0.10917243094522777       0.46807287468408265     
 -0.92002577869566105      -0.36909790982430829       0.13160280961585352     
 -0.70720482574769550       0.69872977070406850       0.10787975700311991     
 -0.89025779206663291       0.34186665311004427       0.30094560165595602     
 -0.71313821844279812       0.57846727089866945       0.39599179018676761     
 -0.61146131095227618       0.49046347870093043      -0.62093529555758598     
 -0.68128052854367782       0.72809006851265390       -7.5773963605950234E-002
 -0.88257457724333310       0.25120348239515328       0.39744046854389981     
 -0.98539877838624779      -0.12076961090632760      -0.12001645152436363     
 -0.76912425145053720       0.15104604041082742      -0.62099354224251546     
 -0.45697992357912776       0.10573936926393429      -0.88316959596293265     
  0.22044516645546300        6.5489086865116258E-002 -0.97319839091937566     
   8.7119222299951782E-002  0.28778269296394032      -0.95372499324298321     
 -0.73879420615521907       0.65609694796988305      -0.15401271316400950     
 -0.72687485104426741       0.57077675392719351      -0.38192518651658480     
 -0.63660805777292939       0.53927935820668604      -0.55127847281645503     
 -0.58121568788621658      -0.27712805779614641      -0.76510676623405560     
   1.4588280235976470E-003 -0.58939416081105489      -0.80784428884698889     
  0.53745303983449499      -0.40312746129171234      -0.74069729304569787     
   4.3022751417400355E-002 -0.98633979914737624      -0.15900579699618661     
  0.63697461880225403      -0.76024500646271531      -0.12763567350197824     
  0.70067149211442148      -0.64517072535163766       0.30465422250055940     
  0.89650895731492652      -0.11783256505969428       0.42706811642358766     
  0.80585392876047335      -0.59007540187245611        4.9096492811591397E-002
  0.95273932224198843       -6.0180327611045234E-002 -0.29776855445554135     
  0.89478195580298758       0.31764118924355789      -0.31379822572048605     
  0.93845920898824420       0.25361326039333493       0.23446668679763788     
  0.81841946103056673      -0.16135105994791210      -0.55150287511501539     
  0.43850762452732017       0.64151249435660462      -0.62942257888942021     
  0.74947048369919922       -3.1038683919639903E-002 -0.66130975659236890     
  0.53208910483076721      -0.77993814357832314      -0.32951126947650594     
  0.45024411500504513      -0.63678059232682416      -0.62593187659620741     
  0.39398337308216208      -0.42958868225408964      -0.81254579305664265     
   2.8052374384000822E-003   3.2429437003710204E-002 -0.99947009072737958     
  0.42519109573651526       0.64149089402863224      -0.63851543832922497     
  0.34527632588355528       0.57966465610913920      -0.73808749159044074     
  0.47143962871812251       0.46285268080123632      -0.75067441167877835     
  0.30023480017422022       0.76975593508615980      -0.56332483094925156     
  0.26790190905615258       0.74172686735074422      -0.61487382557245762     
  0.18961164523591770       0.43501032143787555      -0.88023488015046503     
  0.62826159350379684       0.65889396803052414      -0.41369808921615714     
  0.57202111503114950       0.67857867424949225       0.46078501148841178     
  0.39697752645765433       0.91177927281766091       0.10520171646757318     
 -0.33240372037565141       0.82215756568034704      -0.46213061343635398     
 -0.40621820930468233       0.71302265475615911      -0.57147656140372183     
 -0.82951281502580565       0.15710278253933646      -0.53593582211529311     
 -0.59270142249608571       0.65696070348947844      -0.46594812784453671     
  0.22440355768415943       0.91792866264712691      -0.32718498374711574     
  0.21633812606271113       0.65103287163507861       0.72756718951745025     
 -0.35925248754302846       0.53974943381896423       0.76132003709762941     
  -8.5974989724296902E-002  0.92207757406395874       0.37733439884312281     
 -0.35871520802571355       0.89487433506229963       0.26556227890637452     
  0.14826388314198330       0.92358437314433239      -0.35356714587089411     
  -1.4620716139316647E-003  0.63728403857841931      -0.77062761209277963     
  0.14436103783487669       0.55554744603709594      -0.81885708518457012     
  0.26986195534137658       0.29841275264360384      -0.91549131842909803     
  0.14523534328094073      -0.74144970155234280      -0.65510230890301147     
   8.2271779557043151E-002 -0.77732920962190855      -0.62369115286103882     
 -0.43639974123882241      -0.76826803161533652      -0.46831559598698513     
 -0.47280650929598861      -0.88104136173045244       -1.4836565894387310E-002
 -0.63678794381644321      -0.76414040180550091       0.10291045106604799     
 -0.98397526774279165       -5.0825454867735459E-002 -0.17090771079164307     
 -0.63357758927127261      -0.60655302658603927       0.48028414955374277     
 -0.43360199944182892      -0.84160761104183368       0.32200300482533001     
   3.2245472189445568E-002 -0.92405073515788716       0.38090742756932661     
  0.45239410871645480      -0.88462812573757543       0.11301614730961723     
  0.93306130273047316      -0.35511165697802483        5.7378710557526080E-002
  0.74016327118739067      -0.11837889355102671       0.66192504828478560     
  0.11607887694797431       0.13909836706657946       0.98345174696371784     
  0.51619608303025988        5.8529127129636926E-002  0.85446822359973662     
  0.26653833096623208        2.9709920690695890E-002  0.96336630558596559     
  0.20255059835782388      -0.32133453933186018       0.92504992780785800     
  0.49342447832480191      -0.78738894178509389       0.36952799426365596     
