 -0.13802714817173767       0.65936794662127751       0.73904155318633813     
 -0.26556092294188122       0.90765391555163377       0.32502579249972396     
 -0.16590548482484102       0.87675031358281219       0.45142469774872412     
 -0.10826770340115419       0.97689958850903347      -0.18424249881921473     
   8.6207712431744854E-002  0.69699112886160186       0.71187891990529051     
  0.24203240248918001       0.85486545596061869       0.45893939507366527     
  -4.5808151474661760E-002  0.94831764222329540       0.31399882596363693     
 -0.20224864322160513       0.96461635321128059       0.16914720639841807     
 -0.69421294548905732       0.71964310749536053       -1.3497560885729176E-002
 -0.86043542715254984       0.47564434123936022       0.18279315180774575     
 -0.95098412102461893       0.28461161419387154      -0.12093564662664130     
 -0.62729571879384127       0.62497468708805393       0.46465763921637337     
 -0.12762067291675985       0.96600145190948827      -0.22484251989562720     
 -0.17731306668656471       0.98415281238436625        1.8216086752571026E-003
 -0.64808903090543368       0.68261778301705534      -0.33765895564747667     
 -0.71986952650438896       0.52473218446158465      -0.45436108922370111     
 -0.75106319427549295      -0.46248230338430502      -0.47118382533897429     
 -0.96787151494299473       0.12451768235862015      -0.21844925575975158     
 -0.78821381788849243       0.50977579080991275      -0.34474283225874597     
 -0.55673748004973489       0.81923798172396445      -0.13745001858395983     
 -0.42366180580197577       0.73570630436667117       0.52843817804901716     
 -0.14536865363698592       0.67762217069047037       0.72089954107941667     
  -6.6987639346313979E-002  0.76887265683061701       0.63588323908798161     
 -0.32467462066083730        2.8295621291751887E-003  0.94582153933864532     
 -0.56403264530995023       -3.6979187030688976E-002  0.82492406605166146     
 -0.19143694273629480       0.45983527907955685       0.86712364347286230     
 -0.22685857125094436      -0.23022685962198935       0.94632488171801710     
  0.28648460873958526        6.4896892827439739E-002  0.95588438749499682     
   4.9546739605046144E-002  0.15968775865768128       0.98592339475711599     
   6.7807944614499641E-002  -2.4010581663142828E-002  0.99740943178585317     
 -0.16603910376282527       -4.5157448683565388E-002  0.98508467699486046     
 -0.55580921977052278       0.42906833540297012       0.71202280495264603     
   3.7611639998698015E-002  0.83491814116592888       0.54908748127113294     
 -0.21139769467542854       0.43411463254360599       0.87570286084806370     
 -0.33878683466778403        3.1258708639600383E-002  0.94034375299142625     
 -0.36813876373760684       0.49686715685272209       0.78587332253669773     
 -0.47007516465852339       0.49652246363828523       0.72972240110459508     
 -0.15511489070761236       0.92212159305506736       0.35444483111253322     
 -0.19526177962367655       0.88128925525895296       0.43035111941686155     
 -0.42770220078829152       0.64404455867141341       0.63425344609755507     
 -0.24765783135616046       0.86774610606509883       0.43090868403506377     
 -0.15847566878934519       0.75337458546017821       0.63821015064356501     
  0.23365594773473430       0.65920738980191906       0.71473807462507633     
  0.15559386463709199       0.92468910660068504       0.34747748908577758     
 -0.11734138833482169       0.99200981204714656        4.6341465081158606E-002
 -0.56513579747882237       0.74847934176047459       0.34698732738501498     
  -5.0899311268242028E-002  0.90343640407185055       0.42568993869971750     
  0.63036272073798361       0.73496730643137986      -0.24993178825595982     
  0.60835118829659385       0.60303527955555958      -0.51600124351542842     
  0.91518249853704170       0.40091030711019537        4.1375355277151235E-002
  0.96550276719138695        6.3035278682552376E-002  0.25264789765049234     
  0.97509663950418557        4.8987990682004663E-002  0.21630238185601525     
  0.98567843597906557        4.7344733573397059E-002 -0.16185331954800380     
  0.97322331851841670      -0.15489670263616723      -0.16983340014391049     
  0.96276098675772226        8.5589913304814857E-002  0.25644814118596349     
  0.95577719558037588      -0.26902603747510584       0.11880632798368368     
  0.83839332176436387      -0.54403177852013729       -3.3556847008510637E-002
  0.58525856465660575      -0.76989389697855093      -0.25443230905546743     
  0.53865348736833052      -0.83864046150716454       -8.0836853408490117E-002
  0.28611664013627591      -0.87141444511251598       0.39846472000213529     
 -0.21484499663102224      -0.91872944377813470      -0.33132738576481652     
  0.20503237448842138      -0.92021018199480364      -0.33342907246477643     
 -0.40967257703187776      -0.85469513083993376       0.31884888732218469     
 -0.86127751005079034      -0.50769581566649458        2.1118935471898831E-002
 -0.94373388322090701      -0.23146985545788065       0.23619496962282441     
 -0.80647074345610537       0.33824896862366155      -0.48496657119267939     
 -0.81503857042175165       0.45101218892847550      -0.36373085401548516     
 -0.84712470639001891       0.36435912812456256      -0.38681023458018371     
 -0.52820847741603338       0.35492830390784313      -0.77137649916948814     
 -0.70917488735810108       0.38805952730161214      -0.58862618223378793     
 -0.78759209620640558       0.39997238976011540      -0.46874382921036689     
   7.7236278933236147E-002  0.60617762737323810      -0.79157011141696565     
 -0.34960574301498482       0.31735204457516053      -0.88151205564924529     
  0.29442704303621237       0.49372688198330239      -0.81825820028646490     
  0.67546561166628638      -0.17839256094872036      -0.71548745737047770     
  0.34687015081166350      -0.68961660372879485      -0.63569649860412059     
  -2.4856264112835431E-003 -0.99023710244005536      -0.13937109676143594     
  0.28398630749646731      -0.86048274777222655      -0.42299080124862765     
   6.0738374417995254E-002 -0.95309831561891101       0.29650371100116224     
 -0.16231038529827899      -0.96921849877153698       0.18512385168689949     
   1.8932955442364022E-003 -0.95699609045033585      -0.29009463679076575     
 -0.73162198319868166      -0.66364078691503969      -0.15591722048327428     
 -0.13708440758323026      -0.22231382694914387      -0.96528981531182712     
 -0.13655355214833181      -0.27216552234991898      -0.95251197149415345     
 -0.37387970144063387       -7.2579995283318460E-002 -0.92463296130698702     
 -0.65963885856332072      -0.12295455763682311      -0.74145718219571888     
 -0.93154405065247958       0.31931566603517542      -0.17396317747873163     
  -2.9825637924363227E-002  0.22768120240452533      -0.97327884051487645     
  0.10636813306218397      -0.23114433033241899      -0.96708744114689082     
  0.54998109041847498      -0.27268548752737093      -0.78940700850326029     
   1.0591738845253836E-002 -0.92792974219885471      -0.37260462773693098     
  0.34667358402113990      -0.91446341737650372      -0.20874406439951548     
  0.65250153484946061      -0.73678665820241485       0.17716423824818711     
  0.76955705753435755      -0.63056035896118290      -0.10087402493115188     
  0.47863326065580536      -0.56740417335937510      -0.67004679377514087     
  0.13670915353107951      -0.74626776282157969      -0.65145608717250991     
  0.73458356409499859      -0.61704204313235378      -0.28221641406652087     
  0.90844973015045105      -0.11382137869690329       0.40219868416135268     
  0.58661960004936631      -0.71816711791828747       0.37431729265271374     
  0.56311137407229095      -0.33225309069801667       0.75664619480446660     
  0.20209360995974895      -0.46598581971342695       0.86140315105034326     
  0.71523427374895399      -0.32595515691049010       0.61821773618867626     
  0.49468777511153522      -0.29464138042918986       0.81760042936264221     
  0.20671196953080975      -0.35693984115812322       0.91096877632919526     
  -3.6345776917956353E-002 -0.87315718540018561       0.48608179772986931     
 -0.27794669446848375      -0.92463774893947448      -0.26036641156304347     
 -0.53974300062134239      -0.78148472430247384      -0.31298421519648301     
   7.2646203757201447E-002 -0.95051715475312726      -0.30205904654499766     
 -0.59724805697103445      -0.71571684096947263      -0.36200022375272384     
 -0.45944145380507251      -0.54907202788935261      -0.69816434935836347     
 -0.12663735726883202      -0.59496532079475550      -0.79371231992175661     
 -0.11952389153035914      -0.12769365992641635      -0.98458537901395748     
 -0.84092103270928209      -0.18028864067471614      -0.51024290567417907     
 -0.75071475569779222      -0.12573763626173137      -0.64855023121182209     
 -0.99523001374754405        8.2599910879528407E-002   5.1908327450964853E-002
 -0.26890956366600133       0.11722329081325542       0.95600541141766915     
 -0.37023007386384843      -0.28202927730860683       0.88509275172016177     
 -0.76158371387444856       0.16829763310750323       0.62583236849145074     
 -0.56279712577425811       0.44541135724925257       0.69632472170219417     
 -0.38687751004892995       0.66307008908395670       0.64083059319960900     
 -0.77201658476135493       0.63453025324746570       -3.6901904654096832E-002
 -0.52048831467231571       0.80106386071840663      -0.29561563784837197     
 -0.85261750168671280       0.33061081151243965      -0.40464785570741540     
 -0.68934180486910779       0.62590341723114351      -0.36476401735666286     
 -0.79668572504639512       0.54853545249371227       0.25377295534553501     
 -0.62663896828451238       0.72417105047950003       0.28792341529430243     
 -0.68445951461072818       0.23693825531460408       0.68947475372731104     
 -0.53719071331535606      -0.22097525107161820       0.81400004664718728     
 -0.27011891700447621      -0.38518030636280554       0.88242387902106589     
 -0.31821536530622507      -0.47774605976330592       0.81883922943620213     
 -0.25191001694438692       0.62498265040726642       0.73887619399535642     
  0.12045015292061075       0.24081266911987759       0.96306854327861913     
 -0.75640461383292612       0.18890128067602477       0.62623347589481226     
 -0.57995982745733921       0.76509776374779070       0.27977135386569707     
 -0.15030373293422430       0.67234648694307964      -0.72481652117030260     
  0.32696305951016613       0.73038001923469686      -0.59970007938848802     
  0.78185417522111300       0.60336514334786839       0.15701768206847222     
  0.62033118764888906       0.71493230740247204       0.32258489341930968     
  0.26004653908776010       0.96420362151554695        5.1837956796519230E-002
  0.47515578155292887       0.84555047221857227      -0.24345714651212066     
  0.40237626514420871       0.76627815031353608      -0.50091030893835398     
  0.33858168008280876      -0.11391415829284789      -0.93401606541469662     
  0.16974766632501648      -0.56766401559907098      -0.80557016775152479     
  0.41035108716958901      -0.72306740850450746      -0.55568471997828595     
  0.57954403842058611      -0.75203025285191949      -0.31397325734319281     
  0.57450089227428558       -6.3604788747968669E-002 -0.81602889386616351     
  0.33897665313627601      -0.70399821131115292      -0.62408440703099033     
  -3.7011827183953697E-002 -0.84903857638915636      -0.52703284570476172     
 -0.41271984868200484      -0.59861463823191630      -0.68652956338267190     
 -0.50728329452604215       0.14879879876095631      -0.84883601277404608     
  0.25485502793543757       0.21916013015074348      -0.94181619867592414     
   2.2942918215344527E-002   3.8979984505224149E-002 -0.99897656794930900     
  0.41674939107816555      -0.31573128340889900      -0.85242812114157540     
  0.85191613142498313      -0.10561593880665092      -0.51291732129841816     
  0.85233405738643409       0.32302855051312523      -0.41131400434775350     
  0.66441659505681505       0.65644344256595544      -0.35725704321301188     
  0.18766580970315530       0.95371834181594928      -0.23495290666924354     
  0.16857274822618606       0.98473823217225043        4.3287904243208608E-002
  0.58826237730444597       0.80518585338238369       -7.4987445356070354E-002
  0.48595268423696913       0.68427230232971714      -0.54371077324929029     
  0.43721270878689272      -0.56575195694948088      -0.69912071238315776     
   3.8111716181731588E-004 -0.96732778768559413      -0.25352870827788770     
 -0.54576077653683974      -0.78275735630095522      -0.29905868312206751     
 -0.32858995495464149      -0.88959085351096268       0.31726448722259992     
 -0.46598740459123378        1.9063707733143503E-002  0.88458595614548952     
   2.9653896710019473E-002 -0.18060619783737741       0.98310836010718472     
 -0.61580714122040692       -4.1201643252412268E-002  0.78681890509527708     
  -8.2535315026047162E-004  0.20057937411130544       0.97967710674147213     
 -0.50148113716729203       0.27037816197870468       0.82183472705312666     
 -0.41304506272688807       0.51040191352348474       0.75424376883642230     
  0.13687626155056301       0.51740654742337089       0.84472205707407255     
  0.59000850195132748       0.11720339221585790       0.79884499903191331     
  0.70577526133571866       0.64857601706603352       0.28500952716232919     
  0.54765173723668448       0.83665831775002797       -8.9685027426762085E-003
  0.98992883596873427        9.4684215103062186E-002  0.10524162260228703     
  0.96339027649671649       -1.9545179857064443E-002  0.26738953064025056     
  0.82721194166961598       0.40204006733680053      -0.39253558795999777     
  0.72357747802688221       0.15491977026846437      -0.67263325673973873     
  0.69212638140721949       0.46869146831129965      -0.54889833274698840     
  0.98388802830948929       0.17683525108508910        2.6337078862011611E-002
  0.51034671176150470       0.81221007457388772      -0.28259693656327739     
  0.65341759274901057       0.75640734957406786        2.9889312412715148E-002
  0.99795256668200161        6.0320792691703630E-002   2.1262093544616917E-002
  0.73878639987063555       0.45454957662095641      -0.49757344961316208     
   1.1898668392204843E-002  -7.6587267847783996E-003 -0.99989987778504763     
 -0.57313498940306240       -7.6250067724652135E-003 -0.81942549581624990     
 -0.11361328248592653      -0.13051097609254650      -0.98491568530620066     
 -0.21630390185425447       -9.5016921076479827E-002 -0.97169151830806100     
   8.1822701919226498E-002   8.7606252749436078E-002 -0.99278909639957102     
  0.29011074599066206       0.23781584996066085      -0.92697323400854559     
  0.71715318198167000      -0.26889789542992282      -0.64295041442317769     
  0.98385805091271084      -0.17076368894735447       -5.3507926434896325E-002
  0.84024739692962924       -5.2430861786768486E-003 -0.54217785089428938     
  0.92653488597603995       0.16953100652201902      -0.33584571293528187     
  0.91389490846820054       0.38348009792453552      -0.13318825312947682     
  0.54225973732931021       0.75045349114919369      -0.37785438318699388     
  0.10569086048464846       0.89972931293666158       0.42345791461794824     
  0.35168809888496178       0.90914596622778487       0.22308987694310264     
 -0.22656857943449990       0.95623304406471898      -0.18516221064736876     
 -0.61027171600653030       0.78490717497998364      -0.10718749604064030     
