  0.30664236691075897       0.88641809201295430      -0.34674691774771155     
  0.31581003551566045       0.67408738909684363      -0.66773513710769117     
  0.32027455672312966       0.44209833234871759      -0.83783845271647539     
  0.16138406007765405       0.67085094969909631      -0.72381916832915127     
  0.27817005467148559       -4.9318776265166231E-002 -0.95926486383677079     
  0.22716259715860268       0.38003567097649271      -0.89664376607303209     
  0.26954731821716782       0.65023647839381959      -0.71030751467794540     
  -9.8797138434145573E-002  0.58951781348355681      -0.80169063423666898     
   7.9314507172856291E-002  0.84169137187244902      -0.53410190363585197     
   4.8726916476051527E-002  0.99878477375583097       -7.3934649710067357E-003
  -3.4406592842641831E-002  0.99619415239923736       -8.0083688067793604E-002
  0.60118600542911538       0.72166253421705140      -0.34318883079674756     
 -0.43774557821928617       0.33730560141211757      -0.83342890518955448     
 -0.51284180072153618       0.34906820587716564      -0.78431159310468657     
 -0.83235213745176539       0.50289030263498968      -0.23300485573304780     
 -0.75138127776070995       0.64762505419649485      -0.12652258536601671     
 -0.97986582623126739       -5.7472013868523832E-002 -0.19120651193420823     
 -0.90870951309923775       0.29764321988384940      -0.29266966781702031     
 -0.63637346024027797       0.37114650686660650      -0.67622414149639876     
  0.16977369395524972       0.80213664374260074      -0.57249777083074083     
  0.30155080375302140       0.93304536685242656      -0.19619749272391651     
  0.39221224095441726       0.91895835013022886       -4.1050076387930866E-002
  0.67832189401674503       0.73328136202470284       -4.6667464091405209E-002
  0.21329423836407790       0.87150375993058826       0.44157305659150775     
 -0.11854285047706031       0.87434177486498454       0.47061029878947869     
  0.34727410893935262       0.63553118642788187       0.68956566354336279     
 -0.12916530100704854       0.86547680736241883       0.48401055870049081     
 -0.53929086421800099       0.67677821745252664       0.50113531920310650     
  0.15187207676668424       0.68871807161609166       0.70894449015983585     
 -0.25561188956123465       0.55715716896988721       0.79008762234351226     
 -0.13853554556729394       0.90672594255736272       0.39831641656838696     
  0.29205407593452065       0.93925637868559453       0.18028275521660103     
  0.77644844204504015       0.48996857768900376       0.39630620702089719     
  0.27643971935029843       0.82570384861268009       0.49172577312134402     
  -5.7455083797280287E-002  0.54029570142023209       0.83951144624281482     
  0.41449356668326887       0.88528507801383327       0.21086823806410748     
  0.29646254160512564       0.95408169487132688       -4.2872846144374553E-002
  0.84306119549204783       0.51877052351507946      -0.14186248477826074     
  0.67179620721437250       0.71687735583437617      -0.18648515400518187     
  0.32792326887875545       0.91391922821942284      -0.23920278848441387     
  0.80234286653892117       0.52329322893026964      -0.28707163055561191     
  0.80760398373649112       0.48710722672895346      -0.33241894519024245     
  0.75329363653353221       0.53998310194107313      -0.37545565220971810     
  0.60377799732570347       0.37025186754955014      -0.70595019974604156     
  0.60522143918018334       0.50668663236254696      -0.61398344126026794     
  0.32204862115473232       0.93002714984187762      -0.17701464958966023     
  0.61392014545003393       0.72527952221277403      -0.31156326752274927     
  0.72077339205498092      -0.64782411492289449      -0.24659609370374425     
  0.88605417895892780      -0.37682890660132040      -0.27001475348411236     
  0.57081290172894950      -0.81378041187291383       0.10924318043585785     
  0.35260794071198948      -0.92423951105422775       0.14645465630401894     
  0.74913987115615821      -0.64357297414834913       0.15685432856633033     
  0.72020044735539468      -0.61449249868760814      -0.32204081214302460     
  0.61984669672306592      -0.76537511952076553      -0.17317909510124369     
  0.95221105070139778      -0.26409299435365952      -0.15345685144506513     
  0.71388839179663821      -0.48054833798962865      -0.50934925042983159     
  0.43703497112706347      -0.52066385881375854      -0.73342319307284054     
  -9.1851876630386381E-002 -0.26076686564888801      -0.96102230699352942     
  -9.7725245927645116E-002 -0.58789238548313938      -0.80301452004265383     
 -0.17291292411833278      -0.77143762647339265      -0.61236027723388231     
 -0.93464496096229333      -0.12985150904517395      -0.33102474612407967     
 -0.70664855920012215      -0.44299988819382791      -0.55172358372707897     
 -0.89424925293852353      -0.38053435384959322       0.23560959055013536     
 -0.94224115603935865        5.6549410593469150E-002  0.33012689685509999     
 -0.50592152653599243        9.1830616965809492E-002  0.85767741416876064     
 -0.57118050686247923       0.77835125222873769       0.26061879581925884     
 -0.52436046846127793       0.54263944944888276       0.65619244663201559     
 -0.69113380862011742       0.43176550706957656       0.57957968001582705     
 -0.96697398247426114       0.25391037207179251        2.2154913050500741E-002
 -0.61842514857025799       0.44672018172942379       0.64652255556286986     
 -0.63488633154015983       0.67577857864941104       0.37448986456522643     
 -0.18776011309232199       0.67421139581322509      -0.71427245060069133     
 -0.34164753669497083       0.71577751370406917      -0.60904803714151656     
 -0.11751237841661197       0.88162463782060352      -0.45708734275476476     
   9.7874269930794677E-002   4.3475263085860485E-002 -0.99424872581520374     
 -0.18169607944673677      -0.37685550426058023      -0.90827664487328830     
 -0.36858789124593927      -0.58374571534237440      -0.72345276711497886     
 -0.49686727150179827      -0.17702039502661049      -0.84958030477116253     
 -0.55785878528362243      -0.57733490928141029      -0.59621973986687127     
 -0.64850330115188637      -0.62308949814209802      -0.43726759049827069     
 -0.38974681562248770      -0.37025994601996870      -0.84321111952193861     
 -0.51478576177409163      -0.83500156418972293      -0.19433992712616904     
 -0.40257889715006112      -0.20294818741043255      -0.89260420388670902     
 -0.55451812181136273      -0.25260487143764171      -0.79290631950362611     
 -0.67752972133292932      -0.46804887191599925      -0.56734797982251139     
 -0.92033417981401977      -0.12119576109420578      -0.37188248810459074     
 -0.95852978743651318      -0.19960825883824876       0.20341383827186876     
 -0.96594239989842556       0.23864028036548504      -0.10003047868279209     
 -0.59859663470671198        2.3543139730011056E-002 -0.80070455817951625     
 -0.26496435742836288      -0.34234738918563457      -0.90143893548612741     
 -0.35857175502094174      -0.83763139162661948      -0.41206789278325595     
  -2.4940725530434808E-003 -0.80101801877364054      -0.59863504174251092     
  0.71481735629235355      -0.64747380385663633      -0.26422305058922047     
  0.25184567418872905      -0.74751776310347895      -0.61464701271315403     
  0.12805513268873422      -0.86535971713460114      -0.48451464678870804     
 -0.17730142152406947      -0.92460500252355193      -0.33714951465780707     
  0.22708199953365479      -0.87569646905405429      -0.42613314770630611     
  0.82283939668247397      -0.26894885993400480      -0.50060147623377893     
  0.87107615708685149      -0.49100669014227882       -1.1779592111965900E-002
  0.96023676847776163      -0.16515877601496926       0.22509537349459141     
  0.91473161914190138        9.6139693008374633E-002  0.39245792687918790     
  0.98365239347338385       -5.5201675543182720E-002  0.17140812066904454     
  0.81834940851719429       0.57167039045052703        5.9137215538902138E-002
   8.9188739538365425E-002  0.96635788504313047       0.24124221594597431     
  0.20258524877018474       0.60289489065526569       0.77167154139733685     
   3.2021312250498146E-002  0.26716241379364719       0.96311934889593886     
  -4.1853654272393515E-003 -0.15161495950262233       0.98843076984240952     
 -0.15417444139687758      -0.76791800150747658       0.62171712585444272     
 -0.42505138586212032      -0.90454204791174342       -3.3689804634917275E-002
  -3.8931916950818782E-003 -0.98989280669245150       0.14176415032368894     
 -0.31327654099336044      -0.94964338907291390        5.9365354677705512E-003
 -0.11830441399253018      -0.99272743764345117        2.2277795666809846E-002
  0.14566497185328700      -0.97581685900006410      -0.16298212683065189     
  0.53934227780212651      -0.71917039888450907      -0.43806831059036910     
  0.65231225135557058      -0.58290174672066952      -0.48447319884737849     
 -0.37868215857714504      -0.30123001839713726      -0.87513444612345659     
 -0.37912422840309945      -0.40689088268077200      -0.83108641489861346     
   8.0898603323645069E-002  0.15006438296277752      -0.98536089680192274     
  0.39097158494944673       0.80550295682717110      -0.44531585004895824     
  0.40847195808543657       0.78463353176297168      -0.46636989642454568     
  0.16029802802878346       0.69542194439292659      -0.70049472622341880     
  -1.2003485387546808E-002  0.72273439983273091      -0.69102163760404978     
  0.31857796067523614       0.71292839096213978      -0.62469287840678533     
  0.20178606371581451       0.97479578742186368       -9.5160692066955710E-002
  -1.8397241030280703E-002  0.92552021338724089      -0.37825107552272175     
 -0.23915657839446386       0.96958858449286334        5.1981802890756212E-002
 -0.39530168179040925       0.91832366317098790        2.0450673189657487E-002
   4.9380560244840374E-002  0.93275930983865940      -0.35710170845188960     
  -5.2072893085805871E-002  0.47428986188267097      -0.87882736684800167     
 -0.67955556886081114       0.68965084397023080      -0.25017182543487437     
 -0.99447721687829893        4.7039179736072120E-002   9.3821003404519987E-002
 -0.96025721133317821       0.18623739082384189       0.20789834617378694     
 -0.56436038868062000       0.63598509987953655       0.52632718381208132     
 -0.52455408598581144       0.83403079874647246      -0.17098431980147782     
 -0.20218421206149459       0.90602112376841970      -0.37181617457900418     
  0.48828262445249571       0.81403808652857357      -0.31451879488953238     
  0.37395323858352619       0.92315354134454197       -8.9143224397377874E-002
  0.75755286049172643       0.64235498905010402      -0.11616252236974964     
  0.94866169755038210       0.25563222732539242      -0.18626096733761588     
  0.60290330888463572       0.74568706804105678       0.28365189351094500     
  0.73008695323256989       0.54546690442465884       0.41162956271023621     
 -0.23305985229013215       0.37628541222749456       0.89671199043801531     
 -0.79150921204896729       0.47367852559019707       0.38618884193668035     
 -0.49525885472437692       0.69566541429611051       0.52035401235058809     
 -0.13969598451664489       0.96100422865010360       0.23865436184282435     
  0.51420533198295215       0.41166238188413518       0.75241408805381127     
   5.1868362289927805E-002  0.69804446534196762       0.71417336648660235     
  0.24852444580008251       0.82410865424974811       0.50899953421443800     
 -0.56060873182890036       0.75190023918373439       0.34693497966141046     
 -0.62457376498867578       0.66349451299198448       0.41192553127652304     
 -0.68605023534773002        3.4341708209811000E-002  0.72674322952236214     
 -0.91583402264650160        8.1600112997765012E-002  0.39317866742986879     
 -0.76366000841992920      -0.62395145812100095       0.16585526656926602     
 -0.55448202701613425      -0.35310340129934126       0.75356995010879979     
 -0.69853141006782837      -0.67902147595018925       0.22579571374828883     
 -0.33482966659742169      -0.92956214747099808      -0.15428320827428965     
   2.2962975705127564E-002 -0.53878782685776172      -0.84212848151376996     
  0.20434219563371392      -0.92813681911563872      -0.31113712746235722     
   6.3478064129249334E-002 -0.95321560234718417      -0.29555126596975850     
 -0.24927215085128124      -0.96380121961166165       -9.4607631220322924E-002
 -0.82845315112978313      -0.27616716195262558      -0.48723410701862857     
 -0.69208376304183605       0.17065016000948532      -0.70135482305509267     
  -9.8435069959759258E-002  0.42978456675237353      -0.89754986668349002     
  0.22718498134170825       0.40439577083204664      -0.88591819305509378     
  0.91083289694781255       0.14636853464419758      -0.38595295814879232     
  0.82381272462791355      -0.38864816745242209      -0.41265626940228461     
  0.39210754716129165      -0.33223250665575804      -0.85783053861498282     
  0.57746172537670071      -0.31641757665861359      -0.75260738297368979     
   6.2532379093733437E-002 -0.45966625737595446      -0.88588748348474411     
 -0.18006384967284944      -0.54640613569108243      -0.81793480481038339     
  0.43153201901920218      -0.58490546833951207      -0.68677922920530465     
  0.52646928937146231      -0.78378036435384901      -0.32942135298445546     
  0.53304137974767818      -0.84607004649526418       -5.6889278629058126E-003
  0.36529710976564123      -0.80359048704412328       0.46989397817930045     
  0.38665229518321742      -0.72726554610364391       0.56708449818362927     
   5.0641631739134857E-002 -0.97105672554713685       0.23341863872568391     
  0.61471681860480254      -0.77289015622739110       0.15736594082356137     
  0.93503782020050785      -0.23081647584553822      -0.26912456088772407     
  0.93422409768558434      -0.18527439820094302       0.30479293409609132     
  0.63247198315455311      -0.77032761931705351       -8.1083595393336150E-002
  0.67823181535466492      -0.37469195173712366       0.63214519372070876     
  0.45782434184281845      -0.83845503306717484       0.29561804670993752     
  0.51187707909843017      -0.83847029405206375      -0.18694764477242437     
  0.34285134386426608      -0.81598586964999398      -0.46542455515588954     
  0.88905799639517324      -0.31392811853009922      -0.33320416480286585     
  0.81228619143644154      -0.33977681378827729      -0.47407052219432694     
  0.35280520373446533      -0.88547965417507946      -0.30241407086956729     
  0.48893338284768395      -0.78881209562839816      -0.37245083558438719     
  0.50069475600595492      -0.40825329457943937      -0.76330466314126999     
  0.74001387615504033       -9.5626561750832423E-002 -0.66575898325575467     
  0.42892871628359291      -0.55644736551306884      -0.71160837949035127     
  0.46503043004272093      -0.53336178626025088      -0.70659175206874791     
  0.35172254427034921      -0.86258910808902090      -0.36363619519819901     
  0.58000498281848933      -0.74086431836456734      -0.33869496848925573     
  0.42147571275800388      -0.89237095619548856       0.16134528221758940     
  0.19361340266918742      -0.82652335455866022       0.52855746582187835     
 -0.35242020323502043      -0.90355575376347264       0.24369448125214013     
 -0.12178149043115616      -0.88595761266634032       0.44749120342972604     
 -0.19382473473254833      -0.76254885835099695       0.61721245194301744     
  0.35315601726700518      -0.87150125628377484       0.34024459990421646     
