  0.99712842167175153        7.2841324262303359E-002  -2.0713574635265422E-002
  0.80146851775508809       0.57299470569002775      -0.17124626214516189     
  0.76800787972253370       0.44894701183468999      -0.45673895963542288     
  0.80147502834692819       0.31916093149792357      -0.50574111830233359     
  0.70037202585949487        9.9246432010028484E-003 -0.71370899311330649     
  0.41191307207735278       0.34897769120474242      -0.84174948297770291     
  0.45679233193120439       0.64033092893313404      -0.61750875859416221     
  0.22189378661108661       0.65666568224865696      -0.72080047809383363     
  0.29684577461350198       0.86845583690034378      -0.39707309836838822     
   7.3174791705059652E-002  0.98976952755912073      -0.12248155850715156     
   8.9166246655892192E-002  0.99501618825658911       -4.4633681952505153E-002
  0.47397721802416354       0.84579688378893669       0.24489432040582254     
  0.63904195016981069       0.49851816248088110      -0.58575167741956691     
  0.46781194540126442       0.75953544611470147      -0.45194899030227326     
   4.7214167180248123E-003  0.74067135801424722      -0.67185091176652867     
 -0.41565242878616493       0.89947141504053052      -0.13484892275867449     
  0.11188480875213951       0.99215140223424203       -5.5833543816934783E-002
  0.16811832066504401       0.96311432174605272       0.21011195469179944     
   4.6397276743527609E-002  0.77460763718241210       0.63073790208728775     
 -0.16712015083830131      -0.14453591574124816       0.97528468881893504     
 -0.72093558643059985      -0.34388016436752844       0.60166295612456644     
 -0.65150970992336510      -0.56539348757446695       0.50583129804705229     
 -0.60633126061215326      -0.76873043882917247       0.20350900427738405     
 -0.81097193709646764      -0.57393146199663114       0.11369781955887806     
 -0.72468193834832684      -0.60976130421656904       0.32097856643679312     
 -0.69894267795013099      -0.64604626872642301       0.30676269591430882     
 -0.26195035719503634      -0.81101991007580043       0.52309532193098407     
 -0.19638495942872086      -0.38063835589367911       0.90363011776542301     
 -0.20924045937428654      -0.60815357079027832       0.76574647534015927     
 -0.47226011772454046      -0.32306019402159425       0.82012346158707328     
 -0.20753951673708212      -0.49846120664631849       0.84170290154025529     
 -0.16861446436241323      -0.79718640550760933       0.57970940761873713     
 -0.54411798658801735      -0.83882774657925285       -1.7424931570029067E-002
 -0.36908360573360732      -0.77931707962004526       0.50640120595354954     
 -0.92991038388414771      -0.21289964898112168       0.29990067923928926     
 -0.54445635351977106      -0.83060630417876991       0.11687791309942777     
 -0.46873437112655203      -0.75195552857170944       0.46352019629684960     
 -0.58704133377147516      -0.77658325116636262      -0.22869395805692516     
 -0.30354198943107547      -0.91973608463481571      -0.24889314026883136     
  0.13640813519746670      -0.96321303587037299       0.23154582307042898     
 -0.73024182824675998      -0.67015935272688965       0.13279048998902421     
 -0.69526375541732099      -0.64099613605093553       0.32516497961925422     
 -0.77544819088785844      -0.61758058231751678      -0.13143183629982350     
   4.2576463872022005E-002 -0.89384820393562014      -0.44634362664348914     
   7.3299629441396286E-002 -0.95576317584928383      -0.28485771187431874     
  0.78058614115973468      -0.62026680568561032        7.7164538448324799E-002
  0.86695912138641640      -0.40196101171665011      -0.29463405591452929     
  0.12297932750214413      -0.85726784243754517      -0.49996793030115011     
  0.11164296018338926      -0.94809767264776679      -0.29773587718208799     
 -0.50361236128895548      -0.84664791713804688       0.17193572625483894     
 -0.89716288396080557      -0.17066313691318938       0.40739765996151284     
 -0.71365170378121023      -0.65909064240427484       0.23727783458491658     
 -0.68911681432687211      -0.56022429989518008       0.45963762902848376     
 -0.42496681384504936      -0.89643537671448204       0.12572518643914668     
  0.35281286659628452      -0.93371425386044482        6.0833981473498805E-002
  -8.5466271911478431E-002 -0.99626088347570363       -1.2639953393038434E-002
  0.19891716528937597      -0.90291832750276824      -0.38101240821378551     
 -0.10425160968383232      -0.67876921759327580      -0.72691399156033176     
 -0.31935953693487557      -0.69657659594576526      -0.64248776809318220     
 -0.35646621631125103      -0.69519665775063910      -0.62420625091478066     
 -0.15544807704763280      -0.16264702974854886      -0.97436227300536971     
 -0.46394640257682052      -0.71488802424193620      -0.52315279635254541     
 -0.75260068796836355      -0.61368363100715573      -0.23871448532389145     
 -0.66005710350069868      -0.14715437378637850      -0.73666153041531535     
 -0.85867756117775851       0.36590571678894890      -0.35886745791590557     
 -0.27598244129008359       0.32940412804798980      -0.90295438009044016     
 -0.62363687879277563       0.40396236651546524      -0.66924692741084435     
 -0.32910542712623025       0.27189760145457859      -0.90430156040966447     
 -0.33610396190873254      -0.23782703937761879      -0.91130259855339357     
  -4.9594452067087610E-003  0.28301202996350927      -0.95910353705907514     
  0.42506122794826900      -0.11858845588389966      -0.89736265279217076     
  0.86517272523183064      -0.47544172959872266      -0.15947199525645550     
  0.80631209499876411      -0.56096183006819289      -0.18757033524867966     
  0.87980350841946720      -0.28141333872031571      -0.38308265343542952     
  0.37689607670233255      -0.92441288193853333       -5.8396670046446032E-002
  0.14192486023797360      -0.97082057271916655       0.19329963691573507     
 -0.46006327701263244      -0.88639122798570213       -5.1501185369153296E-002
 -0.24420476077235861      -0.82124796687601787      -0.51567025483171525     
 -0.54817025588433732      -0.68567768630203096      -0.47891072348738450     
  -4.0938021227257648E-002 -0.87852954545121564      -0.47593057916812920     
  0.18237642926476527      -0.97003753356610778      -0.16051797881123131     
 -0.42859612750022430      -0.90171239639068324       -5.6746045564472151E-002
  0.23947778713939644      -0.85998759488723020      -0.45063480347933760     
   5.4294142942380830E-002 -0.98431322991773984      -0.16786783923990725     
  0.11095476382095837      -0.99187374061728539        6.2253699161648107E-002
 -0.33860942603804550      -0.85500997254881184       0.39281242780782299     
 -0.48365384502462755      -0.54471985927734479       0.68509797335985501     
 -0.40415362061777682      -0.87330181475417334       0.27203637861242291     
  -4.8049750805167629E-003 -0.93623143995174096      -0.35135111079996550     
  -1.4236230592324730E-002 -0.76298250532600498      -0.64626235098834606     
  0.83393414747186856      -0.49947875192836300       0.23468023788216710     
  0.81407722486657863      -0.55983161449900709       0.15448894899302595     
  0.92238100220116870      -0.34596334199118717      -0.17182157250094438     
  0.73488111860709571      -0.44881132041381328       0.50844679188997099     
  0.76915544947253200      -0.56731536833944463       0.29419919679118206     
  0.17491392505734665      -0.28387192701703629       0.94277348704378339     
  0.69556402100428172      -0.27256625162895948       0.66475433895335878     
  0.97762716666339744      -0.17777141927266626      -0.11243862988980544     
  0.73437978952727101       0.52357518046206186       0.43192054262097290     
  0.41120981905903353       0.59360732959996432       0.69176356000781170     
 -0.29476759775103889       0.76797055135913128       0.56862403709415577     
 -0.39477672959260834       0.39532720276805977       0.82937792141082012     
 -0.30255751394636959       0.33189411026855903       0.89347929484886801     
 -0.76562094447334361       0.56989828631925321       0.29839656940742765     
 -0.84920591428072312       0.48959413675761054      -0.19785574644991893     
 -0.81290420617720738       0.35772906921381692      -0.45958314222657215     
 -0.81204811819678979       -9.4487686371508534E-002 -0.57589055458238880     
 -0.74611799254928368      -0.46859673619641606      -0.47299581395639889     
  -8.3452567605694208E-002 -0.77524856928034436      -0.62611925764091825     
 -0.41118512648785321      -0.75254681294825632      -0.51439292965263239     
 -0.62640231678946168      -0.51804404096014633      -0.58245215180862009     
 -0.52456660679363432      -0.34896344016239478      -0.77656576828177326     
 -0.48658119915938458      -0.62821196779608768      -0.60711486569050044     
  0.33217713115419722      -0.74348161293662030      -0.58042522753867221     
  0.23590501358426089      -0.95946314915110620      -0.15420535005908206     
  0.15099915601707378      -0.55876337013889132      -0.81546474545081038     
  0.40797290716766421      -0.50751565744646376      -0.75893739166275143     
 -0.13930727054845710      -0.63331160538967912      -0.76125547278892647     
  -4.6841399151604513E-003 -0.99751400215896524       -7.0312689680334828E-002
  0.36550174584713052      -0.92691784968239277       -8.5039836093998913E-002
  0.65675017706036665      -0.75270342473458518       -4.6008252781208958E-002
  0.22827113713228944      -0.71883375350775258       0.65663560881991057     
  0.35314807465078069      -0.37727888029194406       0.85612328776649382     
 -0.15224531196361099      -0.76634275243997441       0.62413151720436377     
 -0.61293888838584321      -0.78204846633173020      -0.11272140618576137     
 -0.37739988168038158      -0.92556798088076220       -2.9887155701627671E-002
 -0.65294106888988224      -0.75652039048555875       -3.6672323849612332E-002
 -0.85021221825849558      -0.52627793540686696       -1.3065933870020530E-002
 -0.93894754445863537      -0.21797971973202379       0.26619983196959957     
 -0.90377677193094885      -0.34504676543608526      -0.25323956282574933     
 -0.43241736187867574      -0.40462264059534037      -0.80578889534642895     
 -0.45196187639798868       -4.6940781350168492E-003 -0.89202490319122130     
 -0.30334717677236578      -0.51669902480119456      -0.80062638484739335     
 -0.80066425530785734      -0.16011651727588933      -0.57732092562786430     
 -0.73044243727555214      -0.60320987047658337      -0.32029938805226216     
 -0.37626453508941382      -0.54086694231683663      -0.75225524281514167     
  0.22470098843887248      -0.85289082289325513      -0.47126076647552684     
  0.32636883496055280      -0.85466493565204993      -0.40377126115342327     
  0.36859930002541663      -0.92940902785549795       -1.8259653926927799E-002
  0.37249435638250677      -0.73681172432587416      -0.56423083694456999     
  0.82220949460628401      -0.50141774527419269      -0.26935439796572519     
  0.92289495754577178      -0.34249066343284612       0.17596886883178547     
  0.89692418828836928       0.32180809317374420       0.30325987474640215     
  0.93310931754354687       0.34513640542716517       0.10093494519869667     
  0.99786318673302121        5.4414789451541205E-002  -3.6167544180160771E-002
  0.78029279376716609      -0.62139800469879691        7.0764933063297425E-002
  0.93349286315335323      -0.35000745427974900        7.8011899030627108E-002
  0.94696840796118198      -0.27451724589776305      -0.16700633529378006     
  0.79994451445898507       0.53759235096338920      -0.26661439940983028     
  0.93574040075765952       -5.0295831710970365E-002 -0.34908484885833102     
  0.83637636148039962       0.49093147653278746       0.24384599095777648     
  0.58633949846401090       0.44686112148757590      -0.67566347440414698     
  0.86529039441420608      -0.16164674516106609      -0.47449221607246239     
  0.23226108568042858      -0.77515008961702436      -0.58753478760438838     
  0.87833669478895715      -0.46221732664971654      -0.12198275915892702     
  0.66608333234555095      -0.55087232899908634      -0.50286446634716253     
  0.83839610554255228      -0.33837769193004508      -0.42730844575693622     
  0.97222655128998436      -0.23022686006889431       -4.2084746282159441E-002
  0.71743713778822626      -0.43054639799675554       0.54764381900491321     
  0.51881399828986163      -0.44224236900852831       0.73161036230515752     
  -8.9410920395622040E-002 -0.93065328429609850       0.35481002204414663     
  0.72747042812232998      -0.67440986791971658       0.12632539831751560     
  0.77510901517246467      -0.58772165479266736      -0.23192514112574553     
  0.88550171023576774      -0.45187324061056472      -0.10815403640044186     
   3.1975115769584395E-002 -0.63816247563900219      -0.76923744491402457     
 -0.15963296607925181      -0.91054990742333453      -0.38133473777260191     
  0.77686983278294197      -0.60405688240969435      -0.17773166776173302     
  0.63358150498163956      -0.52458297007032439      -0.56867142011661964     
  0.68167641646059973      -0.69707128476930613      -0.22228109949245373     
  0.79213872488223425      -0.56051238478869958       0.24154110838635059     
  0.54467396084723418      -0.78523847639358280       0.29450095342147531     
  0.68095028316651840      -0.72981780761217241       -6.0602636474482066E-002
   1.1280046236634478E-002 -0.91159922406950677      -0.41092531588210873     
   9.8717359102927615E-002 -0.69596754359297242      -0.71125527152846013     
  0.37693734016201819      -0.87529359110835281      -0.30295110324323454     
  0.21901568785130693      -0.71044601365370230      -0.66880385028696709     
  0.61716473941794203      -0.28554963449402876      -0.73319103285543041     
  0.91186530551743239      -0.23396593455198844      -0.33728564461433047     
  0.79169262674014196       -2.6045210737244834E-002 -0.61036417961985923     
  0.94904168723791238      -0.26909430817236413      -0.16403697508151868     
  0.87411881137015968       0.47145680284007535      -0.11681090130929489     
  0.87396287139364104       0.31320534594700311      -0.37160639216204144     
  0.87512931373237879      -0.47113690104699280      -0.11035716885722099     
  0.70165558187248889      -0.67922944343090763      -0.21523663164938162     
  0.62109530353796516      -0.43746690597898141      -0.65027942462935706     
  0.79947072764366323      -0.33919636344515086      -0.49577452805336408     
  0.90630715062375944      -0.33193534770438854      -0.26158416173891530     
  0.60303856884717222      -0.18273105331709610      -0.77650102809747468     
  0.52421423067823114      -0.69336959331954906      -0.49440676311550946     
  0.14138546900369586      -0.87413999693109201      -0.46463901570999089     
 -0.26364578020317425      -0.95511263119502110       0.13509538968003582     
  0.31706971400909517      -0.94323527095990678       -9.8863643850578442E-002
  0.22032102044212187      -0.97514425383516268       -2.3501748097819075E-002
  0.14249914939530467      -0.83069715022496959       0.53817862929490756     
 -0.26593091960946091      -0.53609332105697372       0.80117706976284020     
 -0.67501650574306837      -0.31752343289595125       0.66598167132172692     
 -0.51713337981372909      -0.82963241113835895       0.21043557178203101     
 -0.45578796268002253      -0.76075285843380780       0.46207404326671725     
  0.11874398027964481      -0.94187580619544764       0.31427668200344172     
  0.20781871290758400      -0.77311649841664187       0.59925141838922769     
