  0.75387573606197356      -0.65508997750855624        5.0284152025425723E-002
  0.33410608690610011      -0.72853624795736627       0.59800339305436179     
  0.30673610362602249      -0.65364901973632727       0.69184963809350775     
  0.61615966084283491      -0.71403110670978032       0.33242570749097972     
  0.91268521503501399      -0.34452364385319201       0.21979344185535715     
  0.93213055352278784        6.7418317992086238E-002  0.35579123315288130     
  0.79214453478672842      -0.18189117100224084       0.58259989522739863     
  0.63305415720132785       -4.3761541996932080E-002  0.77286956305198795     
  0.24622763253386026      -0.20532750306599895       0.94721305389099042     
   6.0610429444761471E-002 -0.33821133735072972       0.93911632247021504     
  0.19237550477545617      -0.34551823266768811       0.91848179952386610     
  -8.5141345246618885E-002 -0.67548871469050797       0.73243835758062092     
  0.63101482814871246      -0.59249368911702194       0.50077092069422391     
  0.66969653561817577      -0.50991697020297311       0.53989928105161855     
  0.51769023462085739      -0.68083714858917732       0.51812893962716622     
  0.63741219162192475      -0.11306930630947148       0.76218175650067865     
  0.76796523931987504      -0.48080931218188350       0.42314512465061543     
  0.46045429196956800      -0.52388414972494157       0.71660815141455358     
  0.23639061546852622      -0.88081266088995758       0.41022985426998881     
 -0.74830645729187939      -0.66170110394697457       -4.6787765608746347E-002
 -0.94425047137456486      -0.25833877281871637       0.20408852434044497     
 -0.99477595050757117       -7.4307285825958524E-002  -6.9994539536681277E-002
 -0.94729627868710620       0.30169771400680345      -0.10774158783227727     
 -0.89341601272223681       0.43227451218955126       0.12225618316803472     
 -0.90587892207705090       0.36042064906342797       0.22244175477013683     
 -0.96368590806352528       0.25607062033515043       -7.5745019644878689E-002
 -0.97946379825725904        3.4575920301669470E-002 -0.19863326418000421     
 -0.68112073642389348      -0.16629254240626518      -0.71303669804117009     
 -0.59862827888548253        9.4618789117982660E-002 -0.79541905211307351     
 -0.46682886570058268      -0.19804531650721918      -0.86188680391237993     
 -0.21617145383866271       0.22472289878359406      -0.95014184273067026     
 -0.66477183610778523       0.26348143532503504      -0.69903929729091818     
 -0.98993473821486466       0.10884582391302688        9.0453306695827601E-002
 -0.97544100910110643      -0.21925851556854911        2.0989071312019603E-002
 -0.89048377752747654      -0.34363149143122379       0.29825499167186725     
 -0.99909114618117323       -3.9531687352622441E-002  -1.5941371254843018E-002
 -0.77349750651922022      -0.63258038755583723        3.9289447543737366E-002
 -0.96286523940454172        5.6214052908408203E-002  0.26406535365718831     
 -0.87273839643713957       0.26069350497391275       0.41275487622653739     
 -0.83721025796486137      -0.54657482190407336       -1.8301585149205109E-002
 -0.36422115739308641      -0.92849108600821917        7.2437916249273593E-002
   6.1252646596680511E-002 -0.79064400098710341       0.60920454445778938     
  0.15431021815857610      -0.95037351392095748       0.27014540641925550     
 -0.36527569669056148      -0.58842314440597754       0.72134032781666113     
 -0.50339434770718061      -0.62209923472204265       0.59965546179013396     
 -0.94964686752463334      -0.13510422787932469       0.28269714291057324     
 -0.50809519668193526       0.29134962848517609       0.81052739934583440     
 -0.38812838405376371      -0.12188714391405339       0.91350965054579714     
 -0.61732294758975670      -0.23381093417598678       0.75116231630643759     
 -0.86671472459813914      -0.43425302079640499       0.24541780720635836     
 -0.89534458083491608      -0.16994662132822777      -0.41167490507523596     
 -0.94733637257572045      -0.27151559481503540      -0.16980305935795909     
 -0.72597562484098477      -0.50053213667468766      -0.47162164103505733     
 -0.85159025213130801      -0.52189385718336723        4.9202076269288450E-002
 -0.58146687896173477      -0.14193196289828883       0.80109399359770006     
 -0.71965894536217034       -6.7781409456038832E-002  0.69101134787525509     
 -0.19894840997968610      -0.57132662167874426       0.79624457393926973     
 -0.10741888631888183      -0.93424945620471578       0.34005754872262173     
 -0.68184689988180702      -0.62542465889264265       0.37937949492637835     
 -0.31488963370149736      -0.92178884718613319       0.22616330336861212     
  0.43307173213440009      -0.89466557939292490       0.10964659536738372     
 -0.21129986299288028      -0.73968051595611983       0.63892495820250983     
 -0.78171927752661741      -0.32631306336185800       0.53144591053341939     
 -0.86806326297126402      -0.27537916498529136       0.41307685358988000     
 -0.89533716185085732      -0.38303763544241415      -0.22727414380782163     
 -0.35401003982414825      -0.88198648672894786      -0.31108958345023097     
 -0.76560958812667090      -0.54540184011205817      -0.34114335897232106     
 -0.50854763588772878      -0.42518054463500804      -0.74873280046818225     
 -0.33946997173480242      -0.57859848288297566      -0.74160901686531178     
   9.7816891388594396E-002 -0.37396834241902749      -0.92226868895539138     
  0.27156431235756268      -0.53044292790929659      -0.80304615339642960     
  0.63340966052307035       0.44978698320974064      -0.62966965282686416     
  0.74985563728513305      -0.18954771592700911      -0.63386764124588335     
  0.37089064866811572      -0.12935694442424076      -0.91962324223554837     
  0.82853750006855564       -2.8694643114462820E-002 -0.55919784373395931     
  0.76864884165315284       0.63177832976821247      -0.10017534756938387     
  0.95055687602917815       0.11518292169886969       0.28839993062168512     
  0.94715191324688552      -0.14296861837272795       0.28716411230068595     
  0.92603672504679424       0.26989312644616054       0.26384405273141698     
  0.86605320331900859       0.47094861980268349      -0.16780717066581702     
  0.54870716910224615       0.18451077991703652      -0.81539942032738422     
  0.51362962785938504       0.63064722768175940      -0.58178061122932023     
  0.58796082462075061       0.31104114655604498      -0.74669637327387184     
  0.39366140940825861       0.15531084131473988      -0.90604041704154947     
 -0.16701945409449084      -0.36748555087310414      -0.91490921508828771     
 -0.40353923609782044        5.1117560031688082E-002 -0.91353329440475395     
 -0.51201128169152244       0.34483498639156535      -0.78672312765098795     
   8.1244299902261979E-002  0.19312083891323592      -0.97780555598277741     
  0.51519986614260027      -0.30321740208106285      -0.80164100756002887     
  0.70356541443844356       0.55804435896397730      -0.43997977343799971     
  0.74221270544979678      -0.62538438657873785       0.24086234428072451     
  0.79488330723455969      -0.48211570786348001       0.36840870254534580     
  0.50245717110402999      -0.71396143586278848       0.48764316801009872     
  0.64723685296064748      -0.74936182856317779      -0.13979022162533519     
  0.78634526949915728      -0.61667412345008266       -3.7069429498774328E-002
  0.41010092795191683      -0.83069491605446111      -0.37651452207621544     
   7.3266586126622221E-002 -0.98628041976353931       0.14792883744704818     
  0.27371659108201857      -0.92955186775825882       0.24700719202807364     
 -0.31774848906834513      -0.91874402006290112       0.23440418787522205     
 -0.78759927858361922      -0.55072620636919423       0.27638383091782015     
 -0.92651019290399184       -8.9144775811720700E-002  0.36555720672763853     
 -0.93031873102493401        9.8263616442744534E-002  0.35334306330779924     
 -0.73077808159457380       0.55483238391865686       0.39764861525735695     
 -0.77633092595219289       0.10043546281068144       0.62227245738520054     
 -0.86604152269688750      -0.11254225161428295       0.48714096785888561     
 -0.70092234666484188       0.27822812180613232       0.65673204290800014     
 -0.21430073735608027        7.3742665322208883E-002  0.97398008874915909     
 -0.13504905092170352      -0.44547261965410173       0.88505135386803591     
 -0.20624920377873288      -0.70348269097104033       0.68012746558627102     
 -0.42542099080911000      -0.25617102257975122       0.86798236604753065     
 -0.69945013581870330      -0.21261854344954231       0.68232167083026851     
 -0.45806035874217987       0.44298581649604318       0.77067780176435885     
 -0.52899721674040090       0.53513075344790328       0.65863269080360742     
  0.14868767858835669       0.89038263460427913       0.43024497467273287     
   7.0079357529958308E-002  0.90993691804773280       0.40878318069849123     
  0.32093192930480713       0.54165946072956572       0.77692195576830314     
  0.43515283325601228       0.37151488082796247       0.82013334588508313     
  0.24099931520983447       0.33915757190449786       0.90933573089824149     
 -0.46106668138139756       0.88595211237936822       -5.0063658381117260E-002
 -0.90799327077275860       0.35549728018918136      -0.22174287814833724     
 -0.90704411129154427       0.25445903228879163      -0.33544236622399876     
 -0.19552500735963629      -0.35364658646960867      -0.91471529088313142     
 -0.35805015402965557      -0.50834598712958734      -0.78318863919785608     
 -0.69571325379920013      -0.66378216149870484      -0.27454746504790384     
 -0.81629338345268698      -0.57704122797856516       -2.6239918908596511E-002
 -0.62525679148457147      -0.62841357722174218       0.46276378495489623     
 -0.44037139559458632      -0.89765142079277138       -1.7174419664433921E-002
 -0.20495324046894448      -0.97436807680630688       -9.2741684921596776E-002
 -0.65691247008922460      -0.64529850199215844      -0.38994339328670286     
   8.4211190096958349E-002 -0.94464570470950293      -0.31710087990471414     
  0.29379340690931482      -0.94486502099081937       0.14462201134236752     
  0.47505979135068449      -0.87880159934726565       -4.5010483518450800E-002
  0.18976695494930640      -0.98181970494546578       -4.3092679357049565E-003
  -6.7951793852248643E-004 -0.87286377243597313       0.48796349558575763     
 -0.21874593561506575      -0.96026537736493645       0.17332230291035294     
 -0.24951104099445964      -0.92556060193037459       0.28474868318611951     
 -0.15961045897208315      -0.91886245196400995       0.36085495113334715     
 -0.62366199772880981      -0.63666948270130352       0.45353906379254560     
 -0.50586068668703499      -0.40481253491858499       0.76172946459840463     
 -0.93026284949130378      -0.26550848773535540       0.25321191480034488     
 -0.63446933429863239      -0.50747215843826177       0.58302716252736864     
 -0.21846459187070316      -0.60726603343500207       0.76387249376771449     
   5.8402845775620257E-002 -0.18372551551580213       0.98124107259828575     
 -0.44650845951523982       0.27161516785007955       0.85255814826622411     
 -0.66331720761254342       -2.6328775454032977E-002  0.74787504147968775     
 -0.81402907254985279       0.56712238593361175       0.12541478547867851     
 -0.55427935319145116       0.22441862635746174       0.80150525810470874     
 -0.74917451119464484       0.21260407849788152       0.62732532037405853     
 -0.95547176558234870       0.17297716592451778       0.23906611061315031     
 -0.28142444844084280       0.89664164284799652       0.34180995323522206     
 -0.58510438594905634       0.68716008301648834       0.43065517279139437     
 -0.67315169120950147       0.64600764359176621       0.35991794209631589     
 -0.28808713505087513       0.82701390711490319       0.48275646039875980     
 -0.36737936021866335       0.85357869898592564       0.36937218401348004     
 -0.60255174929599697       0.74911271239186905       0.27524813088058542     
 -0.78303013789741027       0.32862741735706108       0.52807937254322057     
 -0.88811858274919875        3.8884670209993817E-002  0.45796655489047172     
 -0.78133317006138669       0.12408716124410950       0.61165419460364701     
 -0.90129116212362359       0.20274621393056069       0.38284228321164332     
 -0.69402502288036239       0.25889940817560353       0.67178892820759240     
 -0.96584295069135528       0.21357978659429955      -0.14673469037084719     
 -0.75625309327735502      -0.34929260087899794      -0.55324130167556629     
 -0.57189873688707349      -0.60042166642446004      -0.55895049622941062     
 -0.17547980159516011      -0.71337055475991717      -0.67846097222591017     
  0.48475760307171334      -0.83012956225458123      -0.27549042839129995     
  0.51116475474147394      -0.20056364052578116      -0.83575404253233332     
  0.25154845542606685      -0.88010032936141980      -0.40267453958595922     
  0.69619287524075468      -0.47894011885198073       0.53472595132284284     
  0.78551730184107327      -0.25125460024765472       0.56553841104100488     
  0.50886763856855999      -0.51553256331803421       0.68940547037028199     
 -0.10415024421811783      -0.92421878691100878       0.36738584696493137     
  0.54339237995276135      -0.53828380463016101       0.64418573958309278     
 -0.17689841870185433      -0.93530263991858353       0.30645704629221615     
 -0.35712449354221110      -0.92310417475210760       0.14262110176115211     
 -0.17947373029853972      -0.98236975345635202        5.2334000677358272E-002
 -0.49119962496326497      -0.86459731421129726      -0.10580365161301490     
 -0.37380161673139850      -0.92670415285643915        3.8623366084870464E-002
 -0.23274799082562947      -0.95558581276029042      -0.18078751953047015     
  -9.6975805626721007E-002 -0.71609548647554466      -0.69123291832238254     
   3.2538217730429184E-002 -0.79095337780679964      -0.61101065336292670     
 -0.23129259095244314      -0.40744216323632210      -0.88345606624657713     
 -0.66213638400195207      -0.57966103767774402      -0.47494051246369151     
 -0.88459537766975349      -0.15782731941873612      -0.43884115013346037     
 -0.71113725902047265      -0.27253178393151617      -0.64808195899902099     
 -0.49161519762772671        7.3791943855347514E-002 -0.86768038267759140     
 -0.21097330458956326      -0.56696675903836147      -0.79626563337628609     
 -0.34801131399139046      -0.61326225579988891      -0.70908217502998960     
  0.11471117251173370      -0.85733739267469289      -0.50181066352041159     
 -0.42062691447537282      -0.40857671501060683      -0.81002349766541237     
 -0.78068894432393465      -0.11831335654361973      -0.61361773269177755     
 -0.93975820220800665       0.29331231482055320      -0.17556311502535182     
 -0.21729464225209488       0.49128741630508765      -0.84345700129220225     
 -0.45077685994243144       0.60766826882669633      -0.65386504540436485     
 -0.64615525368947291       0.29729622733413402      -0.70292129100091894     
 -0.93163952312279030       0.15536202930642687      -0.32849724322332996     
 -0.98862786704291006        9.9458866024077192E-002 -0.11279572011156672     
 -0.63443101916843481       0.75303451933634857      -0.17446000861178942     
 -0.73940989307834060       0.64911420532731146      -0.17867220953532237     
 -0.72432281354971739       0.66241904638989157      -0.19120007518668711     
 -0.72878131115818956       0.24952430490306854      -0.63766403518566528     
