  0.89585699567680466       -6.5146772912545947E-002  0.43954083004434191     
  0.66978681836113196      -0.62001272816185560      -0.40861942546457380     
  0.63557174737900535      -0.54773530974022311      -0.54409060311443735     
  0.88115506080150319      -0.35390756287609826      -0.31355254067385446     
  0.91305283188706832      -0.23090640159052808       0.33617965418438850     
  0.79592309203493194      -0.51112184676486527       0.32443934614232234     
  0.78231359954866742      -0.62011407252107331       -5.8685339076817028E-002
  0.58224668068708252      -0.79893373975913340      -0.15064422426154361     
  0.17604035901643322      -0.90910684144452270      -0.37753747209538596     
 -0.30079447329156678      -0.41429866441554009      -0.85899901135029233     
 -0.24088856342650533      -0.79289734683340241      -0.55972001696819851     
 -0.44665979355999497      -0.47291392071090682      -0.75950474153544156     
  0.12794144868970425      -0.58325678435971517      -0.80214868273003825     
  0.44627382303565266      -0.60943126677547788      -0.65531153350875837     
  0.57701609747108018      -0.69485248812450617      -0.42922306905202795     
  0.89540364085899160      -0.27187514803562596      -0.35261341979155819     
  0.92734940229693885      -0.23299633406099643      -0.29280675260943301     
  0.35473977083339003      -0.93413449882726263       -3.9400927524838286E-002
   4.7409329163689173E-002 -0.75361025780861335      -0.65560959025467114     
 -0.10340176775802237      -0.97600834352157750      -0.19161364200079867     
 -0.33452615868168689      -0.94140766537773735        4.2940152837876125E-002
 -0.60597421068676338      -0.72993795803688033      -0.31620536586135806     
 -0.87993355307819254      -0.22099680096200239      -0.42056789717207232     
 -0.83647500726258284      -0.52830499676955012       0.14561384760186033     
 -0.57566821096743837      -0.72142781266190215       0.38490001558769843     
 -0.65980689296070383      -0.56950943894915318       0.49021817892589270     
 -0.96213075923455682      -0.26250738492191694        7.3445728236852081E-002
 -0.85745297499170914       0.15754962062204722      -0.48984947965649411     
 -0.51693061893709757       0.66788591553405996      -0.53545414279521231     
 -0.24598483924693190       0.76392482345559720      -0.59658220135118778     
  -6.3115781900923554E-002  0.92126071572390444      -0.38379042684644438     
 -0.54723883728607925       0.82422890180630781      -0.14552103763026775     
 -0.59664742445715535       0.78525705208946750       0.16547873891365550     
 -0.83268155671736155       0.51222457594196669       0.21039821506817713     
 -0.95051199778547213       0.10349451082790515       0.29294338752462468     
 -0.78186092337613933       0.23651126193420829       0.57684999737864606     
 -0.23249534778746850      -0.64002911885223113       0.73233096362127170     
 -0.57981693947959045       -7.6833614795721816E-002  0.81111584396434588     
 -0.45877335048367585        6.0781660896078518E-002  0.88647199763147466     
 -0.31908984567843712      -0.61431251371951479       0.72166599329090997     
  0.25156690939232884      -0.91274199644589038       0.32189460701102979     
 -0.57469188077070155      -0.15490141106345423       0.80357625339901695     
 -0.17975592288081813      -0.14863223537134060       0.97241774294684002     
 -0.79942441886104787      -0.34593448128603910       0.49117199959492597     
 -0.66015937723251605      -0.63059485123114689       0.40809279612947336     
 -0.70042507809796495      -0.53244679043361443       0.47529477729975184     
 -0.68390374999179182       0.39603666104683299       0.61272393771915412     
 -0.37481254725457014      -0.43166945350277874       0.82047366644711095     
 -0.43648208757042939      -0.24452474806393407       0.86584700427641126     
 -0.15539997355084573      -0.58115783929151477       0.79881563207690121     
 -0.75073637205240273      -0.65126198023233772       0.11069206286579833     
 -0.75660988282321062      -0.51922423737798662       0.39742631585427518     
 -0.61077930096354349      -0.73809945039977121       0.28663190128460503     
 -0.63008468998900169      -0.60312289066108926       0.48911763636377170     
 -0.29164390102648730      -0.67809658176196608       0.67463238937718051     
 -0.61973047768531042      -0.49133117191452047       0.61198677643642907     
   4.8418507851869241E-002 -0.41132646741416556       0.91020117847759607     
  0.51438075709972308      -0.39465076881606775       0.76135616330232403     
  0.44934376547066651      -0.42456892296197746       0.78602252517822380     
  0.43951430061450264      -0.22539352418438327       0.86949694583195436     
  0.53281781050184118       0.46130445598385833       0.70943877797981092     
  0.14844968384217064      -0.27318213523869689       0.95043895772089770     
 -0.59472832740928372      -0.40056708768486154       0.69702526843770862     
  -9.8355756065994046E-002 -0.15179746404248518       0.98350580840124646     
  0.27546139745621384      -0.38241503282671352       0.88197492094710628     
  0.70520877480959643       0.33204114505656124       0.62644174663018626     
  0.72583514612913691        7.2541412230603362E-003  0.68783044282645533     
  0.76715978814678887      -0.52421873941637565       0.36967630799840095     
  0.92244813866662079      -0.16624923176936754      -0.34849766772049995     
  0.74057106769079362      -0.64939162223990898      -0.17275709728979755     
  0.37800597133307123      -0.58023310601313460      -0.72141598840261212     
  -3.5514272584998119E-002 -0.77898050417378439      -0.62604162046934952     
   2.5931811816587283E-002 -0.54706947607639977      -0.83668544237452847     
  0.62637004556384146      -0.56689452633786086      -0.53506183009871089     
 -0.11081810168024953      -0.91615147377125883      -0.38520880759240944     
 -0.72840521964291138      -0.52108420128640187      -0.44485625899470804     
 -0.39895418658764303      -0.37620832239237378      -0.83624329902662842     
 -0.36051678988484170      -0.27761215627266905      -0.89048252925077476     
  -7.3528158742744737E-002 -0.93072815374332896      -0.35824393044607206     
  0.39782803448588838      -0.83667925194301018      -0.37643151348581372     
  0.77478681172859232      -0.59282694656399426      -0.21968524711297632     
   8.7302347520654522E-002 -0.98355247764798348       0.15812281249055515     
  0.35575398774205236      -0.93403755217703222        3.1826896310139824E-002
  0.48781407416439981      -0.70970803117944714      -0.50828332603631576     
  0.87293737705774910      -0.41331546365487237      -0.25913445012057934     
  0.77642846616878292      -0.44112458901054558      -0.45007547577387469     
  0.70861822541349184      -0.65332419380631879      -0.26651024070225948     
  0.64646991860477498      -0.26419708180130480      -0.71573496931948433     
  0.52355637861772608      -0.24856158420442565      -0.81492690302043758     
 -0.11250647335004821      -0.60876852752779365      -0.78532997736364840     
  0.62880440344167532       0.30236097719479516      -0.71636782568883661     
  0.35015057824209939       0.49599153659209150      -0.79459862080533683     
  0.80864486759454801       0.15255047625543772      -0.56817411970916742     
  0.96125717993345627       -5.9068270158276530E-002 -0.26925002040279417     
  0.72650480153513008      -0.12995210964952747      -0.67476160423073872     
  0.95413717761540096       0.23079519602406662       0.19067203199306726     
  0.85642398942814990       0.48983372943662939       0.16309772481002560     
  0.48186538047537564       0.87418805542550049        6.0008323178789680E-002
  0.25042185040889869       0.84033805224341074       0.48075030399317908     
  -1.7087407623715134E-002  0.33173614077420832       0.94321744757239934     
 -0.35870260026773948      -0.45974559213182870       0.81238318241858565     
 -0.91571213849755972        9.1177700490583782E-002  0.39135393998459900     
 -0.86490070116732931      -0.22406341471947139       0.44915739257471188     
 -0.77979779065992316       0.32208441397696086       0.53682123277216331     
 -0.86442190248586881       0.19421810987496163       0.46373925895847912     
 -0.87423187581805906       0.35109561144613943       0.33533639666301751     
 -0.35530971270336098       0.58248798301819438       0.73106959839543240     
  0.24253220844538448        8.0700060548918692E-002  0.96678106523348506     
  0.69970766056969114       0.15621147221899162       0.69714214166645427     
  0.66665184211060258       0.18121509509634656       0.72300512496094815     
  0.34796992831076046       0.49970209649575259       0.79323057413918274     
 -0.10980703625131683       0.89946493263067506       0.42297192549557239     
  -9.0911162297288337E-002  0.92064527739935520      -0.37966753057384045     
 -0.41442375930640091       0.73508826034320318      -0.53656145708385394     
 -0.63958314928621185       0.71683499791636585      -0.27763461763867270     
 -0.56803810037332636       0.52433829174237512      -0.63435169451728890     
  -8.5013437986331541E-002  0.50880612879645848      -0.85667323914134608     
 -0.30511923205993852      -0.25700631277945601      -0.91697873989459056     
  -2.0483263732604451E-002   4.1977568721096037E-002 -0.99890856419952367     
 -0.18795012460670579       -2.6957901436609255E-002 -0.98180854661715444     
 -0.70326082762215814       -5.8332800684026492E-002 -0.70853475052147696     
 -0.73747892936768500       0.64987337305984660      -0.18381900806640719     
 -0.37367772384228404       0.91984808793266593       0.11935013125537633     
 -0.49020951602514373       0.58814700549621146       0.64325557154542290     
 -0.68624751447667787       0.57043035537557141       0.45130207017103741     
  -8.9111952441496514E-002  0.92519696422561271      -0.36887618155659108     
  0.42889777593838219       0.64985569526369147      -0.62748248830423425     
  0.68090647702325935       0.69934854903831800      -0.21743499374713574     
  0.36299212283361282       0.90082733741788246      -0.23821592499528610     
  0.42572208119116312       0.72177479576435333       0.54571224448934574     
  -8.2141154297511274E-002  0.98837387798831311       0.12794494160028652     
  0.14667166694811884       0.97446476431663553      -0.17001719095439577     
  0.19804371263397355       0.95107294423088318      -0.23714751240152315     
  0.37118233663340588       0.39452254856228347      -0.84058053251746523     
   9.1531432974828686E-002  0.40107398859369098      -0.91146127314944769     
  0.38667334848274243       0.37450041726270383      -0.84275332039885475     
  0.35757246774008722       0.62288441520597593      -0.69581386563348868     
  0.27189375580878716       0.15712151176926478      -0.94941382762817805     
 -0.12367265165323460       0.14011161169532335      -0.98238170356601184     
  0.25560168333877936      -0.22415394123201896      -0.94043755247469141     
 -0.32489227978707147       -1.0585197371767233E-002 -0.94569178918472918     
 -0.35606479334119701       0.49163445552230217      -0.79467818963791925     
 -0.59259553767334294       -9.7536128384809864E-002 -0.79957315637120963     
 -0.10762435625241268        5.1537799874026721E-002 -0.99285490033812873     
   4.3212181015488987E-002  0.40782496796074652      -0.91203700742884319     
  0.19324633646025863       0.74630444711791144      -0.63693447516741664     
 -0.44471236351075849       0.89137543610485870       -8.7639863358836889E-002
 -0.71221960173199517       0.63736201503960266      -0.29413075441623754     
 -0.43816018184297367       0.75570662872354244      -0.48674751807345468     
 -0.81060393764822103       0.55118375297133793       0.19778201821621771     
 -0.53459335364997862       0.78749378406470383      -0.30669771158709647     
 -0.33562402349453113       0.94174936818220722        2.1555564984584552E-002
  0.15256367277193988       0.96727366189321684       0.20274611897159822     
 -0.21457009785445755       0.97413562816019628        7.0848084347717000E-002
  0.37271608235665782       0.82382439641864047      -0.42707854759774455     
  0.51288068576307932       0.78833880591679417      -0.33981661121395240     
  0.50284316192301737       0.80276053122751656      -0.32050629324650803     
  0.69232037754359932       0.72034188240669095       -4.2427199868821958E-002
  0.33553481012723252       0.89032390995404065      -0.30779819128297087     
  0.70060750832404939       0.69903939784498892      -0.14315390159041330     
  0.83063232317123914       0.45905215766394242      -0.31515243969754547     
  0.98104100532256178        2.5395776752180622E-002 -0.19212912428602408     
  0.90072421985273432      -0.29328051219951234      -0.32044097886310718     
  0.96620981042155141      -0.25211030509990517        5.3656279293880470E-002
  0.94166149920991993      -0.25923487524889871       0.21464132957204857     
  0.42381478548149731       0.32609583189065627       0.84501037628588871     
  0.49925470919872827       0.85252411626629310       0.15474936680761137     
  0.92786488964449543       0.36418326091209852        8.0232780311415702E-002
  0.44152223022969694       0.83771193061611460       0.32139825997738686     
  0.61425295977333183       0.78910524379179925        2.4931165362581387E-003
  0.56552783930690431       0.65314620517384470      -0.50356558424495412     
  0.46274798423860619       0.51901661249252484      -0.71866964527518296     
  -4.5818066993377628E-002  0.12142374081643384      -0.99154272722015058     
 -0.36242614916430144       -1.2762351038880376E-002 -0.93192510900716308     
 -0.57901135423347327       0.32098584085000204      -0.74947577788918807     
 -0.37043036716636013        1.1330584174905872E-002 -0.92879112880310211     
 -0.18048903465729516      -0.48635309424617346      -0.85491775983760943     
  -1.7924216008457651E-002 -0.53558948835864895      -0.84428823421879695     
 -0.45912881580775844      -0.49047356111664714      -0.74069995027716806     
 -0.38971787698126276      -0.50495617968362771      -0.77015533041106876     
 -0.24241675484325334      -0.72496150877196774      -0.64472081381820068     
  0.27826540457608318      -0.91039092223331231      -0.30619721313458154     
   9.7641896076689647E-002 -0.98646245727435666      -0.13174930936759882     
 -0.25064176246236652      -0.96423519263676394        8.6192808229896972E-002
 -0.83590921023489606      -0.50055099240793222       0.22517658902279319     
 -0.84440170920963442       0.52841592628053369        8.8104269686430606E-002
 -0.76074827139279422       0.48502663502432508       0.43129019336161284     
 -0.85408369387649141       0.49753414483323671       0.15166020763338012     
 -0.72459631424372806       0.20698861783693812       0.65735522624407561     
 -0.35263348583456061       0.70091976404042233       0.61996863553386827     
  -6.8891437073907253E-003  0.99753222996552182       -6.9871237852322410E-002
  0.29202531105665741       0.90904634672531792      -0.29724729974829389     
 -0.22497495820228100       0.95545142364939584       0.19104670954578881     
 -0.28214002175035841       0.91320383255769000       0.29403361768456793     
  -2.9131229965941519E-002  0.60846422859751370       0.79304643871459768     
  0.33740542696981618       0.75593005285369885       0.56100564439586564     
  0.22934360399667844       0.89178784707735292       0.39002044447824502     
   2.4640305619647047E-002  0.83893816257179288       0.54366866262430724     
  0.39225718635867018       0.85854322369588998       0.33020877153085787     
 -0.16207941497445830       0.55559247145175084       0.81550430342687563     
