 -0.79735829648084300      -0.22913250906611896      -0.55831715030284779     
 -0.59134909824576920      -0.21720027904937422      -0.77661462952021465     
 -0.34132128708769693      -0.48828392633477957      -0.80316784439115974     
 -0.74074721399380150      -0.57900841349544541      -0.34065058646938906     
 -0.70241963174295297      -0.61146689688591127      -0.36430055579812815     
 -0.96577175467644438      -0.24872610400175355       -7.3622300000203977E-002
 -0.84192111884434173      -0.35398662395566716      -0.40726195464883241     
 -0.79392866903785997        6.0190835734548087E-002 -0.60502424064937466     
 -0.60249214965044073       0.22182645957059874      -0.76667870157192330     
 -0.19001774873663435       0.38766024828752710      -0.90200487086420233     
 -0.65321236486554246       0.30337269321767096      -0.69374247051527593     
 -0.50457705678094056       0.26197546429416352      -0.82266083526455569     
 -0.62369802709664046       0.39708335226539654      -0.67329457323627984     
 -0.51445764695814988       0.78055743605665484      -0.35505410644431251     
 -0.31419469993747567       0.91366846434089810      -0.25785970565437633     
 -0.73751747548670743       0.65257026110183547      -0.17383908558558014     
 -0.76299208376989391       0.61014173531663463      -0.21347164432148180     
 -0.38359345449089699       0.59643290859481568      -0.70507010092392652     
 -0.33933675136316466       -2.3952295405311047E-002 -0.94035996124841592     
  0.21427873356492397      -0.10551829703712096      -0.97105639039770753     
  0.32031754586654204       0.11302916272522923      -0.94054296987628183     
  0.16536642163272425      -0.21127495640779984      -0.96333630648454316     
  0.63356664937938445      -0.50692859553163605      -0.58447985408095493     
  0.52663307629777434      -0.26011664939211521      -0.80931880718181248     
  0.36159840689241318       0.27542637845902390      -0.89072268534141108     
  0.35917136758405505       0.52795619030230756      -0.76958312730291145     
  0.55905492326285300      -0.37479491478605481      -0.73958526528462731     
  0.94368794669749267      -0.30267462217071311      -0.13357070169654628     
  0.90449045710640497      -0.12171541348419261       0.40875710528850173     
  0.73366734468565276       0.38052154203435351       0.56297032194400298     
  0.43105929985671454       0.55383389184601917       0.71235938980952218     
  0.80729130753354161       0.58796507843982981       -5.0772150989233253E-002
  0.75576380206626692       0.30639782816991834      -0.57874126030476569     
  0.34983526893196487      -0.23421086436627855      -0.90706149495177679     
 -0.11440479799670548       0.19432796439697053      -0.97424236432660949     
 -0.29139147699505402       0.64233845428271308      -0.70886692494739756     
 -0.52517251058085923       0.80593690634326620       0.27323897438704259     
 -0.25079390404113638       0.95925574332171160       0.13011854825566982     
 -0.60129373213881310       0.78204493990183332      -0.16386445515899425     
  -9.8083493646640180E-002  0.99517537760593533       -2.3656037256931731E-003
  0.70791794230419891       0.66941994902564295       0.22523125629076415     
 -0.60275638901139383       0.59128640228300577       0.53578458915984184     
 -0.74640883846585693       0.57527460565289934      -0.33456385631295543     
 -0.67320322236638375       0.39041217617014734       0.62799343475362057     
 -0.39380171654073104       0.51130619159738822       0.76386267514768413     
 -0.46835443833761653       0.88131945155958646        6.2611056469139809E-002
 -0.66471013597531037       0.63103189067582599      -0.39994898184868477     
 -0.21373647274860641       0.95599060220941456      -0.20099425042591054     
 -0.31123201444471937       0.54230864320707295      -0.78040756575496406     
  -1.9648045878219743E-002  0.86649145103045733      -0.49880509177864502     
 -0.80460223823446597       0.33059616328991853      -0.49327620563544983     
 -0.50924035891325892       0.10679695160412181      -0.85397228759601340     
 -0.67208678351450035      -0.16475700828580397      -0.72191030166207393     
 -0.41305286675640629       0.27589521865847616      -0.86791080047762559     
   7.8778017739982498E-002  0.17099798461803467      -0.98211695493841300     
  0.26284013621929120       0.28683595773300458      -0.92121669337003331     
  0.93102671240355406       0.13055445940917129      -0.34080022582068176     
  0.97973274511776554       -5.3448920261603104E-002 -0.19304652565354780     
  0.92464369014963599      -0.26792215958670701      -0.27065062842871446     
  0.61396372815257372      -0.73804562062153134      -0.27988783895405955     
  0.84922234504431804      -0.50330966116999742       0.15968967922315097     
  0.51871290644931345      -0.84766954942644346      -0.11132500014853450     
  0.25093872995582711      -0.77981334090844545       0.57351626581065240     
  0.33859151445716246      -0.70299048894552685       0.62542798049796355     
  0.55009265752648051      -0.38277957409112506       0.74221146972686203     
   9.8850119706394485E-002 -0.43600755287071596       0.89449766219578286     
  0.46653419711594102      -0.37021810977156872       0.80329595674232712     
  0.22449327250874473        4.4631530282857920E-002  0.97345302768185427     
 -0.14168021925615082       0.47355163725403637       0.86929601536277146     
  0.50963956130215349       0.39831741460418035       0.76263408970412927     
  0.82877478397750048       0.32883683337768571       0.45276781517374048     
  0.71728908800229041       0.69659443219592598        1.5892176265298881E-002
  0.59586080743616765       0.79487885081421961      -0.11453170168051974     
  0.21703992078246920       0.95766989347551679       0.18910856119538430     
  0.65277144402304188       0.75552974080346291        5.5355691934514076E-002
  0.87874055845036203       -3.1313894252167820E-003 -0.47728945655095084     
  0.77820583607852167       0.33163014867217006      -0.53330771716245962     
  0.79831604920094035       0.30047744586894470      -0.52192412294543766     
  0.51934795509925347       0.77606249349267886       0.35777745558959373     
  0.26079972542262747       0.93631937828966860      -0.23513724728075602     
 -0.41178139889039783       0.82874597406845552      -0.37896726770689537     
   9.6165732489055911E-002  0.87429517165328552       0.47577316519390211     
 -0.57458890828766274       0.81470378497777840       -7.8136606118040422E-002
 -0.84428945282441936       0.32360133094768034      -0.42715044007743863     
 -0.96388551217897411       0.10445805432675269       0.24497598718598035     
 -0.97243299024457630      -0.22438130088206182       -6.3459524883785950E-002
 -0.98993364036999421      -0.10635071229183564        9.3385832216948503E-002
 -0.77987039140276493      -0.37965863310868053      -0.49765600058604759     
 -0.83986777913914534      -0.28039944190301697      -0.46475613663981052     
 -0.81447312214722101       0.10922129230577687      -0.56982825711509444     
 -0.55365692766015229      -0.74038134632373920      -0.38118167383775908     
 -0.44526407544631763      -0.67642989525591357      -0.58667069120676252     
 -0.68671003653693508      -0.70368357278962568       0.18236983057930867     
 -0.61341650803328285      -0.57171788453414241       0.54484754581082528     
 -0.84919453664004763      -0.50563354462997312       0.15232648320509767     
  0.12897591741993014      -0.99162518799301258        6.6857507843947339E-003
  0.27619137607927102      -0.89213129096073263      -0.35751934698448429     
  0.28816924770366770      -0.53134598349307427      -0.79663663643075677     
  0.54294727871213166      -0.40368939829427508      -0.73637159250198048     
  0.77724255625709981        3.3343872277080425E-002 -0.62831695419156053     
  0.98922551527666214      -0.14417075506194302       -2.5449426526493575E-002
  0.91223979221551443       0.40931740314922266       -1.6668082606295168E-002
  0.62346711476951266       0.62318416689613787       0.47215490141578942     
  0.80704819070072631       0.57508877925112833       0.13396310636193126     
  0.50039800330125583       0.80407062385826378       0.32104870368894606     
  0.30902370015188807       0.65925776133777536       0.68548052989153374     
  -1.0254892137435741E-002  0.80952730609263790       0.58699265572719017     
  0.21207612028996334       0.72463093304783677       0.65569332013752080     
 -0.40094626339201278      -0.27453961302742158       0.87399662170443559     
 -0.67210518648698525      -0.60513497365617364       0.42671569218330024     
 -0.93682608895826225      -0.20158033441389694       0.28587103355320348     
 -0.96533702049205850       0.23243899124293338       0.11872890219960322     
 -0.78490746000311040      -0.30075860831773044      -0.54172367379898512     
 -0.70164384449740513      -0.69894407899260236       0.13846692717063885     
 -0.83587672784857958      -0.54788364599297967        3.3669070295913886E-002
 -0.46180281538990237      -0.78977315178377538      -0.40372828538447714     
 -0.14412068579379761      -0.69346196663573967      -0.70593181593978416     
 -0.56799086849648428      -0.81283453005352169       0.12917584935772503     
 -0.24002070192803071      -0.51165970698514052       0.82498145851521076     
 -0.65228204003348600      -0.67624457377399816       0.34237613335483630     
 -0.95973737215240651      -0.24865405657415568       0.13067263157673623     
 -0.75305052050118637      -0.54131446826429541      -0.37402347522667717     
 -0.76500421052326228      -0.62656272142696923       0.14895540943420507     
 -0.60219547123677786      -0.43190492775267475      -0.67143037450272147     
 -0.58799985870190530      -0.30015856937821672      -0.75110651667745754     
 -0.28460869673913242      -0.92845142955281879       0.23869610952375636     
   1.9836007946499219E-002 -0.99460264702145373      -0.10184354337259358     
 -0.29852846375850423      -0.86213431487308245      -0.40939611557066430     
 -0.49939636062409520      -0.67624481774168033      -0.54156829806860918     
 -0.69730761441755607       -9.3898022619905763E-002 -0.71059499873231324     
 -0.86056794983749152      -0.32874948455114494      -0.38903287794213293     
 -0.33389435257865158      -0.93445582870432253      -0.12372091786210292     
 -0.26458982744467757      -0.91635506231755870      -0.30047566120711156     
 -0.59325516210142171      -0.68785527358845899       0.41821458037307446     
 -0.98618716778264304        7.1100316450754389E-002  0.14959817880423631     
 -0.94181321729774659      -0.32229606636823366       -9.5462606956467244E-002
 -0.90392071704085375      -0.11392804948548790      -0.41224717930487681     
 -0.98253243823351899       0.18367619894025228        2.9884138967228968E-002
 -0.79480387186068358       0.44958153800566864      -0.40763126224540913     
 -0.82845029747045917       0.43635442633820598      -0.35109104123605706     
 -0.83240345720600406       0.25431294198080140      -0.49237121359053709     
 -0.53426421988336126       0.37765104077741818      -0.75626809714027765     
 -0.82239929058360151      -0.33646277172496891      -0.45875070582050859     
  0.13868859377162582      -0.69200213686448808      -0.70844796317913572     
 -0.50141775223890750      -0.44892535863214694      -0.73962575679646081     
 -0.44055615938214687      -0.76854658655316455      -0.46394656451794558     
 -0.46206037068082761      -0.75631008240022823       0.46313634397018422     
  -1.4676609435561178E-002 -0.79881982620956538       0.60139128892102200     
 -0.50554205972019162      -0.77877164030480406       0.37140538244736182     
 -0.60807838537353442      -0.78625691193766012       0.10973033159442075     
 -0.71493577167131872      -0.61005325234994190       0.34161655651041828     
 -0.95193885508668086       -1.4841244544079313E-003  0.30628453038133302     
 -0.88735759326231367       0.45531686410740491        7.2684626566677124E-002
 -0.96340539615905274       0.26795707342886937        7.0035313329571136E-003
 -0.88979827260784805       0.27916381184266870       0.36100775645627337     
 -0.94580146714647051       0.28024666716876256      -0.16407739114345554     
 -0.99552578067995956       -3.0220126677045045E-002  -8.9527447999042109E-002
 -0.88824019602288740       0.44862921985060478        9.8798670362994057E-002
 -0.96958766447879641       0.24378929908197983        2.1599503320821944E-002
 -0.89723186977193614       0.18365150666202562       0.40155584414424628     
 -0.76559251780553850       0.59247257714499990      -0.25068773805557815     
 -0.43877792683643546       0.86037723113682829      -0.25927774887657690     
 -0.61067149439002311       0.74502560308959476      -0.26836016224564591     
 -0.64269570190394232       0.76012225808369627        9.5689014625609997E-002
 -0.64673573536980289       0.72973753806550679       0.22184682583668772     
 -0.49285056830723251       0.59101247573852966       0.63859421453741394     
 -0.49476200637288792       0.42488172577629491       0.75808052088898614     
 -0.14593649774591755       0.60722602969273476       0.78101157961281797     
 -0.13595819747686283       0.23238038763726887       0.96307565849234877     
  0.37503644901762334       0.13098729343903676       0.91770909926067801     
  0.70815100405178932       0.41697138064300776       0.56978682257945679     
 -0.20088736128982784       0.41952817850003549       0.88523464432799881     
 -0.15668130949926518       0.42830463930052615       0.88994724742946563     
   5.0330437019712737E-002  0.33753530832522138       0.93996636255949029     
   7.1780740612081700E-002 -0.25023313309264206       0.96552105330742866     
 -0.25300732593412378      -0.72489541419884185       0.64071361113780245     
 -0.58646780196535864      -0.24940206402250134       0.77061931439547127     
 -0.66115003617837709      -0.64846510206185826       0.37732431815260314     
 -0.45948790246971966      -0.83713070627102182       0.29678788402196665     
 -0.46453003013235827      -0.45210003120597153       0.76145742683937456     
 -0.30467497514437281      -0.56977961944125921       0.76323282475940002     
  -2.2957051654212583E-002 -0.99050696741742517       0.13553199355494810     
  0.14521522537966378      -0.95586343865953127       0.25541657141219304     
  0.27771757665950458      -0.43221627306030247       0.85794058122709727     
  0.76687963908241574       0.11046610508675549       0.63221266895548422     
  0.98707290326743413        4.4553000002039655E-002  0.15395490841821380     
  0.83928593086025582      -0.31231545063724309       0.44503728557653555     
  0.99933254935443006        1.7518713702955744E-002   3.2055428105416478E-002
  0.86839960644323577       -8.8239057220643194E-002  0.48795080931390017     
  0.74279493931940155      -0.18775243320268059       0.64265441875708418     
  0.65638449655297815       0.66235097475296190       0.36117942761004185     
   6.6436949232397874E-002  0.71639383745597418       0.69452573849486066     
  0.16885348668568059      -0.18515431107133376       0.96809420054343831     
  0.39086419095525193        1.6734886051693210E-002  0.92029621743096968     
  0.34348866576861159      -0.56275061602774301       0.75188249125039097     
  0.50308142255511423      -0.42039127136520898       0.75510281501260956     
  0.59111886083397824       -1.2949589148786122E-002  0.80648050224867252     
  0.46290199843692315        2.4194613438869528E-002  0.88607920668736795     
  0.86948370208580517      -0.28133371638905358       0.40601654132553988     
  0.60514082972292860       0.28887379209949782       0.74186016771382246     
