 -0.40876877872383111       0.43519628692194035       0.80219216986333453     
 -0.41001551922112811      -0.18723215226446274       0.89265412963604129     
  0.11668975662300335      -0.31719981646732609       0.94115236658705503     
  -5.4331669512704614E-002  0.33767197563852280       0.93969447511218829     
   1.5751602225020214E-002   6.3680016684533630E-002  0.99784605150414718     
 -0.15117674660697616      -0.24380930222881814       0.95796796158955988     
 -0.12755792203749194      -0.33026702088425586       0.93522867334237614     
  0.13732691319583745      -0.50773941072583206       0.85049515560518751     
  0.15696868578294054      -0.63830462547678724       0.75361000310409787     
  0.59787630385787227      -0.68982717272357907       0.40826755572476442     
  0.19472377175008496      -0.72603844291800923       0.65950802278716047     
  0.27505189118872664      -0.46526967490071941       0.84135045419332766     
  0.43954040383834403      -0.69695367688985244       0.56662139534554434     
  -1.9289037136170376E-002 -0.55963413563446307       0.82851527884466447     
 -0.19383265043358081      -0.48577590420564043       0.85232075800082796     
 -0.19113029120898029      -0.62461463993784849       0.75718278067961975     
 -0.10146124264020137      -0.43345525690566089       0.89544522808645044     
  0.23440106608817252      -0.87420819732280020       0.42522484399475252     
  -7.6686279591588247E-002 -0.58033413373920772       0.81075983357563031     
   6.8254064126788971E-003 -0.21148313166013405       0.97735781515807085     
  -2.3893585872423101E-002 -0.41102359968883256       0.91131152579841057     
 -0.11300108105957615      -0.22564846002669822       0.96763295115811621     
 -0.35785558963467173       0.19823613678510993       0.91249208820664995     
 -0.11654877624578774       0.26700387763981170       0.95662182291695108     
  0.14835520598653451      -0.26199401239890069       0.95359837999223918     
  0.25858877219315402      -0.28064413483337425       0.92432176025414747     
  0.13057914334183793       0.52873239901072489       0.83868417032905573     
  0.72469394667635234       0.35008231870349826       0.59351584122233869     
  0.87814006128923139       0.10306884298761655       0.46716896982158612     
  0.81790645604218848      -0.46766903832869838       0.33513385348731711     
  0.70698252434425046      -0.65311523284678086       0.27132306001406503     
  0.34067939089457333      -0.51215834666500126       0.78843603453997724     
 -0.17604341435977056        6.0195471533666778E-002  0.98254018822002998     
 -0.37965927273499755       0.27419897172206387       0.88355744608539921     
 -0.62578353163330624      -0.28316467987133886       0.72678245411536646     
  -8.2807994367067039E-002 -0.97486599282304520       0.20683116812049807     
 -0.31292490892666658      -0.88141438528941851      -0.35381730141155787     
 -0.48691644999905759      -0.29323643428184620      -0.82275437667023610     
 -0.80778016419296628      -0.34224675467410010      -0.47995662851081972     
  -9.4467437751970487E-002 -0.92287643927017016      -0.37332958768978819     
 -0.13027578903398920      -0.64536874164808411      -0.75268014859910215     
 -0.95406970617958720      -0.21335305161994705       0.21031279351212021     
 -0.63042882740546524      -0.49086194021834928       0.60134353677519048     
 -0.62701875118952966       0.43819953201061534       0.64407193371738092     
 -0.75113247437005493       0.41632727864891095       0.51231982491363726     
 -0.96325190231321078       0.22858573826757153       0.14104727204262635     
 -0.93181555300220176       0.36148406181071802        3.2389014187680532E-002
 -0.95288299489921580       0.29857067400559795       -5.3568186974659870E-002
 -0.94127232649278414      -0.31326961122189456       0.12597046504538639     
 -0.99099930235135958        4.5051865109315824E-002  0.12605836818432140     
 -0.47966827327198752      -0.56332098802768726       0.67274646938041582     
 -0.86024009198939211      -0.40724598628104464       0.30681866108838463     
  -8.7335355641748727E-002 -0.17103076435483791       0.98138729016587145     
 -0.47167129633620064        4.6437298939781602E-002  0.88055083071888229     
 -0.59610562128025213       0.25815778014610169       0.76027143102190498     
 -0.66243786566236784        8.7976617735410073E-002  0.74393291960265306     
 -0.64732754028539297       0.45865465731437371       0.60877168208772536     
 -0.72087117620044738       0.57273826514396198       0.39027634691754243     
 -0.92165466494540005       0.26449723135828518       0.28389063596424596     
 -0.92675921263222361       0.13239349635087835       0.35155273278029342     
 -0.65410679113227055       0.40989925937861699       0.63570976314315530     
 -0.96718427295751908       0.16455410755625871       0.19358855294152383     
 -0.58196121450788119       0.76681919955886357      -0.27075719749703020     
 -0.54107885779088560       0.82480880401780976      -0.16408566807143454     
  -6.2209678479217725E-002  0.96807362516435513       0.24282382948280845     
 -0.20226678629984784       0.87516531500932815      -0.43951543609360844     
 -0.48282558606200815       0.82118917383984291      -0.30418381648624826     
  0.19317952738875063       0.89181479640610062      -0.40908194669167597     
  0.61404520225346404       0.76038796938863240       0.21156234447220476     
  0.16086527094768127       0.89747493320703020       0.41068370903656048     
 -0.30684128371488617       0.85323372875734049       0.42171154918862197     
 -0.83556706362919286       0.44277582128436621       0.32523415297907809     
 -0.88106128758032332       0.40945592545558013       0.23680551648277093     
 -0.59146328824324190       0.51918312459416061       0.61694413182815533     
 -0.49565491762205166       0.75329733703982282       0.43228384731078451     
 -0.64727351055872007       0.62368162825754103      -0.43824448553644391     
 -0.67179373703920831       0.52147052861968957      -0.52608142207839814     
 -0.51412526599059483       0.74285704032470790      -0.42876407091803204     
 -0.96948243698766956      -0.22151478157911514      -0.10504763640568605     
 -0.77250052712433770      -0.63125033049690238       -6.9035902545078742E-002
 -0.44814523986258487      -0.82991786882344731       0.33226822748510121     
 -0.95237634789572201        5.5231416587189303E-002  0.29988128082728255     
 -0.45010433710540509      -0.41666161387719813       0.78980958796416645     
  0.29145278683116471       -4.5851948298415823E-002  0.95548567330211898     
   6.9333401614394052E-002  0.56005708530493592       0.82554766102286359     
  0.58643115200949536       0.52374945500409464       0.61788754020108450     
  0.60506129355275284       0.29113591950641038       0.74104028731065097     
  0.95782037722047142       0.16082996675686495      -0.23814669171369715     
  0.97303751042844444       0.16732757992873010      -0.15874345433566758     
  0.84790150999293667       0.25234624169755043       0.46624500389048257     
  0.74132757042287711       0.62092044388007239      -0.25473758203821983     
  0.36175063140147357       0.53850396469060602      -0.76101902781280706     
 -0.31124615741020628       0.93201891456498986      -0.18565175030293055     
 -0.79911642532590266       0.60116972637755439        2.8104913289972167E-003
 -0.27306416753719231       0.94286193915626670       0.19091182283377930     
 -0.36217081408950641       0.79359125794959695      -0.48892250585114733     
  0.41903214227345797       0.88488028785895911      -0.20346729442443737     
  0.44044197304486921       0.82205164729366820      -0.36089050633418029     
  0.71720966356868776       0.61730718575676258      -0.32332976494093341     
  0.29564743387185549       0.95386675891731409        5.2257067250575218E-002
 -0.15860828453545228       0.82617052207511887      -0.54063451659220219     
 -0.41880533570621675        9.3270384815893226E-002 -0.90327333963772882     
 -0.76879128140623343      -0.22574213986227706      -0.59833138971992139     
 -0.55460989671482641      -0.26002101317717718      -0.79044097513495259     
  -8.1063905332619174E-002 -0.84153457159823508      -0.53408633015389517     
  0.27530610502995273      -0.80220985930623967      -0.52977909562867753     
  0.77358020700189400      -0.42285968917798800      -0.47197812089462565     
  0.69057327594823781      -0.62627458555473015      -0.36178542540346215     
  0.88846939348899889       0.27158417223383602       0.36995158362329778     
  0.76314610438775821       0.30512143112543366       0.56965685778878838     
  0.81046094835511306       0.50030541766260705      -0.30470894349986927     
 -0.56438591943103900       0.77655014443997739      -0.28006857574221833     
 -0.72128061083340700       0.51525718845330837       0.46288693023567534     
 -0.28041719877376170       0.87817515963010018       0.38752365558830326     
 -0.70145844246286670       0.65090802178301055      -0.29030122403479974     
 -0.68562811756123621       0.68788850342753627       0.23816693990072096     
 -0.17449572629689547       0.97070677549104001       0.16516536416553684     
  -5.8986891486434302E-002  0.84423406986168759      -0.53271885823344822     
   4.8925362099709234E-002  0.54238179060378600      -0.83870632653204236     
  0.10308561787544152       0.84905102281083722      -0.51815607306210565     
 -0.22553025581872280       0.55218071849021022      -0.80264098938315065     
  0.35750460317355104       0.90169759096732749      -0.24317054335064922     
  0.60189957287052320       0.74350880299016486      -0.29139588887700135     
 -0.10602631517483899       0.90619896505323405      -0.40934320102682592     
 -0.26386317515942870       0.96401321655606320       -3.2476808648740772E-002
  0.28030353607135156       0.70339849197571813      -0.65319253605057492     
  0.17508912173375607      -0.20889219774578355      -0.96213712597085777     
  0.25430579333755216      -0.17563946599021077      -0.95104118809948113     
   7.4592359495391031E-002 -0.48796713187113233      -0.86966893592813455     
  0.39888679154471995      -0.63409336346995437      -0.66243107862971640     
   8.6830432184897915E-002 -0.70878556518901226      -0.70005963933536963     
  0.39723714156114803      -0.12940251889295626      -0.90854699463953592     
  0.18264869767490449      -0.96372754012422845      -0.19459877092067829     
   4.7839965409524288E-002 -0.97584068163718618       0.21318138232864700     
 -0.30944873979700249      -0.85164992514823834       0.42300577115820126     
 -0.75162015337511012      -0.65830068546422382       -4.1320122916193212E-002
 -0.80824761940894285      -0.44018058760813322      -0.39112253324602630     
 -0.49798041784049596      -0.82109590806152144      -0.27895700961275821     
 -0.91737734349824163      -0.39751088654535643        2.0097380777086130E-002
 -0.58500732258218391      -0.80916205849415390       -5.4983594087581786E-002
 -0.35129690042139894      -0.92448500067966943       0.14804719272141331     
 -0.54753441983354745      -0.81044547534189582       0.20828871931867188     
 -0.17282066236822738      -0.93536097611231894      -0.30859822265349673     
 -0.12251059536513170      -0.91891315136842233      -0.37495302941231518     
  0.22181690266105497      -0.47773849060469803      -0.85003717347458507     
  0.12514329543962066      -0.57425988772708103      -0.80905175171571808     
 -0.10801089500010826      -0.30280240142887271      -0.94691306477955217     
 -0.30983627330319058      -0.34685860384405526      -0.88526300763391341     
  -8.8989402693357630E-002  0.18850604460202283      -0.97803187951969561     
  0.26914313189777483       0.62770082701187491      -0.73044756575740832     
  0.35111898323766266       0.36001338806736877      -0.86435283306208410     
  0.42180130234846680        9.0300160578736882E-002 -0.90218043779315615     
  -7.5612832808840694E-002 -0.79405890266787826      -0.60311952265577939     
 -0.18701446919745729      -0.61624468485968364      -0.76502815418327130     
  -7.5470303816517842E-002 -0.78239001813235654      -0.61819907211894642     
  -8.7628764270954618E-002 -0.95403230617552826      -0.28660697557074433     
 -0.27050233748355884      -0.76172288041381719      -0.58873316440476808     
  0.15078183456270405      -0.90332136352397163      -0.40159102650225537     
 -0.40373576203273648      -0.83820689577409746      -0.36661510379774886     
 -0.20459680084215531      -0.78672566022302282      -0.58241126760381134     
  -1.9093978668578291E-002 -0.98021450104648855       0.19701510580883611     
  0.23231764674543356      -0.97261283898771611       -7.2647399801661003E-003
  0.83216093976523686      -0.55372036660587043        3.0032081762139388E-002
  0.84598292417048160      -0.48148029141556914      -0.22910613477256037     
  0.79686243685921920      -0.39947455696971373       0.45324423334079000     
  0.54213951083416179      -0.17755184576470168       0.82131607366351522     
  0.50541674581457241       0.46071837643078839       0.72958377906123695     
  0.79492045033136782       0.56666955554052401       0.21676506284117797     
  0.83543446372532970       0.52367187837097517       0.16678435365304678     
  0.86424053849594917       0.11225366008032962       0.49039515435910047     
  0.99933906715415111       -3.3674033418093656E-002   1.3692637909387781E-002
  0.61367376962773190       -6.8925852247331831E-002 -0.78654544138462612     
  0.57631872585120925       -2.6525416260613392E-002 -0.81679442243779121     
  0.65848046311338382       0.30474479523989567      -0.68813813255210510     
 -0.13090084740822622      -0.15618660220616915      -0.97901517528543658     
 -0.78502075663143245      -0.37718877524816091      -0.49139702836372290     
 -0.35743419519138808      -0.72199212558361325      -0.59242566344078651     
 -0.22391686733011354      -0.33701218755008922      -0.91448565979345353     
  -4.6037462299131485E-002 -0.60586349904253478      -0.79423546420005398     
  0.26272649889649025      -0.78036401637750652      -0.56745642010714314     
  0.77836053268149208      -0.57042429992013965      -0.26224225293509101     
  0.98896637167782331      -0.14374392194824384        3.5821789366814030E-002
  0.97080279366253730      -0.22859111552642128        7.2718895202373429E-002
  0.67581998257837383      -0.67956963583983332      -0.28539877573728983     
  0.17902566802059727      -0.98119513627443400        7.2152025205170417E-002
  0.31022951729629233      -0.93339903492561527      -0.18034380554397983     
  0.81897151539146462      -0.53815762324753780      -0.19917838617182154     
  0.49387456926568424      -0.84746024516514185      -0.19467676465702627     
  0.30493847341108599      -0.79764222502261184      -0.52036468778611866     
  0.20538619814544767      -0.48742996960852414      -0.84866279189018312     
  0.32558619181111925      -0.66828884623744578      -0.66886743805972826     
  0.67576098985504951      -0.25352352517799315      -0.69215092774010323     
  0.35010878386381089      -0.37293600944278821      -0.85926862640407453     
  0.30642310916446291      -0.78360603239545312      -0.54043173867146321     
  0.32580686852558016      -0.89897264385150855       0.29274232701846092     
  0.11491717349686413      -0.99329511872114939        1.2603585217376931E-002
  0.88711236135600202      -0.46155350631362069        1.3834390577657785E-004
  0.73926495431736405      -0.32534195696027207       0.58960998834778799     
  -2.5918641022568287E-002 -0.90959257030578855       0.41469215098928741     
  0.30230520878506528      -0.95214439500164549       -4.5084496320236755E-002
