 -0.71792339983897036      -0.63617369431232340      -0.28261108015915726     
 -0.57251499743383172      -0.68390790615640296      -0.45221295161697384     
 -0.58759616521926616      -0.57004125296568353      -0.57426798320730055     
  -8.2943449934479024E-002 -0.99256427342350562       -8.9087301206555849E-002
   9.1883411511436031E-002 -0.87694821041707482      -0.47171948755094267     
 -0.34750011818352616      -0.80091784446154779      -0.48762103552403724     
 -0.34799505213945858      -0.72446068418040388      -0.59502618493923487     
 -0.28992248098402812      -0.65278182725485101      -0.69987201760456630     
 -0.14662172277637747      -0.77635599494271690      -0.61300362113664209     
   8.8782088981731136E-002 -0.40582840569634360      -0.90962687174798984     
   8.0524450635124853E-003 -0.76879780877373316      -0.63944123057026958     
  0.18415013009431824      -0.78787919235512660      -0.58765219972370919     
  0.40217944574869385      -0.71153595545354231      -0.57616688338889921     
 -0.38924083907410950      -0.36395013566866519      -0.84618666258909236     
 -0.11769040465704736        1.8727280915468110E-002 -0.99287373698834280     
  0.12979701305437621        3.2263821593153899E-002 -0.99101553026095790     
  0.50605473533028456       -4.6349382177101585E-002 -0.86125509555626911     
  0.33550795826348323      -0.10239898380770929      -0.93645547574726040     
 -0.33709168287189351      -0.21499354298885415      -0.91659531627197199     
 -0.74204380821871219      -0.32066943273449244      -0.58867826662281886     
 -0.67884408206593494       -1.5150700297375433E-002 -0.73412612576082248     
 -0.49773386428138827      -0.45636217574275795      -0.73755987207743001     
 -0.65796449518933031      -0.58419125811041939      -0.47518764400772745     
 -0.54720901447442760      -0.56258006956698214      -0.61973055419591361     
 -0.79883214718559115       0.20523552163535841      -0.56546050373295842     
 -0.75916542244658980       0.14503481470042900      -0.63453350099610129     
 -0.51507261319435793      -0.74098750117806722      -0.43085696725837791     
  0.26576312313908190      -0.71393439691727656      -0.64781759722760923     
  -3.1014388021811418E-002 -0.54201925103946391      -0.83979356941945948     
 -0.72751699234681755      -0.34958841684677594      -0.59034478455666217     
 -0.80052426467130078       -7.9680804163386090E-002 -0.59397968914805865     
 -0.96746455083944483      -0.24492072656739919       -6.3452191189789453E-002
 -0.59741492641138860      -0.77545208039681657       0.20437582222266315     
 -0.43167000122649690      -0.83793189407222290       0.33396279873320284     
 -0.85861175755217134      -0.11690885727902008       0.49911738988231380     
 -0.67336489597811799       0.73534089582709039        7.6508063553055033E-002
 -0.40163996696367454       0.91386870175098189       -5.9408188807931361E-002
 -0.50801384104588254       0.84402291996251932       0.17189312925128478     
 -0.70706251297948419       0.56945750606419454       0.41926215131624961     
 -0.39307656310322020       0.89453936733485850       0.21281479231282921     
 -0.28412791377910046       0.92244343467889223       0.26147550254158980     
 -0.71938359196954971       0.19922424502895003       0.66542989698213473     
 -0.36834471904703797       0.90320590386062127       0.22032081876555648     
 -0.63374774288902658      -0.18354654825124889       0.75144824373217012     
 -0.35974519302553876       0.30435202481474022       0.88201657642371711     
  -1.6825426238181219E-002  0.58432916660656709       0.81134230142695807     
  0.18872239780121738       0.37221135344156231       0.90875880459964775     
  -5.8541200566381943E-002  0.31083573064628012       0.94865909387400360     
 -0.35806570098078289       0.52987524866851954       0.76877901547168781     
 -0.38297993516614548       0.29155786696413599       0.87653886364009026     
 -0.65110865915248639       0.22282428615846867       0.72553900754863088     
 -0.22419266583907865       0.36026284314470475       0.90550998472312083     
 -0.82980879672240304        6.9555630326977119E-002  0.55369610362717225     
 -0.69453784348375436       0.47319910777388313       0.54194076094250465     
 -0.85607262823598362       0.36000980568089519       0.37085387283768195     
 -0.94996838297781927       0.30393116814781779        7.2013306900956045E-002
 -0.88421447593684921       0.41391738268134770       0.21641894754842106     
 -0.85028870091192144       0.33946520062088720       0.40220952583071889     
 -0.39845612616564235       0.37457164554703487       0.83721490542945642     
 -0.71989612007494319       0.21806235488587314       0.65893731544257839     
 -0.85782254383456902       0.48049309143202423       0.18239208419036834     
 -0.75672642293045678       0.25355649721596840       0.60255640695161261     
  -6.7380408751010090E-002 -0.46218490659449540       0.88421999108412641     
 -0.48391587666649583      -0.57646986100915065       0.65841318612115884     
 -0.74378765457477958      -0.57790971159721960       0.33585754441995941     
 -0.53135679467250774      -0.73779689893976952       0.41631201360303849     
 -0.18260756504288403      -0.84698835855066013       0.49926465693937250     
  0.41311487546443793      -0.90626560362901243       -8.9547503309642965E-002
 -0.36507966827639726      -0.75184519040288256      -0.54904065922233014     
 -0.54545709813983956      -0.83758084669140487        3.0575796713001827E-002
 -0.56303730478247160      -0.71293427592275926       0.41798769316548501     
 -0.57292285472827553       0.17946294096837861       0.79972023567554862     
 -0.72639883428781382       0.16178415012107539       0.66796004544804544     
 -0.92781391979723060      -0.14111069177141716       0.34532463407400821     
 -0.83408485482438677      -0.18724376494189032       0.51888556295486821     
 -0.72717650038670278      -0.36786727318707013       0.57955845831403996     
 -0.66065351533266958      -0.49330524994897940       0.56585056600784056     
 -0.88300049447014561      -0.40745108245038270       0.23301017612021840     
 -0.79078799494771568       0.60114167964213316      -0.11525201969432976     
 -0.50226484568070151       0.48616574865989648      -0.71510341183869830     
 -0.35960045938284735       0.63709091963615738      -0.68176437992083527     
 -0.84173397288151697       0.30976918270254700      -0.44218431942451963     
 -0.18714284146791760      -0.15456786831141922      -0.97009604213858702     
  0.29086829714508478      -0.38362176296802203      -0.87648729408545567     
   3.2674017677510887E-002 -0.76022041417244623      -0.64884307073766834     
 -0.39788413007636064      -0.91585362478216081       -5.3854962693980504E-002
   9.3946563202638902E-002 -0.97365732507734359      -0.20776298175004951     
  0.87432184686125181      -0.46195292744866023       0.14886504264836931     
  0.87749468856333390      -0.46421312933938347      -0.12045431537344833     
  0.66081814553129858      -0.55742137843885819      -0.50259405626799514     
  0.57227738774722581      -0.81935434826602971       -3.4015341402808701E-002
   1.4199088529833342E-002 -0.82116587296324672       0.57051292269802689     
 -0.81262721783424874      -0.52410970005448954       0.25484510421787654     
 -0.95955151097488645       0.26070759669133442      -0.10626592498660502     
 -0.64147991058676601      -0.62357352324498361      -0.44683283834275378     
 -0.84873199625734896      -0.48614509016900709       0.20812724433293728     
 -0.28601166307328740      -0.94690495488622384       0.14686161853256172     
 -0.37075761317209865      -0.91272950633721961       0.17164976124764078     
  0.18781118565770225      -0.98032677119578104        6.0715568174118925E-002
 -0.11689891016406723      -0.63911152292067297       0.76017833833419224     
  0.74232048103290749      -0.10291799085365036       0.66209379290079373     
  0.90417718003418279       0.31828608678836939       0.28488171942470331     
  0.70286892315356453       0.71028379368452021        3.8369379641636288E-002
  0.25897663385258096       0.87840094459388951      -0.40167509713070471     
  0.39930829956148356       0.30621292290822077      -0.86416811312693886     
  0.52569256872019698        6.7562964205237802E-002 -0.84798736373851680     
  0.20366863846337815      -0.67707369421962849      -0.70717062884587689     
  0.42613034232581493      -0.61948974637855581      -0.65927641052983943     
  -9.9881878084367604E-002 -0.87148510319794092      -0.48014302591461627     
 -0.21710784643229281      -0.55767493200765483      -0.80116343727595662     
 -0.35844300337124951      -0.92296079167491873       0.14022121938221910     
 -0.52803022678234024      -0.84667950640634559        6.5710676725616840E-002
 -0.99352733330119813        9.5928103921138319E-002   6.0837791392590837E-002
 -0.72610897022253351       0.63509523494798248       0.26347638586546829     
 -0.73742221482400649       0.28720633922664657       0.61132724116637172     
 -0.35452801241895415       0.50288174737568692       0.78830186893515108     
 -0.56144905991653526       0.81911057090446227       0.11761303393516381     
 -0.81184063362172043       0.45035859463959543       0.37160721445491840     
 -0.90897834095459362       0.17770603536309895       0.37706622849440052     
 -0.89619842928885340       0.40012873500698865      -0.19163864631625460     
 -0.94132522449698763        4.5883095066925242E-002 -0.33436740767119788     
 -0.80908686654775930       0.20655654833133755      -0.55019345208879045     
 -0.97137394141723821      -0.18435859450909006      -0.14981513463655699     
 -0.85757161243315261       0.31788762353622058      -0.40437406983050661     
 -0.88076107911092438       0.45277488957857864      -0.13876174145077469     
 -0.88041629576604064      -0.46565372552291451       -8.9631211395512805E-002
 -0.64615962537904970      -0.37529574789601056      -0.66455311310774856     
 -0.81955172691875122      -0.11123803313059130      -0.56210414238801376     
 -0.56399559467563798      -0.49239716909776116      -0.66291326510410264     
 -0.35238562624876424      -0.17120487948406715      -0.92006155210079066     
 -0.49490515525809459      -0.54940566296867344      -0.67321787320079374     
 -0.44006980746778634      -0.66027861190641102      -0.60858090605460680     
   6.5267828577251635E-002 -0.82952076883561565      -0.55464890212029383     
  0.48534413758081807      -0.34080637220119386      -0.80516587408002960     
  0.22540076189776836      -0.66228291665554517      -0.71454589414692027     
 -0.41237340590028521      -0.91084131238699695       -1.7784199600469099E-002
 -0.51547869907153576      -0.82509555004496793      -0.23129860375618549     
  0.11313506218687761      -0.98045476054316250      -0.16096248082171216     
  0.22117550797641430      -0.96127924218349969      -0.16438860428433527     
  0.40134401514037260      -0.82311621606996710      -0.40174951941939940     
  0.39373070961333029      -0.89414002935382375      -0.21328323003599192     
  0.40083248331088528       -5.7013112366224181E-002 -0.91437564782815972     
  0.82042985133084212      -0.16674199437517834      -0.54689301180132077     
  0.89356718233390053       0.33487640359600490      -0.29899077740039892     
  0.97698987524258041       0.15827753426546903       0.14296505104530349     
  0.91292181887087254      -0.25720855057581515       0.31688722621819365     
  0.95958915035284209       -7.7623683401967403E-002 -0.27048701687926435     
  0.65211147723766050      -0.24845728502885250      -0.71625386475125052     
  0.94514877142287823        2.6590673088563513E-003 -0.32662934534257104     
  0.68807654155971831       0.69628023387542315       0.20431472993806682     
  0.77221597914269513       0.27277701065814586       0.57382504651952948     
  0.85997332981553121       0.40890996762321319       0.30534981641459613     
  0.63866035021179302       0.36977640151332170      -0.67481728634589577     
  0.39497554791207523        1.0268524833037591E-002 -0.91863424383667647     
  0.11672566489099678       0.14549586087636746      -0.98244901833307774     
  -4.8510642050968306E-002  0.25004891774796217      -0.96701719547324227     
  0.73319772548019335       -2.4207689875241037E-002 -0.67958449298201251     
  0.46080243457853653      -0.47038763053079807      -0.75259324560492102     
  0.33119806383798256       0.14498678198438394      -0.93235544485985444     
  0.26988831572541305       0.11301045641086413      -0.95623686070804592     
  0.12132662341267586      -0.24963260134028570      -0.96070984943396798     
 -0.23646096633509478      -0.39447565713630789      -0.88796124201837145     
  0.42338258231260478      -0.19498217440341267      -0.88471980912563097     
  0.37637144422284441       0.46324744643817134      -0.80233804555324972     
  -4.6738936567248202E-002  0.41917088481501619      -0.90670350232697405     
   1.8611909234565155E-002  0.28109424519661186      -0.95949967282537263     
 -0.16438991917637533      -0.15437531439678814      -0.97424032803932403     
  0.30201328806603134       0.51043592645770275      -0.80513547854561174     
  0.26309575121452999       0.19462836662873112      -0.94493408478918284     
  0.71019479341109548       0.35578109549027620      -0.60748923241782271     
  0.74289243395351312      -0.20583232453906208      -0.63698028678253615     
  0.63371380492357554      -0.70592782701723977      -0.31634271999220831     
  0.47913426813687338      -0.86313102686217025      -0.15948411696731016     
  0.68987762739012137      -0.65685176353732166      -0.30432650223831392     
  0.97553330244483139      -0.21249626710523734        5.6392484317445174E-002
  0.47588951989111555      -0.52161317610484759       0.70813053836965956     
  0.80643257976495408      -0.58764412146020517       -6.5885361098064255E-002
  0.91210078256983196      -0.39817034578952448       -9.7634718053803332E-002
  0.72315852540764980      -0.57104518495297152      -0.38852174182706833     
  0.53569829695688909      -0.77442281253173106      -0.33659566555139575     
  0.41661807587326599      -0.83197973537786629      -0.36638654284280425     
  0.52026758697585795      -0.85178012134915304        6.1581351209931051E-002
  0.68887632254662023      -0.72461366766563651       -1.9607265664853046E-002
  0.86517364117738949      -0.48512243827349733      -0.12700704899923707     
  0.99678159731817173        4.9514814761802278E-002   6.3045462699333032E-002
  0.81463957078500449      -0.46913517271550531      -0.34099055622181745     
  0.33703536827665009      -0.91375699267905974      -0.22683764868466622     
  0.98062554978707928        1.3962825783205936E-002 -0.19539337399459547     
  0.79500095362384959      -0.42245132033945665       0.43532558583280090     
  0.13402570215222337      -0.73597626800471527       0.66360835143667651     
  0.22148328901994324      -0.76268374589401100       0.60766656682264464     
 -0.60289485212709781      -0.29702271199996816       0.74046965220383598     
 -0.52961167346754656       0.29792374069048649       0.79419954675128701     
 -0.28029702774590931      -0.12629057198535928       0.95156937091545923     
  0.55401099110931085      -0.15430362904888928       0.81808447717361632     
 -0.28599599590977781      -0.44940186872797799       0.84631214732360027     
 -0.54360121332055633      -0.79089557130275057       0.28103721492032929     
  -7.5839156194128093E-003 -0.95395242290450322       0.29986206672165622     
 -0.26187135065223316      -0.91322754117028293       0.31215197221180913     
 -0.31918544572480129      -0.84906025966159471      -0.42097188350401954     
