   7.2173791193618497E-002 -0.87503693897483648       0.47864527501517362     
  0.12429044607563879      -0.69221024909610152       0.71091269229115861     
   1.8010490223675277E-002 -0.70096932870235895       0.71296396995957767     
 -0.48674935046035828      -0.64571385211272081       0.58832702726987052     
   2.3049709029821220E-002 -0.85243962210584312       0.52231733800219871     
 -0.44184429887284088      -0.88754425419472960       0.13053280200593725     
 -0.41760465580393141      -0.90731154476521703        4.8909223942521673E-002
 -0.12521907529460999      -0.99062650295653121        5.4583100154525208E-002
  -4.4916565888635102E-002 -0.78162152214275471       0.62213366588865993     
   6.8265671474752376E-002 -0.63635009190375003       0.76837384041378110     
 -0.55640578795211848      -0.71689550875414032       0.42008740597825639     
 -0.39960876926912514      -0.47562847784708345       0.78363919158253004     
 -0.49147792823255854      -0.52004645821273643       0.69857077476846385     
   6.0585821697281612E-002 -0.92747024928649791       0.36895568148184643     
  0.28115508074053963      -0.80644594114187107       0.52018916231464452     
 -0.10359939097612193      -0.69048853612958927       0.71588598789404900     
  0.14117442251022833      -0.53338365092325823       0.83400939044876898     
  0.17502561620836660      -0.64633015590450238       0.74271351356990822     
  -5.0670218911096791E-002 -0.90392810617710206       0.42467223570491031     
 -0.29495992580413588      -0.63840234267757501       0.71094380300656801     
  -1.4619478355767370E-002 -0.99636506531411284        8.3922151272765019E-002
   4.4794528542118003E-002 -0.83492545992695189       0.54853707858127509     
  0.14565906950215807      -0.91839516869887572       0.36787735671324867     
  0.28397446430939011      -0.91831447644055764       0.27578438313280507     
  0.40868646892312754      -0.67518034030945129      -0.61409028503858643     
   4.3679295072893420E-003 -0.92044183914397593      -0.39085514189421239     
  0.77874408071021406      -0.58117485617120446       0.23620635747849020     
  0.82074096353891512      -0.40318349742306869       0.40475589949369317     
  0.89748527069437412      -0.42610517197346587      -0.11381815015250915     
  0.33728199637084205      -0.94140356124519597       -4.3565928604345078E-004
 -0.16295843959824854      -0.96476231336536977      -0.20658708980399457     
 -0.61580122331617726      -0.45867340356565445      -0.64063059732099881     
 -0.72199781172635602      -0.68442818586899790       0.10137661589586562     
 -0.80346617230923079      -0.59425446860945252       -3.6107291403731090E-002
 -0.60466015920537219       -2.8318547549641332E-002 -0.79597999455668711     
   6.8022956721950259E-002   2.8984347922702366E-002 -0.99726264591347935     
  0.21304621685175779       0.28341749480426348      -0.93503253051649582     
  0.27282307123791261       0.32408253632654815      -0.90583557086731914     
 -0.60110086878392310       0.42191446365592533      -0.67872375154048969     
 -0.51613764056915401       0.58009217312969485      -0.63015474818605055     
 -0.51872490005200089       0.51750976801028603      -0.68052047587124331     
 -0.96412085600135022        2.4547394151581491E-002 -0.26432631436089865     
 -0.90489077357185099      -0.18418912358763223      -0.38372783930360138     
 -0.76264243274094301       0.51085622173015011       0.39673976420649271     
 -0.73953237515478398       0.62366974512496420       0.25323490105774177     
 -0.66703195635647317       0.73778661935062295      -0.10363046611134666     
 -0.55269597613341459       0.83295526946448750       -2.6696011636685075E-002
 -0.56852077129487932       0.62234275165725195       0.53802753838996409     
 -0.74224317589851629       0.30423707587334908       0.59708866133609129     
 -0.41417943782488026       0.83383367069121384       0.36493397060932836     
 -0.67420345487067479       0.64641936085465179       0.35719981992261596     
  -8.4412103319154302E-002  0.99290047017696059        8.3804851504069480E-002
 -0.39828543883068923       0.65329897028903050       0.64387045640774776     
 -0.59122820345450400       0.32942805459362229       0.73615648355946317     
 -0.36951185276205223       0.29099396790086474       0.88248711113173872     
 -0.44108108701864762      -0.27870533630375527       0.85309484243562783     
 -0.57471920228254003       0.12560173830172439       0.80865446382452810     
 -0.39979098995089102       0.37165719919248824       0.83787713338085734     
 -0.72884510186398155       0.58899460293659633       0.34909909080438450     
 -0.53709774824809375       0.77507542645327476       0.33284244340995467     
 -0.58021445092999102       0.56197482590362813       0.58952140417683241     
 -0.69441385558120494       0.69814889949365166      -0.17429145507638730     
 -0.52164752478083831       0.52782831514829232      -0.67028436474213715     
  -2.6527719482846233E-002  0.89166172697063950      -0.45192437946498160     
 -0.48363394149017319       0.87329991972092924       -5.8698048128918753E-002
   9.4349101405472410E-002  0.97739360736146996      -0.18920883529294469     
  0.22902429996291049       0.75421732334961544      -0.61538938826231560     
  0.90818874897418711       0.40775749949508228        9.4482897088685125E-002
  -6.2092692524057150E-002  0.90318593325700369       0.42473482021355041     
   2.5496485874729115E-002  0.93058828597301857      -0.36517854703953112     
  0.22901832424865290       0.62063528290694558      -0.74990829623986888     
 -0.29890596218437893       0.22199812054559170      -0.92810132003183232     
 -0.21130512354369629       0.35882563143324342      -0.90917232194494746     
 -0.37879190945458246       0.56900917210861301      -0.72989400010418037     
 -0.71251108834000054       0.58739787289989365      -0.38378599232548050     
 -0.52475846677864857       0.72900488323910173      -0.43952295930674334     
 -0.45736349285449646       0.88882376384094108        2.8477223101892032E-002
 -0.59140896701984313       0.73328899438506534       0.33544401089056330     
 -0.88581164031109683      -0.25460695463801875       0.38796009658125341     
 -0.25898429527811384      -0.10378344802326235       0.96028960773078720     
  0.15745703870381139      -0.66293783028175701       0.73192944615173472     
 -0.54832657623169001       0.13921783106991786       0.82459466485677479     
   3.9549226025292719E-002  0.48048412888849740       0.87611121474789844     
  0.41750182044677409       0.71620616690628791       0.55923247081071170     
  -4.0362228339963307E-002  0.95889170201048524       0.28088715588092111     
 -0.50053237163829978       0.80211596371208982       0.32569514227322921     
 -0.10642648724987519       0.98897919127773437       0.10292503112130783     
  0.46774836916164636       0.57589415862005788      -0.67049040352109024     
  0.81781646707687605       0.54755564847189353      -0.17708483279049214     
  0.97562135109410975       0.19256179411091470      -0.10527551822770700     
  0.88954731616536331       0.34627417984445985      -0.29799289366700904     
   5.4656250693418985E-002  0.85324095909000663      -0.51864492669968620     
 -0.41529341190009783       0.81919015505828696      -0.39554882364635774     
 -0.99883317802203320       -4.4108242307530979E-002   1.9665844577994709E-002
 -0.87920634172562728       0.25113817403230071       0.40487754471342735     
 -0.85089330127998519       0.52514066673101378        1.4417696840846097E-002
 -0.39361184718831871       0.82564486057305109       0.40420326317626193     
 -0.77678190183462881       0.62461609163694054       -8.0402829865606804E-002
 -0.85134897751527372       0.47052908447957092       0.23196400398018138     
 -0.65493805679930073       0.46094299357594620       0.59882192547473256     
 -0.33474572226376315       -4.6782277904212417E-002  0.94114649226368774     
 -0.19967111975940455      -0.37559012931908092       0.90502126974568720     
 -0.86708080443103630      -0.47467229707929492       0.15118561099753475     
 -0.62516278068643716      -0.29338505707367912       0.72325424708762609     
 -0.58177743313165409      -0.77047914427574193       0.26057034853359462     
 -0.34308434093105911      -0.70681463021221158      -0.61863253513367111     
  0.66122148892751054      -0.52852737854717435      -0.53239548524245839     
  0.73602092146269293       -4.3479810873928437E-002 -0.67556103293157033     
  0.93197031533744290       0.29996971696306801      -0.20359150334665937     
  0.88271045741094678       0.37066613991908276       0.28884054614073662     
  0.38888196635374650       0.91136676253765458      -0.13483857158286933     
  0.56509720472982694       0.81162536901566285       0.14808581828374484     
  0.30923722696245182       0.79592488436847497       0.52045741026872483     
 -0.41862950784660713       0.90815237784905456        2.9315127846421818E-003
  -7.9107829012304870E-002  0.98556768255793670      -0.14966059764126100     
 -0.12869524467817872       0.97911608043594167      -0.15738244828757503     
   2.2197203420591775E-002  0.77635121908260429       0.62990957191432495     
 -0.38932067046141572       0.79032157130191416       0.47309748412600600     
 -0.71609978599467194       0.69109724644784265        9.7906549579834426E-002
 -0.25440133061085213       0.94480692206344641      -0.20644573864446061     
  -6.4209158031172525E-002  0.92378226476549541      -0.37749637260462010     
 -0.56618724355591099       0.54259236409908584      -0.62050425595311931     
 -0.79565704897071665       0.60288681108281117        5.8799263988649569E-002
 -0.64850615081759733       0.50559277399695013       0.56904808165374410     
 -0.84546355700033660       0.32518984644994942       0.42360705559537482     
 -0.71342576481123376       0.59837347458509604       0.36465444329729851     
 -0.80308461413752386      -0.15644665258965551       0.57496047466682187     
 -0.84066832986718687       -1.4829676041168083E-002  0.54134724518267197     
 -0.68321186642510157        5.8850893062847895E-002  0.72784484470361943     
 -0.41550072624642254       -3.2824053945916656E-002  0.90900040042414421     
 -0.63350857224278367        7.9389119392863763E-002  0.76965203606371480     
 -0.92496269541670995       0.18279470845323342       0.33321180448625976     
 -0.69757662954838162       0.10385423791923534       0.70894368124288032     
 -0.14200239932442449      -0.79688076408194974       0.58721066613468653     
 -0.67359953439463927      -0.69258683384379716       0.25804485046139924     
 -0.80863226152473189      -0.39732862469464097       0.43387075220595317     
 -0.67073330959196664       0.16915205883797491       0.72215262126141289     
 -0.91798374868090371       -4.4014956711496252E-002  0.39416813765638392     
 -0.85000406185879795      -0.52673911196399870       -6.2452182494124042E-003
 -0.74055684867897287      -0.58435850149280333       0.33181424865097281     
 -0.94511033581477522      -0.30746762206882600      -0.11058984815740451     
 -0.40656994109749073      -0.91138577425515721        6.3850242609802765E-002
  -6.1592062883949888E-003 -0.91790392079155503       0.39675490718259154     
  0.20715132015222526      -0.94181325838902574       0.26471893940908331     
 -0.65261405458630262      -0.66518979747538720       0.36279116457147881     
 -0.52496150688570664      -0.69307867327183481       0.49402162801249316     
 -0.49445533039532952      -0.86838180086637373        3.7775311616688595E-002
 -0.40940421230118051      -0.88642007814351598       0.21598063805393436     
 -0.74986694591221803      -0.27832680703639251       0.60019476165096008     
 -0.99432344638618531        7.1305323060344622E-002  -7.8971101486658091E-002
 -0.73250164099854131      -0.65466129031964637      -0.18670817039300791     
 -0.13543345871036991      -0.84577270994389842      -0.51606811699227828     
 -0.75839465758798508      -0.53813853157283031      -0.36775598455860348     
 -0.71631656271768074      -0.49468728999449785      -0.49211286011878591     
 -0.75833598097768939       0.27614479486477950      -0.59048335473891111     
 -0.91325952099028962       -6.4094312357282947E-003 -0.40732783665233913     
 -0.79734420465864675      -0.42035949208682077      -0.43305902220114989     
 -0.94415177912970027      -0.28072732360559766      -0.17253865580642624     
 -0.65842616156875244      -0.18994500975135120      -0.72828283175729713     
 -0.46697476294833234       0.22986208355539972      -0.85387235188463029     
 -0.75483254372398056       -8.6764126320144908E-002 -0.65015368746102153     
 -0.95359910353216992       -9.1103607436961789E-003 -0.30094144126360811     
 -0.64672954287602058       0.53265138608196372      -0.54591519421646517     
 -0.20898573421592700       0.68671438434917242      -0.69623869270692351     
 -0.29421838477167733       0.73268534425541365      -0.61368373644387209     
 -0.49359335036830693       0.82843077916399810      -0.26470369964532092     
 -0.64975876256631526       0.27925575086147680      -0.70698640445143757     
 -0.88177058168807487       -5.7575279370696480E-002 -0.46815139482320856     
 -0.50452026222906032      -0.70216780847968097      -0.50241384707752257     
 -0.66743495486452986      -0.59963200383548165      -0.44155638484944026     
 -0.89275252164639785        2.4839187314670521E-002 -0.44986214540415637     
 -0.92442625057020156       0.28930147532642503      -0.24847688751820110     
 -0.63392769008013083       0.77337234100973029       -5.5593084853852170E-003
 -0.61782932961037806       0.73019804833195723       0.29171515162140332     
 -0.33317230383489155       0.92691951176057552       0.17267436021294419     
 -0.28543982922335842       0.93186030948170429      -0.22396532657016005     
  0.24836807918924564       0.96864619646326300        6.1516922231465015E-003
  0.30491695022213855       0.94680482408127598       0.10288964264561119     
  0.35605381532941188       0.88914509312355827      -0.28748336293382193     
 -0.18540921751824263       0.85940986118877860      -0.47648516508996097     
  0.10755891964285787       0.97550864645273805      -0.19186964194804285     
  0.46758314630111991       0.81596450019749012      -0.33995284336610865     
  0.18393423266290071       0.55810739577299417      -0.80912565948574455     
   7.6166733514092477E-002  0.97684875746401667      -0.19991281536423020     
 -0.40780474634207509       0.84868713709864863      -0.33678692401012789     
 -0.76848257419197252       0.16639825152912519      -0.61785609574671196     
  0.24330034379613463       0.22597152755030145      -0.94326126361963369     
  0.29081920571979630       0.94697690093227094       0.13659772576901374     
  0.64837061398721230       0.61847445400341028       0.44396497233799354     
  0.94847277071578440        3.1344735095637413E-002  0.31530447315658283     
  0.95037414582447111      -0.30399490138328650        6.6151968084090962E-002
  0.25653622437966184      -0.55808413837779025       0.78913323341003649     
 -0.23355643370701440      -0.41557474006890993       0.87906144705064293     
  0.17873169142264370      -0.62772458207479209       0.75763898496595727     
  0.63482206956546483      -0.63040541884575285       0.44675490806765061     
  0.18544221246351561      -0.96602003453912855       0.18004576836394798     
 -0.12562985720027281      -0.66527750259607765      -0.73595039474098989     
  -8.0828575379845252E-002 -0.90463011301059826      -0.41846278214026122     
  0.40744200889925264      -0.90184394632361620      -0.14376545434720048     
  0.64699386858849040      -0.54450842482549866      -0.53376915357017996     
