 -0.12877756786782407        4.0399334435024692E-002 -0.99085025699715013     
  0.20010974199060211       0.27534091782144321      -0.94028903542141229     
  0.51962345484960248        5.2613808049924216E-002 -0.85277385769774794     
  0.82012501085960721        7.6405368521358305E-002 -0.56706012575711273     
  0.59944442297759892      -0.32664860849357857      -0.73073050458447020     
  0.54403133740611342      -0.58129786418926466      -0.60508073594285394     
  0.71299292715139884      -0.56254795232736299      -0.41854615894115493     
  0.37833126405891998      -0.81153535126476306      -0.44528174034329904     
 -0.18444573831042560      -0.49431080823177698      -0.84949196257787829     
 -0.52589864633368288      -0.40334600695757916      -0.74882749178686447     
   9.7894757980854230E-003  -3.0115951920298811E-002 -0.99949847203662334     
 -0.27065086442059577        2.0328592297539250E-002 -0.96246291249253946     
  -4.0852472302290166E-003 -0.14181637157679111      -0.98988455261603436     
  0.17015920008221974      -0.82679892587251658      -0.53614306188129701     
  0.25727003427245293      -0.94221171684646743      -0.21459079687327065     
  -8.0288838867027895E-002 -0.97637522874004112      -0.20061185173428023     
 -0.39502944698014525      -0.81888707920661286      -0.41638406252769450     
 -0.51079907615725428      -0.65764161372773255      -0.55370733396848582     
   2.3659673969089023E-002 -0.88507479513287379      -0.46484710050531702     
 -0.12660417059834106      -0.62722029170895177      -0.76848297941833266     
 -0.38456052059748869      -0.77394199914004647      -0.50311727058900912     
 -0.77709042591299116      -0.47479429253250660      -0.41315959353854992     
 -0.78008537046217019      -0.15109817645733789      -0.60715414505885967     
 -0.64401840119620735      -0.75761928872445250      -0.10608163023527935     
 -0.64070933709003119      -0.63730433431880085       0.42817605120339292     
 -0.38125002003705061      -0.80564213509182381       0.45341942215404041     
 -0.95164883281530022      -0.26114770899439638       0.16176023333415643     
 -0.98624513806659042       0.14691594765607960       -7.5737916292672375E-002
 -0.87807046294972968      -0.41389095049227725       0.24018023065162641     
 -0.91541763503852058      -0.36883365710076987      -0.16115919722498093     
 -0.79676316639118061      -0.11588162769731028      -0.59307664348260536     
 -0.28436615245086788      -0.46828959791406444      -0.83656484735245007     
 -0.83523699294437570       0.45597236867862206      -0.30735706372053256     
 -0.52687531958600076       0.77606909870789509      -0.34658209942511475     
 -0.70758479138416464       0.56773660452749253      -0.42071238498701591     
 -0.70442460121538153       0.34193042751788794      -0.62198839534193406     
 -0.51431606767013149       0.79166831184140740      -0.32975789082681722     
 -0.16545015141112315       0.80379960098685599      -0.57143017845705035     
  0.29796862262766471       0.87995629356411542      -0.36998867732178042     
  -1.9138325834240053E-002  0.93729169586100602      -0.34802011630694835     
  0.21788362950413340       0.95745945832257229      -0.18920388384699599     
  0.30155021916692182       0.89838025370728980       0.31934367861165625     
  -3.1322514634130452E-002  0.97723138487563743       0.20985166306485190     
  0.41896366484537240       0.59045664082584470       0.68980461207796950     
  0.60391106878553713       0.65199137331211188       0.45847428512941502     
  0.64926890786390379       0.61618538397737632       0.44583119883413008     
  0.90290637197553913       0.35305498072450858       0.24517802518090170     
  0.61435455234063552       0.62024020549516978       0.48771976739276079     
  0.24397229447892393       0.80899000927567055       0.53480153741256065     
  0.63313413984598710       0.72940658937287539       0.25905055170933478     
  0.36748044219281822       0.66085591933254173       0.65439099817230428     
  0.80957131824572126       0.28651133270531820       0.51235294173578649     
  0.47237616949485078       -5.0959310196523472E-003  0.88138231544568191     
   7.0023408457917852E-002 -0.17780255339933640       0.98157168575332332     
 -0.55090688578230562      -0.62229760715347948       0.55610007312413190     
 -0.70419525913545100      -0.23550658191326307       0.66981018720730967     
 -0.58454837527130088      -0.10707370377311434       0.80426265543540854     
 -0.51329196600096516      -0.65609340084148826       0.55323847209964783     
 -0.43320525298409807      -0.46498633544482654       0.77208867148571680     
 -0.10235230341283662      -0.65834099996468343       0.74572859255334600     
 -0.35500378111618902      -0.38968571959013537       0.84977488509649046     
 -0.32123917737659463       0.54554578594659531       0.77407053060706954     
 -0.40100389699557776       0.81884704586164225       0.41071326990742396     
  0.24320967676852018       0.88596517438413303       0.39486043471672111     
   3.3697805432476219E-002  0.35117326203009702       0.93570390505983514     
  0.30534365229307803       0.48241529312080034       0.82099984102769208     
  0.39789202185964362       0.86047493301673295       0.31822135156258313     
  0.77563916397927168       0.52543850120403668      -0.34971169376222710     
  0.57250757589324230       0.76316472562236648       0.29969096935114586     
  -8.7945420806317232E-002  0.73625431339891467       0.67096586273875169     
 -0.39541886377599483       0.88458252407130988       0.24730078907629485     
 -0.56330682118757702       0.70263387519520826       0.43473102331405750     
 -0.75635408573374718       0.59512267689799758       0.27158331398611080     
 -0.52273831233388968       0.73519631713404188       0.43154493635184071     
 -0.41253325471142116       0.55012626628878680       0.72606983472416953     
 -0.58418175401424721       0.53961231379235619       0.60625920948104695     
 -0.37763854599411623       0.66662522309796368       0.64265071423680498     
  -7.8274376981790947E-002  0.47487795328914523       0.87656377485503700     
  0.35564153565285483       0.26273869414474110       0.89693225871166693     
  0.77796116359030754       0.52718469368302767       0.34183728101480121     
  0.98085767083622921      -0.18252505973918490        6.7844175350380689E-002
  0.67454277403022977       0.25578927630296444       0.69250551776288383     
  0.16469221730456776       0.98609718041858252        2.2109371990127514E-002
 -0.50735279104956543       0.55339824640055957      -0.66056303733634547     
 -0.56362116106797489       0.77547934133208585      -0.28453994089326629     
 -0.72042196608932296       0.67141986230559114      -0.17374567412613548     
 -0.42928693822519953       0.86992375485372786      -0.24278670764778235     
  0.18073230118379147       0.66459442820313164      -0.72501729724891262     
  0.31296384757851281       0.83158123108849069      -0.45883143550786915     
  0.57904903678810515       0.77611596718525411      -0.24969224752660132     
  0.56875178922384306       0.80392863223419109      -0.17383945619083810     
 -0.28396316542131061       0.73472795162717741      -0.61606798146118447     
 -0.71992610890446462       0.57381204322594759      -0.39044351290115958     
 -0.91105520826768271      -0.38423896602128382      -0.14946178267115856     
 -0.90388448680034150      -0.16695855195789663       0.39384981458649276     
 -0.87830495263755970       0.47597203128577836        4.5067012393365427E-002
 -0.17477060675317785       0.85474119167549345       0.48874607954265253     
 -0.26007043849099776       0.90708237487116261       0.33100593985791299     
 -0.46740767471763400       0.75008996925009574       0.46786226995286545     
 -0.34893475426818271       0.59954755116037095       0.72026888809768008     
 -0.61310284890800304       0.23353769119483847       0.75469533154267499     
 -0.94830352548848906      -0.19007041175537456      -0.25415283221170959     
 -0.82744022279408957      -0.55824088121543181        6.0908096689074806E-002
 -0.87803681082496743      -0.13818162821377905       0.45821086462513827     
  -2.8628299068075930E-002 -0.98539813327533976       0.16784200734615967     
  0.68173572375768110      -0.69241414055672901       0.23621824846888587     
  0.71765443399847229      -0.65146497026806283       0.24610060112883764     
  0.88087777308432325      -0.47288853954030757       -2.0755193504884945E-002
  0.89936821941544287       0.19389141552203215       0.39184553703261954     
  0.75826398258243743       0.58953417763828242       0.27836161034633183     
  0.17462461037537469       0.98086253387087907        8.6110017417641127E-002
  -1.3707386989410434E-002  0.96939609774522340       0.24511897767878124     
  0.12136095016095348       0.48214830464257291       0.86764309027753084     
 -0.39438487415396772       -9.3811923982540096E-002  0.91414435072215772     
 -0.69498115560413043       -6.4316274469694817E-002  0.71614566269263680     
 -0.85130989111503119      -0.19676882904799492       0.48636765641312979     
 -0.48363487297894342      -0.14280074168254986       0.86354227332167943     
 -0.22867336227620297      -0.73599154240919606       0.63720086541641763     
 -0.56236601011326015      -0.66827789335324228       0.48697959703119831     
 -0.28989846178335299      -0.77822471876179422       0.55706837009813581     
 -0.36377347755075884      -0.64346530047553863       0.67351411575001863     
 -0.65814889414146105      -0.69975031040407476       0.27783004918434095     
  -5.0054532199657047E-002 -0.99197567490765992       0.11609825234581450     
 -0.43950110379078799      -0.85185142166302052       0.28493496657544959     
 -0.25366946316745043      -0.62796416982626524       0.73573963116766061     
 -0.19249339184334807      -0.76804391349423629       0.61078215514296863     
 -0.84578375181291277      -0.52430775229055637        9.8748296478032696E-002
 -0.97040618511415888       0.23753644512242614       -4.3454264817303218E-002
 -0.99420618671149641       0.10580616909245427       -1.8950274049637700E-002
 -0.70318259453293519       -9.3165055781354089E-002 -0.70487907553507778     
 -0.54999535598666571       0.82603504156261010      -0.12317150037177835     
 -0.35041612112743831       0.81451701644667140       0.46235329778519180     
 -0.87731873476008460       0.46726074264830264       0.10944969629371090     
 -0.76081313933299188       0.49690354060709441      -0.41743291479047473     
 -0.97928164239876159       -2.2792462425506838E-002 -0.20121622329586447     
 -0.95516793216827245       0.20168406510639797      -0.21674353332828700     
 -0.89169553703110538       0.27392235771767931       0.36034096517220682     
 -0.48398940285412945       0.29000862453034215       0.82562052761724281     
 -0.33869406227404941       0.30350968753850854       0.89059991115575032     
 -0.90906700084715009       -8.9591112043620552E-002  0.40690369943464655     
 -0.89661628651176750       0.37262806091573469       0.23922283122660137     
 -0.87265946022188479      -0.23361645505232725       0.42882259550313218     
 -0.54713401474944878      -0.77837177699801008       0.30786644292156706     
 -0.65505069510703950      -0.74099632806600524       0.14776003733249965     
 -0.46721307832997788      -0.71313212757856403       0.52264185447850919     
 -0.36789959706640440      -0.82529779997111019       0.42840801561278480     
  0.15952923171332095      -0.98274032830076230        9.3658269043780190E-002
  0.31732478029457822      -0.88085980922697060      -0.35127052295873862     
  0.87179250559382604      -0.30192186922077141      -0.38577326511399224     
  0.78492660343646514      -0.61138738142562210       0.10047734596048510     
   1.1409945807901750E-002 -0.81963542199965933       0.57277184649748114     
  0.34948643740493790      -0.70039680179156327       0.62233716754682356     
  0.32703492534406414       0.25039212186434656       0.91123649121042705     
  0.22036649329858898       0.37263950449955574       0.90143131092594375     
 -0.53945904089459240       0.68908768328065584       0.48388232861719693     
 -0.21329417917494553       0.67442866401399193       0.70686036123581952     
  0.15444555772455182       0.65906055392901397       0.73606097298658757     
  -5.0637432051736452E-002  0.99553951020585696        7.9604862252949382E-002
 -0.20305363882703820       0.88714796033921295       0.41441249525695795     
 -0.43689896778907034       0.72921921654562027       0.52664848444242074     
   1.6253418315947982E-002  0.98320683867770708      -0.18176946600160657     
 -0.52036808875851326       0.66955786207147439      -0.53000879383283506     
 -0.78296716409667755       0.57357504147583382      -0.24077809647569465     
 -0.89183758631829124       0.44419493108236480        8.5537026080930750E-002
 -0.61659241923387265      -0.62437918449528673       0.47954605880181222     
 -0.50183479071579840      -0.82279269591034654       0.26678459922531311     
 -0.22478758912660246      -0.82420435087114763       0.51976699373835000     
  0.44609024335900965      -0.49767698798021709       0.74385557093758703     
 -0.12534888916552431      -0.85998019863688036       0.49469355558518158     
 -0.15850271197889351      -0.79514475427860176       0.58533897020327685     
 -0.42990883923168804      -0.68887692510108689       0.58363256592980983     
 -0.40808824836416840      -0.57627190821961105       0.70807815200304713     
  -6.7778129632683565E-002 -0.58369794667147112       0.80913709110078291     
   3.8027237237387018E-002 -0.46307378158542689       0.88550358668746809     
 -0.45794223552418362      -0.77818626308560668       0.42978488673758186     
 -0.30492526240887252      -0.92941905602975650      -0.20784802773592381     
  0.19760084999350944      -0.84966097850242772      -0.48890707265516853     
   4.3271013359328578E-002 -0.84935419549903712      -0.52604664241027521     
  0.22200305307876297      -0.85395566745709062      -0.47061062720862279     
 -0.24248220460313624      -0.93629257081264905       0.25408384893945346     
 -0.15034658955307031      -0.76340433047918455       0.62817969659600092     
  0.44583092879588421      -0.61386143092853629       0.65146675014727995     
  0.33501129825495546      -0.20452956921459420       0.91974729429254953     
  0.53977343879096951       0.39363305807199750       0.74410862807033018     
  0.72788841641507540       0.37161732468022324       0.57626297577260199     
  0.71221030287854514        6.3830777735609134E-002  0.69905802068737755     
  0.64855792861345252       0.10845362658285651       0.75339924615949361     
  0.82142304425944734       0.53197420035643384       0.20559093490404118     
  0.99303069495684504       -2.9213495315563429E-002  0.11417797758331377     
  0.72391450803074631      -0.37972899174383401       0.57598062284407736     
  0.39798427786185192      -0.75087296742975584       0.52706574671290363     
   5.8739743040338688E-002 -0.18062334543643174       0.98179674560009156     
   1.0716801616943994E-002 -0.13251023225483571       0.99112369990376137     
 -0.39016536805020041      -0.42779337022289521       0.81533049615944164     
 -0.69012918720053973       -6.8950108921892642E-002  0.72039405012366964     
 -0.69067192215969597       0.50955770177892745       0.51315031374648190     
 -0.81961998033889505       0.51055385079983195      -0.25991893594500215     
 -0.86780619539112736       0.39120099930219487      -0.30638894462073840     
 -0.96501918867920455        5.3946622619380255E-002  0.25656914738323844     
 -0.88572052354800401      -0.41172065101441552       0.21444173962683821     
