  0.53856253958294786      -0.13362631784269524      -0.83192211061962262     
  0.34168454858086839      -0.18456617492305155      -0.92151342710531536     
  -1.8199482418101123E-002  -5.5190757274567875E-002 -0.99830995144354540     
 -0.67185988320223067      -0.55708406072760808      -0.48812052469318618     
 -0.40907603646368901      -0.55205772309401602      -0.72655974755241060     
 -0.65527418677099170      -0.66363358547899476      -0.36084096826154888     
 -0.65663039383546373      -0.59008429159333375      -0.46972018767165552     
 -0.96379288772203120      -0.15265793931364202      -0.21862941966013205     
 -0.84526331503512531       0.38294121634369005      -0.37267405742964699     
 -0.35600905414207301       0.92964806101164110        9.4931744038478899E-002
 -0.13007991255142873       0.97164355913925149       0.19745381823058164     
  0.25809196289318753       0.91064939335189210       0.32265495669180488     
 -0.54427398538385974       0.82169248459002664       0.16907776199909205     
 -0.95520743321404056      -0.27464587120160378       0.11021980296010553     
 -0.85269197407630060       0.35058885592514738       0.38730330678547370     
 -0.67917423225771667      -0.23487134543246507       0.69538321329459407     
 -0.85387932357092389      -0.21852978518217669       0.47237149973969100     
 -0.43349750272123277      -0.53504002824224517       0.72512901149587017     
 -0.31227543657172740      -0.34159687405078415       0.88645114211256582     
 -0.45132596639925243      -0.26163793655257350       0.85314152531118814     
 -0.39727776112115637      -0.50684169359434972       0.76503717436017860     
  0.16969556879042746      -0.76142366405206585       0.62564959662292363     
  0.47209210472999552      -0.83158837605484504       0.29255737464992798     
  0.64341462359040402      -0.71116497062069750       0.28330550067390864     
  0.60832638336544609      -0.79292837665925797       -3.4692950148779364E-002
  0.46811291895964618      -0.55433533188890449      -0.68817340469008070     
   9.8974444422606125E-002 -0.78702166070661572      -0.60893428621639734     
 -0.33360569931912770      -0.69588398209216207      -0.63596597460033943     
 -0.38467257628894469      -0.39267930446971039      -0.83536218066920698     
 -0.39631904449046079      -0.83775732439690120      -0.37562465360190184     
 -0.22410643930504520      -0.97154580550650527        7.6648885606822398E-002
 -0.46515551131531274      -0.75567196926995039       0.46107507539738946     
 -0.72440453086452061      -0.68828519340227245        3.8750073628384347E-002
 -0.88905857056046167      -0.39462184334351025      -0.23205270709305975     
 -0.85106647642212974       0.29850954981239886      -0.43194664182194475     
 -0.74116198762235763       0.50794603666858118      -0.43894160424410045     
 -0.74341409187827812       0.55810754689851638      -0.36858032244240668     
 -0.32626997818110642       0.66143390845148542      -0.67531702635750490     
 -0.78516205534646644       -9.2764538539219982E-002 -0.61230326410509572     
 -0.47092416979226959      -0.53880733304447692      -0.69851061850411378     
 -0.20161606650624805       -6.3462473761248472E-002 -0.97740650506873505     
  0.53645548784809216      -0.65475592598880727      -0.53245674654400066     
  0.95688202413418755      -0.22816476204098776       0.17977105788112685     
  0.77253055978622653      -0.62251619567450123       0.12518035117129434     
  0.38857489040845616      -0.89350462942061659       0.22507561340141446     
 -0.16652614444568281      -0.86652164845276747      -0.47054147105091593     
 -0.74787889936475438      -0.48642604594802569      -0.45173759386215923     
 -0.61553185731518878      -0.76407077565776416       0.19317448696939438     
 -0.69529915776924067      -0.71854227791143499       -1.6002376675411878E-002
 -0.98809508269942281       -6.6355376252415957E-002 -0.13879867285977321     
 -0.86119832448889055      -0.18851524368606282      -0.47201636496581673     
 -0.91965340169490850      -0.21397756127708401      -0.32931933441705974     
 -0.92880539880116397       0.30392181980101163      -0.21201900529587417     
 -0.52929469095940629       0.84745906503271307        4.0746327639035573E-002
 -0.78429011230367096       0.58342697691240530       0.21095492967344645     
 -0.88778312909534418       0.45607680835277009        6.1927865912259038E-002
 -0.80931277707063287      -0.49711960064589455      -0.31286567648738284     
 -0.90676016954336891      -0.10030334521732256      -0.40954271311783208     
 -0.79778937594495547      -0.58593897988291221      -0.14215352082564367     
 -0.90947788586784162      -0.26351996729946575       0.32156990212374731     
 -0.97625617344977755       -3.7942554470102474E-002  0.21327035978191447     
 -0.83376458279176480       0.32886892522316247       0.44348827549850695     
 -0.75164319872004515       0.38635496091586352       0.53456743820929475     
 -0.72888887788092105      -0.20963743388094441       0.65174623130275189     
 -0.73086242732439699      -0.11344686953148886       0.67303040059052477     
 -0.30828769704313680      -0.46811810655328723       0.82814499586051837     
 -0.52276705271863988      -0.39880404056861912       0.75343874722370896     
 -0.11756338826925421      -0.50493677860512343       0.85511268225339310     
 -0.39344956701309908      -0.55140546864762907       0.73562860694968724     
 -0.36264759830882409      -0.46394418221165457       0.80823419578291011     
  -7.1152647712918876E-002 -0.36208333533104076       0.92942614499433052     
 -0.39814227964563470      -0.67002603904601721       0.62653637736276524     
  -9.6334802791408297E-002 -0.63987020166160602       0.76242096691835792     
   5.1304687322276707E-002 -0.39970317945031442       0.91520773455873117     
  0.31107393868440558       -7.2006032752087862E-003  0.95035843553044419     
   5.7414300806970651E-002  0.19818400114765905       0.97848183414514067     
  -6.8401197648437259E-002  0.30771180179606467       0.94901776758693779     
 -0.83100854942456193      -0.43746931029258146       0.34357734694751535     
 -0.97502239098641208       0.20707141172924545        8.0329119997709836E-002
 -0.65342983413614919       0.70284802339361341       0.28113005508575972     
 -0.82987045325800690       0.35427665678316966       0.43104881541179046     
 -0.44258774454157979       0.89449389583426120       -6.3219923258902674E-002
 -0.58365442657094102       0.80717341117917729       -8.8422817357815514E-002
 -0.59853140905481927       0.79245507157964179      -0.11736742266307888     
  -1.2125879942773365E-002  0.26754966628123850       0.96346776755032792     
  0.51471357431141307       0.79799393847409916       0.31348941063167346     
 -0.29378149693872002       0.92798601999747221       0.22920379304393476     
  -7.8687480169758375E-003  0.99767448321264474        6.7703089670876182E-002
  0.41315354801772447       0.52413669825428044      -0.74470455034428007     
  0.71272861070759941        6.2231041983327809E-002 -0.69867390454523148     
  0.77356195036205078       0.11345742551475446      -0.62348161283843240     
  0.95014816572281924      -0.23207616233999723      -0.20822852361554742     
  0.47323142745346225       0.54889008055090205      -0.68903678823647019     
  0.87172555334122359       0.36672520836503625      -0.32497258530770001     
  0.83467496397469132      -0.28311391454069701      -0.47240259938667373     
  0.94456278201549793      -0.22055939573554251       0.24321740024913288     
  0.93494638546564635      -0.34407191592026776        8.6543474506703411E-002
  0.84610127185098249      -0.40254415703056057      -0.34938637553962743     
  0.72372131863657119      -0.58096363933140360      -0.37243617268700513     
  0.30390150316056230      -0.53213295828986062      -0.79023945173501975     
  0.53478640188158422      -0.44690725667195852      -0.71713137450296538     
  0.45784855688809833      -0.88462753086706292        8.8367587878758369E-002
 -0.37268043162704145      -0.86868007326678187       0.32634985244595249     
 -0.79246698760198864      -0.54735709823800049       0.26906556927542258     
 -0.41781606914316710      -0.56364562642390326       0.71255409631760602     
 -0.74651556600202285      -0.38788628813980514       0.54060959775961759     
 -0.61626172552936154      -0.57923700275184364       0.53357846685432186     
 -0.20476929485429235      -0.97711674094615375        5.7553544179472588E-002
  0.13780169738400369      -0.95720667612813859       0.25449179038586728     
  0.16870015761215712      -0.97866657578391825      -0.11726888020713799     
  0.90502322069012098      -0.37076046996267331      -0.20849375032538559     
  0.87062028520177037       0.36588577294457436       0.32885851084008205     
  0.81881963555973403       0.48920018076229022       0.30036242701772042     
  0.77953819922784795       0.62550680978643292       -3.2579546580531450E-002
  0.77889035243061222       0.60695139553151822      -0.15792346992408787     
  0.56624803761689069       0.82365004543373677        3.1044525314810063E-002
  0.46937359797929146       0.86282797019716029       0.18766011660830900     
  0.55677620652638327       0.82948432404766725       -4.4226824499169926E-002
  0.64390327356712085       0.63435838528733679      -0.42775929365147375     
  0.60365756197026854       0.77085135212115052       0.20343485642615328     
  0.37586801467302805       0.89615066029813539       0.23587545356173298     
   9.7531725464794855E-002  0.86079023539967936       0.49952750992155837     
  0.30669084220695553       0.87009031815056737       0.38585433205687436     
  0.32034454491338282       0.87505844449800385       0.36283893293990760     
  0.57839834335481499       -2.0983801490310303E-002  0.81548454091994538     
  0.48447746335066905      -0.18964482078078948       0.85400025143809533     
  0.35011805077694430      -0.92003610001482250       0.17592875032155431     
  0.76505939464554307      -0.63681634904494655       -9.5650720089890715E-002
 -0.48290884352119878      -0.87520201366115591        2.8644094199308620E-002
 -0.12303081288285692      -0.91281798889262378       0.38939278143726802     
  0.45224027194275024      -0.78583135426501705       0.42183861734939015     
  0.42959053083061233      -0.90082648349895389        6.2957306546788411E-002
  0.57236087032473604      -0.70391112863739980       0.42060926892023792     
  0.31554754203766067      -0.94769451022334295        4.8008999225159596E-002
 -0.26753109292949578      -0.95456913299518764      -0.13124360803050139     
  0.22215757969745195      -0.79741836829097812       0.56104363083026132     
   8.7149169477812705E-002 -0.17468188918981936       0.98076055173954513     
   4.8532542053419822E-002 -0.41442088093495122       0.90879036405927349     
  0.19129095899495283      -0.87396162422549140       0.44676486924108194     
 -0.48414928932922996      -0.85488485231650424       0.18647078838747105     
 -0.91685862412679653       0.18297241076807760      -0.35481172509105768     
 -0.70204368960196928       0.67340785392883784      -0.23163877084164960     
 -0.27160396832403527       0.27993212856537758      -0.92079817972646627     
 -0.43103377837170276       0.26601011218819925      -0.86223459807426184     
 -0.73651627461603775       -1.1001827605063012E-002 -0.67633034606997500     
 -0.90601385054861616      -0.27767677520873729      -0.31942841314419379     
 -0.82236609334336108       0.22760274363878313      -0.52145086020380127     
 -0.61136582277873419      -0.26635308918150336      -0.74517639698371374     
 -0.71802998846276955      -0.20913943271836494      -0.66384759798498061     
 -0.28598548154329662      -0.54625332974937857      -0.78728622754637489     
 -0.32816591329681821        7.0610296151209354E-002 -0.94197734549591916     
  0.47307846499572215        5.7308606721472082E-002 -0.87915441735396049     
  0.29991139043669285      -0.21844285969217236      -0.92862041488212121     
 -0.13975539581091112      -0.32403437117296863      -0.93566562170484646     
 -0.64337242405130468      -0.11155808006928200      -0.75738148824856499     
 -0.13374413693639961       0.53826816746443096      -0.83209367605435747     
 -0.46071241994272694       0.77649497273518087      -0.42988326721045966     
  -5.4573090657969260E-002  0.92626317170665495      -0.37290523530247011     
 -0.21544644602590826       0.89997747834688391       0.37897673723226821     
 -0.42817330496922035       0.78505793309984617       0.44760659354927212     
 -0.21542454438668793       0.95813692826635977      -0.18858921593810851     
 -0.69885342802569350       0.40532819615840060      -0.58933262215471394     
 -0.58863369503592022       0.56312294789970452      -0.58000251604380615     
 -0.81095956989754647      -0.19459085657253478      -0.55179613493572510     
 -0.22416236947260121      -0.22961596917023014      -0.94711548335695073     
 -0.35455915690784479       0.45292095852860281      -0.81801614261475142     
 -0.21787714326311039       0.75215775553518971      -0.62192303481365885     
  0.71464647876903442       0.49951736717565676      -0.48965580796408326     
  0.99137848794888084        1.3297553831553115E-003  0.13102261401325496     
  0.60456132846792421        5.5302453499226592E-002 -0.79463654506832648     
  0.64707058296950515       0.70722313383957258      -0.28484223636551032     
  0.34069594579979606       0.89280641221935952      -0.29465739905119881     
 -0.29023559002943577       0.94805647211140887      -0.13020072184118600     
  0.21632216222443093       0.97412653583416575       -6.5438630138321796E-002
  0.53320302435970346       0.68838385415216996       0.49175421112209572     
 -0.13285502661272486       0.50264181857121193       0.85422523032700060     
 -0.47121166583762730       0.63837262137939088       0.60863779232956905     
  -7.4607425751938267E-002  0.97352553610787662       0.21605962734532980     
 -0.27772579286802179       0.95869581290201333       -6.1406207341273944E-002
  -5.7195131131299211E-002  0.99767050128547097        3.7179131777182094E-002
  0.43756760856134386       0.75815767772745601      -0.48345788197200540     
  0.75189338341438039       0.64988011919552835      -0.11096022103507053     
  0.73073259972130744       0.67298552881167095       0.11454407760622998     
  0.27706012369254557       0.77477752390447052       0.56829347727381840     
  0.33925150283807592       0.74246163403857157       0.57763235695631698     
  0.22975514531658869       0.74858976493471874       0.62195332383997248     
 -0.33178183732216593       0.28878406306114107       0.89806713409692573     
  0.23867896331571359       0.42311247306409433       0.87407561893018126     
  0.52265730131324883       0.55796439347223126       0.64459683601547335     
  0.50891273276515991       0.46763265167041584       0.72272230733610854     
   6.9863113152839149E-002  0.84792800454297013       0.52548762547979988     
 -0.21957392630068620       0.97435596038341976        4.9170655417936346E-002
 -0.13255349870039373       0.88951573346229518      -0.43725430804664633     
  -5.7310454619493856E-003  0.87363574208218919      -0.48654675548647874     
 -0.20213902455493180       0.97586853131921936        8.2585860368726810E-002
 -0.47769251110313166       0.87847710966562798        9.3719064005573921E-003
 -0.79487440589327862       0.59540487480220228      -0.11690899844582080     
 -0.89368228056914734       0.28192116249201810      -0.34907368783099696     
 -0.97410763020970415       0.22247513489161558        4.0238527833914961E-002
 -0.55861976947958714       0.72952366242366162       0.39463803555993837     
