  0.96961153497069086      -0.14573648194779937      -0.19650534110126713     
  0.78528179167468259        4.8848843151250793E-002 -0.61720847222556352     
  0.76550010899425214      -0.16266342685599428      -0.62253529433543209     
  0.89375366007032564      -0.35270887374217169      -0.27712965466448042     
  0.55433138181773101      -0.58331516496861091      -0.59368353307945099     
 -0.32656650829099781      -0.45477349682629131      -0.82857430701600010     
 -0.32467865009927882      -0.43674419893831590      -0.83895070109241976     
 -0.42068459777365425      -0.14814078514394630      -0.89503004249743201     
 -0.25197886968038846       0.69883517140335472      -0.66942964712080777     
 -0.46788093414150361       0.87025443130604896      -0.15409301171401379     
  0.11168830262741256       0.78196487741738707      -0.61323458279995591     
  -2.4992734310329848E-002  0.93358105751316312      -0.35749373740576396     
 -0.65487766578864848       0.75146309049108795       -8.0240055338863553E-002
 -0.91720753645893449        2.1300322314315390E-002 -0.39783995693276325     
 -0.86324651296184096       -9.2871895108612934E-002 -0.49616556607465900     
 -0.71588977041475932      -0.68937873690853702      -0.11071943692929678     
 -0.88693224476605037      -0.45847557610156292        5.6136791078974874E-002
 -0.60161334946192824      -0.79192006275903104      -0.10451790252846577     
 -0.89252893144627621      -0.44194541077174443       -8.9868573089774639E-002
 -0.96422351797040051      -0.24519708662728662      -0.10075413689927612     
 -0.89471061000231145      -0.44306395727140463        5.6455771328889626E-002
 -0.71743105935254392        2.9032016386117632E-002  0.69602429347032535     
 -0.95776542131112685       -1.2190086941402598E-002  0.28729218492864472     
 -0.88883540338266909      -0.45268026943041134       -7.1078824990419454E-002
 -0.58687143250082163      -0.79582349864004220       0.14915388270765584     
 -0.26977158967626597      -0.95765696811381618      -0.10058041969819920     
 -0.52294479602886590      -0.28053689543899385       0.80487750037123496     
 -0.67801883431821897      -0.41540841127576777       0.60640441303732162     
 -0.38042234973825972      -0.36123211173156033       0.85134610897895346     
 -0.16813745137468891       -4.3226100140833446E-002  0.98481536427489313     
 -0.44029608594976977      -0.37785568663208186       0.81447187598908999     
 -0.58580813750836203      -0.40801236307291894       0.70025333816319268     
 -0.20522229462732486       0.51678374506363522       0.83115484154636798     
 -0.41480797983656353       0.62213764900161483       0.66398726309976053     
 -0.41443860092518919       0.37771036162172672       0.82799488451729075     
 -0.53838700999019617        6.1964018616113448E-002  0.84041649666746354     
 -0.63464941604572289       0.63338479165938533       0.44276836428032151     
 -0.86703474426999450       0.20627126514079461       0.45354483505595566     
 -0.58947130720500718       0.48247322372659612       0.64787588809041152     
 -0.65530447285208682       0.72136707985936066       0.22406602588361171     
 -0.64087450906836907       0.75215313104885462       0.15344553131266833     
 -0.79384649225675397       0.53425806783909824      -0.29047558190062550     
 -0.55229449704770395       0.74609526503219881      -0.37190407906799472     
 -0.77140826994127587       0.38246470879187955      -0.50857647172770482     
 -0.91944713929983413        5.0239479448061675E-002 -0.38999096494429730     
 -0.73040262951889390      -0.33653206910572042      -0.59435525172688553     
 -0.82001276766912301      -0.55715734077988788      -0.13097617521800878     
 -0.80179706333026879      -0.31126214514391248      -0.51013463540067350     
 -0.91579654951159395      -0.27015631904516524      -0.29720740768465626     
 -0.75089424758445567      -0.63955804944404715      -0.16469162193598624     
 -0.71432116439369475       -8.8432077424746430E-002 -0.69420821212487649     
 -0.77281902688050652      -0.53983541281790781      -0.33365922549691368     
 -0.47815346848212026      -0.44315854807572508      -0.75827419964410991     
  -2.1502501502659414E-002 -0.12997167338408044      -0.99128452350820306     
  0.45845865715486356       0.33184388288961675      -0.82443635113238245     
 -0.12086906711844478       0.33043299354811195      -0.93605806731674468     
 -0.14365913585125903        2.6524287343047181E-002 -0.98927170932330077     
  0.68765731658491958       0.20823614991533443      -0.69553225720717549     
  0.37480357806222608       0.38684259248214559      -0.84254085153982794     
  0.62345389259102502       0.27005209364964256      -0.73374185551088589     
  0.45412867601755852       0.53565488499802361      -0.71192765769867783     
  0.22560584166417666       0.96820026954288585       0.10812142370538241     
 -0.20277419134944843       0.92382511730526340       0.32469952257206403     
 -0.90088336525097656       0.40550657695458170      -0.15483403456828571     
 -0.75813626916827503       0.56037630419550200      -0.33347832773338654     
 -0.48586708359756897       0.73767827451695167      -0.46878986804547329     
  -6.4875397498259137E-004  0.99989091580243905        1.4755867106838183E-002
 -0.72209326762753767       0.66464797169775169       0.19189681228491098     
 -0.11024821783578803       0.91989239385032473      -0.37635530313841237     
  0.58681420388582417       0.72941464038480985       0.35157271297729792     
  0.22573924416083108       0.78761381490715787       0.57332911334863135     
  0.59170129309300989       0.73334517332445370       0.33480507241344598     
  0.70977151268420235       0.52254661370158151       0.47240812470896931     
  0.40489409458376630       0.88601131021582447       0.22593080874660168     
  0.72789475006176596       0.68405812770025298        4.7262149335114328E-002
  0.82091887368907046       0.56769087237631821        6.1800293217576047E-002
  0.53368353360976617       0.65146367641790759       0.53923739137962123     
  0.64155064755046032       0.74500069043252393       0.18272038168398522     
  0.52249881097377437       0.61675704884602900      -0.58873231203132526     
   8.3822220823749655E-002  0.46174038776538484      -0.88304566677069074     
  0.84811293995824466      -0.39387477906436302      -0.35435448281688903     
  0.61910178219102918        6.6905713338242093E-002 -0.78245549957210203     
 -0.34585897100673046      -0.13236757944275832      -0.92890279151621113     
 -0.98955472947105971      -0.12703108375735664       -6.8150870433978383E-002
 -0.94507444479813651       0.24141251633999250      -0.22035038176479541     
 -0.93349450061454331       0.21456363070259085      -0.28731596840784640     
 -0.66378113212886380       -5.4480351301316100E-002 -0.74594001096055673     
 -0.21152153029615264      -0.35690699506238649      -0.90987693623735066     
 -0.28310540414523366       0.14027840517443513      -0.94877463034457965     
 -0.24493789623478718       0.41359069759079453      -0.87689689351397393     
 -0.40368068510655902       0.32511506039560051      -0.85518541964643779     
  0.26500325407581576      -0.40167073653368468      -0.87660361323789715     
  0.59138483181184764      -0.54411742072636293      -0.59514721974064877     
  0.95243003627319145      -0.29766544349209417        6.5362908100254316E-002
  0.56546239635822038      -0.66028570206684600      -0.49424191440115883     
 -0.26088775135273068       -7.4782637423757639E-003 -0.96534017670744376     
 -0.57724776214168083        6.9400467506591998E-002 -0.81361452556620473     
 -0.66079490251968231       -9.2744517774153976E-002 -0.74481444080178372     
 -0.50748128973113704       -3.0163749514841784E-003 -0.86165749695281091     
 -0.28228607077030676      -0.12559923398234246      -0.95107276623409598     
 -0.66080421177890469      -0.49636488530605127      -0.56299173557913063     
   1.3822440021183442E-002 -0.90182320203572552       0.43188407289674252     
   4.8566708978779759E-002 -0.92212437323817997       0.38383318650041676     
  0.68014568400738129      -0.56370112990046206       0.46866073515399265     
  0.35695659105137978        9.6179497482847071E-002  0.92915633580628820     
  -9.4290492771808204E-002   3.1240890115224886E-002  0.99505442552540480     
 -0.68163982863519168       -3.8039853034841253E-002  0.73069837388575276     
 -0.55619443734899954      -0.62988039289591202       0.54212400657719284     
 -0.98706571239351060       -9.9307343263316916E-002 -0.12585440394002120     
 -0.69586564903824033      -0.22372147200461012       0.68243659152532621     
 -0.83746420400330068       0.54137992256841982        7.4575374306458747E-002
 -0.91941301473588055        4.4380235985912758E-002  0.39078140051459148     
 -0.92256178432322389      -0.27346571379107665      -0.27220627745720027     
 -0.72442397431526517      -0.30745186271560387      -0.61699534645729703     
 -0.21096629713389811      -0.17551097118647702      -0.96160757092837801     
 -0.11006806419472445       0.12510317404911131      -0.98601937967124331     
 -0.62005768284079099       0.30083001008213595      -0.72458938370921855     
 -0.48021994366808202       0.58878187536524917      -0.65017283005736637     
 -0.59831719929972249       0.59610961165300835      -0.53541559551161588     
 -0.71071589942415536       0.48759953322504901      -0.50707948637708233     
 -0.61027032542377557       0.33342756335112306      -0.71860711790578902     
 -0.49758708208260216       0.59622644963846105      -0.63001675890093178     
   2.7703409642131499E-002  0.39760992412000040      -0.91713623270235511     
   1.3822535463590357E-002  0.77997138803225807      -0.62566250596017581     
  0.16471573286567109       0.88540332278056200      -0.43466042303807478     
  0.68707982203216988       0.66498508682551338      -0.29277320993542100     
  0.86937511377026722       0.42429146062566497       0.25330548355116334     
  0.97573124437040237      -0.10857828109502961       0.19015597711842058     
  0.88835189419774174      -0.45163015968345166        8.2831823229826046E-002
  0.83609019700502019      -0.49399237505432819       0.23858901035104207     
  0.38588460111568851      -0.10995990890342164       0.91597046516567082     
  0.84333631818395061       0.32685889622751357       0.42655259510276433     
  0.97338803033200350      -0.12652899283950514       0.19106584304230931     
  0.72383776428472846      -0.67835112535985953       0.12608981607710162     
  0.45621317559277574      -0.86645516875809436      -0.20279294600162540     
 -0.25650548991727712      -0.81068173532038168      -0.52630794945575421     
  0.14223596097599708      -0.65947036389904279      -0.73815159049082923     
  0.48519881829193723      -0.58333755943526377      -0.65138268205431271     
  0.60972901351930486      -0.52890586259112371      -0.59032966941325782     
  0.35119268389834374      -0.73476467096847320      -0.58033143726056957     
  -3.3224113406668282E-002 -0.97504551976104226      -0.21950488077102523     
  0.28750116934994657      -0.95777045267823591       -4.3402302875244292E-003
  0.23552505690123834      -0.52018339952669723       0.82093676883702960     
  0.14487859561709196      -0.69047676686508630       0.70869741565182331     
  0.31955634217600393        6.9952822920299803E-003  0.94754145566343773     
  0.23695905484130222       0.48691290792193953       0.84069389579547771     
  0.14209772855218872       0.87678255477169464       0.45941330758733900     
  0.54062348053766596       0.80905025026035104      -0.23057307918550782     
   1.1136382105028186E-002  0.73637481655838388      -0.67648215832515146     
 -0.12863734861272602       0.99139602660344739       -2.4214685148378712E-002
  0.57106929902793302       0.19100691647917928       0.79837097490132680     
  0.53097876696894430       0.13415470297744064       0.83669831163760788     
  0.17545398809633350       0.14560499876680352       0.97366066080294722     
  0.18824090511530911      -0.12541501824118848       0.97408235526622078     
 -0.39632967677753084       -4.5590761843739558E-002  0.91697561022087448     
   7.2758116511595416E-002  0.26236981049547642       0.96222052515122480     
 -0.30504709124930779      -0.31328256944756094       0.89933325513999562     
 -0.73481302087461708      -0.34558453319433369       0.58362758225601297     
 -0.19958289678913807      -0.10358728155572317       0.97439024133515428     
  0.11563474911253500       0.68421976367750270       0.72004994256707489     
  -7.1635819488031507E-002  0.94960044428802581       0.30516766797014311     
 -0.81817080228458838       0.57473164185726666       -1.6735535159860010E-002
 -0.72386413985043918       0.67337132972420488       0.15030555327098966     
 -0.52775212958502349       0.82027968647628746       0.22049699697027547     
 -0.91674630085820785      -0.26375340162774252       0.30001727115721466     
 -0.76596365592627713      -0.63547439060220290        9.7324080724190076E-002
 -0.64770206015804510      -0.75292970053732478      -0.11652856866827919     
 -0.21255876780362351      -0.96256430352586475      -0.16819254385261900     
 -0.35658348096810927      -0.86670484072542997       0.34881361808828465     
  0.27780941351341093      -0.55854695431299362       0.78156716255935754     
  0.37579555539412485       0.12107644761676958       0.91875905131792013     
  0.19579426196372537       0.33156559453716705       0.92289157732712612     
  0.21907025876777056       0.64650869381400267       0.73077679940346230     
   2.5043220598264186E-002  0.54365231221115340       0.83893682749634890     
  -5.5506179582033854E-002   1.9367665944405713E-002  0.99827048315781353     
  -8.4832833033679014E-002 -0.15667844591699093       0.98399962145551068     
 -0.15662577994400159      -0.80020310684713736       0.57891566989435250     
 -0.22209412447156296      -0.94111743903173462       0.25489638252757219     
 -0.59295088877619073      -0.67183666438083056       0.44389721771287349     
   2.2068622436471723E-003 -0.96962086077603460       0.24460277207549180     
  0.16696282998938883      -0.97536468918878139       0.14417744790937975     
 -0.42573147045552545      -0.77662638418238850       0.46433196579134423     
 -0.18810364650408007      -0.94131551527674673       0.28025366879165670     
 -0.62691737759126143      -0.77493160999069233       -8.0346757939418451E-002
 -0.70968663377926511      -0.70123287374508780        6.7951001569397304E-002
 -0.61330067043048830      -0.77173283646354385       0.16819844462264935     
 -0.39377386893817778      -0.66596950487857420       0.63358247980296678     
 -0.74798654112237406      -0.36723548228051678       0.55286004997107840     
 -0.88033813056295951      -0.32316546740456253       0.34723026445594368     
 -0.98360752471556590      -0.17931144624086617        1.9069414515423246E-002
 -0.99886774322747407       -4.7552255459730325E-002  -1.4193450462204604E-003
 -0.69706567472457248      -0.43018188341231700       0.57362269158797086     
 -0.75793246783636581      -0.11050060153450167       0.64290589611546944     
 -0.15363197611948615       0.26817559666918972       0.95104104289182034     
  -6.9192001354469304E-002  0.13863894824506889       0.98792292663854298     
 -0.33968387674731459       -6.1306745270707591E-002  0.93853947538839932     
 -0.36185216973802364      -0.53653897719225152       0.76235748386792068     
 -0.22398167962576893      -0.91482526089835414       0.33604605222253059     
  0.27982204161031382      -0.41017063501732570       0.86802054998634093     
  0.52469587558783526      -0.47822043742508757       0.70427228496522709     
