  0.13884742312475326      -0.52540628045969295      -0.83944602777379007     
  -5.6873931589366544E-003 -0.49834908234292802      -0.86695781078841860     
  0.21141271286235705        8.7245825636663832E-002 -0.97349516216014398     
  0.46633937251065821      -0.20789402423187700      -0.85983002060585578     
  -8.4622901021802144E-002 -0.46933073034707656      -0.87895826418240552     
 -0.97572151744802593      -0.11898560471921318      -0.18387481137600251     
 -0.89662749061890812      -0.29930415010239314      -0.32630686293418565     
 -0.75220265358175042      -0.30821538308280061      -0.58240402263008006     
 -0.69131550432402911       0.47878398235468517      -0.54115503482999860     
 -0.69235943561592295       0.72009203816218492       -4.5889742743555201E-002
 -0.76779162455086802       0.36251652869451245      -0.52827813478587293     
 -0.86131920412625018       0.44189659977098972      -0.25071223287707067     
 -0.65038680405934457       0.61641244406668405       0.44388366032689142     
 -0.96066048040181495        6.3529914858929198E-002  0.27036159363377904     
 -0.71039702320475473      -0.58244742857532483       0.39508361440060658     
 -0.31402147034103128      -0.74684725247282557       0.58618230751080636     
  0.12295668567534107      -0.38518952133883516       0.91460958124138680     
  0.25795327475067342      -0.35497292328318958       0.89858462694462415     
  0.19665734681717226       0.29140034804210913       0.93616864138027922     
 -0.18201149911156334       0.36578811788948579       0.91272715912372726     
 -0.33967817055193356       -3.3208942027103283E-002  0.93995526841439481     
   3.6579467889383349E-002  0.27627442784348694       0.96038241500389110     
 -0.11112614824115022       0.34520956962138227       0.93192345834778800     
 -0.58886530151326999       0.13057154510260990       0.79761439824218627     
 -0.51707625585684125       0.49200897775054597       0.70039939423299435     
 -0.68557866849270122       0.31849695254527788       0.65463087349071536     
 -0.74096717845227489       0.67154108560517289        4.5913044852358142E-004
 -0.84824518864034482       0.43127303232281106      -0.30738196358866959     
 -0.28282622397255713       0.95693867528140608        6.5404119014944861E-002
   6.5130441960752489E-003  0.83499214595495352      -0.55022331507206601     
 -0.49545494762332387       0.68522528209560973      -0.53384520944993241     
 -0.81741838234424713       0.56925214167866045       -8.8199701813735529E-002
 -0.17871585159991332       0.43467377261288503      -0.88267737922157630     
 -0.50293224827179472       0.15603686553919449      -0.85012449102530563     
 -0.37959309263714291       0.38245023529160166      -0.84240186463920341     
 -0.24580827532559185       0.53393168380376022      -0.80900880638716721     
 -0.34283637996128924       -2.9434206089108270E-002 -0.93893388696275593     
 -0.80272043143046368      -0.14010578597248852      -0.57966393513929193     
 -0.77736687587714848      -0.30067835807153204      -0.55253349697231302     
 -0.10715606103101623      -0.48794984792728913      -0.86626931406583896     
   4.7850450486198737E-002 -0.51077880548227639      -0.85837948848886636     
   5.3579626406457262E-002 -0.83368409695072754      -0.54963628894534844     
  0.10037067297631021      -0.77224809562771213      -0.62734249561599575     
  0.22951493557644401      -0.84174724723204253      -0.48865577467647925     
  0.12717827687830910      -0.85165324141560861      -0.50844118861142196     
  0.15531465311238918      -0.72483282693618034      -0.67118904306037774     
  0.53271269718631897      -0.49869929392420737      -0.68375156050717867     
  0.54273892764903153      -0.58112806323115340      -0.60640302649277333     
  0.39515357735846429        1.8980082897136007E-002 -0.91841897125115668     
  0.40547757058095713      -0.28233402794202833      -0.86941097095780651     
  0.74844771499092633      -0.25736300781496935      -0.61122033681261656     
  0.46355961557166253      -0.55221312566936687      -0.69294526959171543     
  0.66152976447228273      -0.70975499411405607      -0.24212851762521556     
  0.65875765029511246      -0.74514446175798521      -0.10391385513529315     
  0.84556722111457971      -0.48738494272037114       0.21788068337050731     
  0.92370406971322183      -0.31906274723725997       0.21206073403780812     
  0.83304312317150830      -0.46575213237018115       0.29851985885250382     
  0.32134349182830874      -0.40814163288575522       0.85449328128720792     
  0.32230334818470563      -0.62157814907020725       0.71397559926610488     
  0.10657389374132838      -0.66158336818214847       0.74225969317859897     
  0.53938209619813726       -2.0545787025081197E-002  0.84181044477747691     
   9.8296270846146248E-003  0.30411862291226971       0.95258345651670584     
  0.21575707487436779       0.64628377001515092       0.73196049979263944     
  0.81503413143639414      -0.25078380850646503       0.52232829330293351     
  0.81951616039694863      -0.14283047468155172       0.55497091667090204     
  0.58716238717733382      -0.20113907462079522       0.78408124817834113     
   7.4798169090503103E-002  0.40488258213041983       0.91130419102961657     
  0.78543369975858213       0.60962851612951485       0.10699053979361915     
  0.88567575858665382      -0.12565355429312197       0.44697833834036299     
  0.27043833941456807       0.16564204513434874       0.94838062899790887     
  0.43025056157931674       -6.1560612271557347E-002  0.90060798646107232     
  0.34456413881723880      -0.53609267373344305       0.77063623027369133     
  0.48491717969785175      -0.27927193702752212       0.82877168992601857     
  0.80063462142656738       0.17620088670320858       0.57265823184356845     
  0.80872568297053948      -0.34285391260241854       0.47792673530267876     
  0.42832836105579147      -0.47078603624034371       0.77129457614873698     
  0.59071252531282703      -0.36800476369122559       0.71807465234413248     
  0.29152393115883390      -0.32643946545801633       0.89913907319906672     
 -0.71450540433217891      -0.40336272211900187       0.57164721777061056     
 -0.98400758389784226       -7.0871184727094805E-002  0.16342077593425747     
 -0.75577212795795423       0.63955283171570287       0.14064375580299532     
 -0.99546272681718606        7.5761246520288622E-002  -5.7569028508552243E-002
   1.9954859194556323E-004 -0.59436491906035638      -0.80419543841700181     
  0.94167685570769932      -0.12813529487866213      -0.31116883782094334     
  0.80605250131977479      -0.59148446818336120       -2.0627385049560944E-002
  0.72036673997988343      -0.61078608764602871      -0.32865196647642447     
  0.67785486001367501      -0.54253188744007264      -0.49615717254371788     
  0.50440377820220184       0.15217562235812543      -0.84995259191040662     
  0.64650218380099955        3.4556500604899440E-002 -0.76212910625857522     
  0.69094179846043635       -5.5856961075043322E-002 -0.72074921508090384     
  0.81783681569965405      -0.14944782752813379      -0.55570521837873743     
  0.14934254300002392       -3.2892613713473969E-002 -0.98823827127540609     
 -0.45123196104213592       -5.0214829269866791E-003 -0.89239257171008757     
 -0.67930226263154869       -9.1048630622205737E-002 -0.72818856269890575     
 -0.56223627199715298      -0.30157403645125275      -0.77002822999501352     
  0.66118541171595857      -0.32079659700735302      -0.67817652177183407     
  0.65620911022495509       0.10676650032167252      -0.74698762912572259     
  0.79311538844283525        1.1362244144211700E-002 -0.60896541775638358     
  0.76889217783676655      -0.35705055810919900      -0.53039581240367517     
  0.14066685368497484      -0.92369636406401734      -0.35636759573416227     
 -0.28310524859183800      -0.93471230895992974      -0.21485883202367573     
 -0.75867091367544581      -0.60145153872259549      -0.25034873938381674     
 -0.52331353443595396      -0.64728179546820563      -0.55422849252956852     
 -0.79109286828068148      -0.56552914552465006       0.23312841808241333     
 -0.78012948008907268      -0.47781135094453120       0.40384936202073340     
 -0.57599116576279019      -0.80797935439516422      -0.12411099803977374     
  -6.8736500483733171E-002 -0.64857037615551871      -0.75804469569725574     
   3.6103283325279026E-002 -0.47726695598255481      -0.87801640398130631     
 -0.35974798562201638      -0.21582127560232939      -0.90774586963439641     
 -0.47934640374328047      -0.65681026809321985      -0.58208873631579527     
  -6.4794825374718867E-002 -0.49537932218128028      -0.86625686592366480     
 -0.50462828628581913      -0.67062985901104621      -0.54369650070888720     
  0.38945256063662059      -0.65532986039990193      -0.64720126474060624     
  0.41394449749323320      -0.87326686771136253      -0.25701153817024192     
  0.30562646185595926      -0.44712485703745758      -0.84063775077771441     
 -0.26859973934680403      -0.52820772192844478      -0.80551274509965620     
  -2.0605395005503332E-002 -0.35714178783709849      -0.93382287457375757     
 -0.65372153505173403      -0.39604934317580981      -0.64482018608260794     
 -0.42853539033447308      -0.74232010600848974      -0.51509055460806663     
 -0.87223887723286198      -0.20039347612323799      -0.44614100435939830     
 -0.23427062668664028      -0.79780309413377903      -0.55554252444109498     
 -0.75602245884612418      -0.58509285001712596      -0.29342187815344073     
 -0.70684222447250245      -0.59706524021468355      -0.37932462170300019     
 -0.24636141207088907      -0.88074291005185723      -0.40447247253156426     
 -0.58025046393852331      -0.68656085424261459      -0.43811367534094475     
 -0.44749797882349263      -0.69841679959540193      -0.55853337679299808     
 -0.75677830327064577      -0.23346592481352266      -0.61055733690602876     
 -0.30146579128396039      -0.34951693352342805      -0.88710556861398304     
  0.12891459530213353      -0.41095802729477182      -0.90249350519550364     
  0.55977960274045158       0.41830695853580191      -0.71530838440232569     
   2.1025832734464879E-002  0.83576933732643122      -0.54867798310378635     
  -2.7143520042177668E-002  0.79874839924163066      -0.60105259672401801     
 -0.61829189568815568       0.77212669549232771       0.14674977967448144     
 -0.25021484171503849       0.79336276427783825      -0.55494869784783651     
 -0.28806484187130460       0.45551857909509630      -0.84233097472248442     
 -0.11967174800639119       0.66482982277017189      -0.73734658030302724     
 -0.25177358853583554       0.74330775843313812      -0.61976095098750017     
 -0.82445531852715559       0.56588860230292948        6.5967822437887069E-003
 -0.81812466951079454       0.38871362046706215      -0.42376142627814928     
 -0.61747036898022445       0.44093627580235945      -0.65138739941222401     
  0.24291130291929214       0.24036714710145646      -0.93979664476332458     
  0.51164385081516772       0.58645778005592819      -0.62792343652303928     
  0.81921078298089167       0.56662644621824454        8.8476909383092300E-002
  0.66822498202633840       0.69553193826554005       0.26402783233685101     
  0.35132684578251727       0.50334682916897755       0.78943740537048723     
  -5.1142145188527631E-002  0.46088681569540313       0.88598409923865362     
 -0.22198561207852166       -1.3917224945685057E-003  0.97504894807318798     
 -0.52955046292409780       0.10673401561037339       0.84153678299206713     
 -0.95122650108693296      -0.17411220006768624       0.25466268948853965     
 -0.85982479764771891      -0.51058916417543021       -1.5091966770501564E-004
 -0.86066696535728204       0.10114130462057280       0.49902185447369940     
 -0.36766731680770925       0.24239788226392009       0.89781067649334434     
  0.26119435470520291      -0.30384782996433674       0.91621722604201472     
 -0.19534198733163710      -0.72737695321761209       0.65784821647036962     
 -0.67789364500160543      -0.73215052745573317        6.6451570431011853E-002
 -0.69288070791423806      -0.71814241080710617        6.4713232035376128E-002
 -0.79561315142924327      -0.41165684404865255       0.44445287266566258     
 -0.23277940427913241      -0.23843460268380329       0.94284817928789422     
 -0.62383507096278368       0.67310401722886892       0.39719112052920513     
 -0.93425830435791124        3.0697733578124137E-002 -0.35527323272589778     
 -0.79087733979000108      -0.56729611483802200      -0.22953899776823614     
 -0.74933867299598445      -0.41998690066998468       0.51195952615248574     
 -0.72164946332946955      -0.12596163630791041       0.68070237127174626     
 -0.54518221796360111       0.33480669885723646       0.76855762543655848     
   4.4778453715112271E-002  0.78684675222688194       0.61552179375950578     
   5.5222229692712121E-002  0.46487629111066908       0.88365182018198873     
  0.28489970209401105       0.64001806701271757       0.71358884075083595     
  0.69157211521537187       0.22319691945755091       0.68695789143238606     
  0.78073046678634617       0.17961975967242019       0.59849534682138705     
  0.92948477118753048       0.19320103872605662      -0.31421556098592762     
  0.38034699929393806       0.63456933102262525      -0.67279857628689110     
  0.59564051221484637       0.63767634617877822      -0.48844780451197234     
  0.48708037722598851       0.67157120800616843      -0.55834113111837780     
  0.47278569108283919       0.68002691543608274      -0.56039011821222262     
  0.63941614533729862       0.46900608134874644      -0.60924567190907164     
  0.76119068662371603       0.55612966078740511      -0.33362934371823827     
  0.55396425397831339       0.53007590959177242      -0.64198375009403696     
  0.12766502776801139       0.80196974099763574      -0.58356334292795586     
  0.12295911357652531       0.30934589297422865      -0.94296668811178552     
  0.34749160055686135       0.63187064563193851      -0.69281243834903494     
  0.54242158761161474       0.64521016947391030      -0.53803592677477985     
  0.15773724595995542       0.87829733309911973      -0.45134549505674992     
  0.54915660841363023       0.76987976666220925      -0.32513407129954608     
  0.45601149580896028       0.76384442233277228      -0.45672225056507310     
  0.69268997700911661       0.51856067288405472      -0.50127380171834590     
  0.45140332106257464      -0.35559917028060667      -0.81840348962443232     
  0.13863587270133979      -0.74128861769665044      -0.65671247899956287     
  0.19653076161255933      -0.66549382396847356      -0.72006501789757760     
  0.59921978387454644      -0.58443121163270950      -0.54715245542983892     
  0.22715647624474050      -0.78904918706030003      -0.57079008023929556     
 -0.10044131388254832      -0.95003825359244753      -0.29553148593097378     
  0.43200203959499839      -0.21886340231086429      -0.87491316649979145     
  0.32072201963475139      -0.36410460471822115      -0.87439420340280782     
  0.51198592859497993      -0.62093706365052470      -0.59355502854058029     
  0.69397930442646649      -0.58024237094950060      -0.42627633758239003     
  0.59092711004018073      -0.54870624373984211      -0.59137687535156136     
  0.27046134291501212      -0.81813766639891250      -0.50744597821639781     
 -0.38665000317232190      -0.60688577966380319      -0.69440004715492665     
   5.1012103155036695E-002  0.18743282900160629      -0.98095193559328808     
   8.7502774902369365E-002  0.61865985732016093      -0.78077093012294374     
