  0.47585514928795902      -0.24436787117588257       0.84489420665144166     
  0.59403619985418676      -0.61964017822809292       0.51299809238269489     
  0.81831296939958909      -0.31805942597271553       0.47875054638338094     
  0.32058612278370124      -0.29287025595513588       0.90080605629364796     
  0.10653929756794253      -0.71159296706142328       0.69446729750396807     
 -0.26595213187654115      -0.87536495307036299      -0.40373959737246767     
 -0.59372789239309609      -0.78287416847208713      -0.18599791970240034     
 -0.11796755403691794      -0.91818416303277750      -0.37818183318391924     
  0.11918315309340011      -0.98879048263664993       -8.9937519789857256E-002
  0.43928666305145359      -0.89830695168932562        8.4763324492060921E-003
 -0.33588892293885636      -0.78699234644205196      -0.51751490615114915     
 -0.11264477697962785      -0.83937760376732484      -0.53174842972319303     
  0.73887594673664214      -0.66745936509859705        9.2522058322321285E-002
  0.66237240077220838      -0.74857915334149572        2.9867271013880856E-002
  0.98688677443851969       -9.8384645792020844E-002 -0.12796466664961426     
  0.99122396208382024        5.6180060899051563E-003  0.13207382404728524     
  0.97347121039802231        7.1083865993307960E-002  0.21748766981535114     
  0.98155272853490227       0.18834365137215703       -3.2877197166302448E-002
  0.63579206490361695       0.53962636665790209       0.55188027199132450     
  0.77293951271144201      -0.22171535769307688       0.59448028550362286     
  0.52408467166841943      -0.48028484963717288       0.70332191785216713     
  0.68439485857394089      -0.51278350288055452       0.51832109423708272     
  0.25475438334086642      -0.71961363051576732       0.64595388917826579     
 -0.42522372505895983      -0.57926599174383941       0.69543920974881113     
 -0.18177598793781555      -0.39483670477845911       0.90058951069226534     
  -8.3291415963344037E-002 -0.67467844733445970       0.73339725437804426     
  -7.9614325598045179E-003 -0.37158226689931012       0.92836589474066333     
 -0.41093381168282006       -8.3717802430835903E-002  0.90781315917539707     
  0.31158720489848324      -0.50019583578052595       0.80790936348788833     
  0.65141545054474581      -0.25802573036803234       0.71349886703461507     
  0.21077982656623045      -0.23236368791146614       0.94951512955453854     
 -0.28401520942764158      -0.54808785036005614       0.78672426497567804     
 -0.23514080473577254       0.44356881902084883       0.86484420836398834     
 -0.84621815470138184       0.42146599776890709       0.32600804802719924     
 -0.62985294029053940       0.39814985997032343       0.66690476277577682     
 -0.56988198334205908       0.51592686878031724       0.63957328832019789     
 -0.77554744266606224       0.54920443646092199       0.31128869421458510     
 -0.95064044044027429       0.18949288544938486       0.24571365318930904     
 -0.98008673586211159       -6.7605615809625597E-002 -0.18670691175795806     
 -0.76112803599412504       0.62465126131596538      -0.17462793178682479     
 -0.51934953773735271       0.74435025086049378      -0.41978418466630552     
  -2.1432787473071452E-003  0.94904746262187334      -0.31512587968494749     
 -0.14057766332996133       0.98306112188858275       0.11759571082271240     
 -0.33737649334009434       0.91737427289360629       0.21119077909445000     
 -0.39690943871715950       0.91256276498527134       -9.8448450570390339E-002
 -0.77495597243855063       0.56976571789177666       0.27351465682320203     
 -0.95812772987520411       0.26816390372215931       0.10039608550490417     
 -0.97503206066188242        8.6183104541636024E-002 -0.20465813732421076     
 -0.97306418546445039      -0.22566541828675640       -4.7129714150171975E-002
 -0.87155233149774369        6.0522547251391140E-002  0.48655272554478096     
 -0.56436378811761112       0.38884301303404334       0.72821331069692907     
 -0.82545990802254232       0.45213033554886295       0.33792617525712115     
 -0.65991202369730639       0.74827728017900719       -6.7802897781862298E-002
 -0.68723935082367327       0.63048337687510481      -0.36082237481015345     
 -0.21051080505732406       0.92369086549203072      -0.32012557842301620     
  0.59336023898883195       0.80476869102267079        1.6461492544314144E-002
   9.0394647983111417E-003  0.90803778602923368      -0.41879072007306273     
  0.19668427511332190       0.76066810554800768      -0.61862697090022789     
 -0.11464835214910159       0.72008244141657340      -0.68435154190887493     
 -0.58380969900392021       0.20458729881264326      -0.78569095229200037     
 -0.21083994617993213       0.42036366976090900      -0.88251963277879419     
  0.25628964254831971       0.16913233265590455      -0.95168790744277942     
  0.46052602113902358        4.3900335664396030E-002 -0.88655994968329210     
   6.1744364966828003E-002  0.75454263637983465      -0.65333991404157343     
  -6.4986014494131647E-002  0.47664228974758011      -0.87669204715476112     
  0.10394945151816905       0.41398198995617352      -0.90433037299484742     
  0.18808513407505598      -0.34468611936686194      -0.91968226114012508     
  0.90273291911125175      -0.39725944109728517      -0.16510061541983512     
  0.48155605650876465       0.23818757868919768      -0.84342779287734926     
 -0.15014303578139301      -0.21282848088639175      -0.96548490745842708     
  0.36738029365824193      -0.35964116130539170      -0.85772370547078158     
  -1.1668857345973754E-003  0.31295245875713051      -0.94976807534025509     
  0.20888694960680290        8.2983811371587834E-002 -0.97441260733544544     
  0.49550355113660283      -0.42707386809726089      -0.75636244089690263     
  0.91112512196799222       -7.9830539240657541E-002 -0.40432424750859086     
  0.81528859185630032      -0.35457131041138901      -0.45780312124560213     
  0.53300999012543437      -0.66789325677900835      -0.51944099566326896     
  0.17142341122329555      -0.85534058403428082      -0.48888290969162812     
  -7.0534709171361690E-002 -0.16041015452039328      -0.98452701188381686     
 -0.64425734341969620       0.27538196137218462      -0.71351051204635274     
 -0.82959940336086757       0.43299650509046400       0.35253206453140945     
 -0.85747540577580428       0.28583714805455024      -0.42782362403412555     
  0.20746895172405014      -0.21607065933968045      -0.95408076400429331     
  0.91087325873666158       0.10982650557423233      -0.39780402862693887     
  0.99997890890012797       -4.8887579154411765E-003  -4.2757222728811526E-003
  0.92103067989563125      -0.35181720992513005      -0.16711414509698463     
  0.94155265002272104      -0.20015721463490876      -0.27095331085780572     
  0.78814746882608744       0.61510839389766636        2.1569217408594146E-002
  0.78060206932072540       0.58446600017246875       0.22149470425860751     
  0.82322245942524130       0.45105609959193266       0.34475089168671852     
  0.84367393465616303       0.11928260663954790       0.52343667404476713     
  0.53562902969786186       0.61358002095452835      -0.58019057251077910     
  0.68569356142813398       0.20893396170544898      -0.69725959259240411     
   1.8890210468884873E-003 -0.24843518936897691      -0.96864667876511890     
   7.6470133336562929E-003  0.37780079924105225      -0.92585532308234109     
  0.85180171038624564       0.21840431627696566      -0.47616530828557668     
  0.49987373784962169       0.86461717937375082       -5.0629826585272875E-002
  0.72770600259582785       0.68558907653858692       -2.0287728236346239E-002
  0.62702921233194442       0.16011706795452232      -0.76236270333223577     
  0.61131594152828839       0.44595066519918158      -0.65377429120595443     
  0.40618387652909899       0.55365351494174286      -0.72696797992791229     
   3.1723952420148215E-002  -3.1049297780891119E-002 -0.99901428015325966     
  0.11610716233703915       0.43199868446816786      -0.89436919863767805     
 -0.25354069868990986       0.47034281974175790      -0.84527791052718571     
  0.10195945701353827       0.15873771150764313      -0.98204206023512686     
 -0.22180480658626864       0.28480231179609544      -0.93257185834168199     
   9.5411076772203979E-003   4.6153795846149301E-002 -0.99888877979146729     
  0.31424856557602426       -7.6380819656938284E-003 -0.94931001192301567     
  -8.8985595771420470E-002 -0.70088082657289119      -0.70770589278861151     
  0.28574292023250702      -0.56160557153484403      -0.77649865779539018     
 -0.18254659621229005      -0.64354850988391310      -0.74331827344517409     
  -3.1247449093367546E-002 -0.75359485479062061      -0.65659606437922446     
  -3.2960214013503887E-002 -0.26223585123440996      -0.96444076159169201     
  -1.0406894226722906E-002   7.0575599336895611E-002 -0.99745214488253298     
  0.12735556042479684       -1.2491238735203469E-002 -0.99177846830011307     
  0.35068937246744936       -8.8654701814596948E-003 -0.93644987451375972     
 -0.12880581545095857      -0.23315443576243755      -0.96387139753720419     
  0.17674498603806135      -0.31093128523982472      -0.93385381391816769     
   7.1958798683428221E-002 -0.51260844324264376      -0.85560184385519422     
  0.20445181109564328      -0.85865771512278888      -0.47000679271669243     
   6.0232590369888650E-002 -0.39016391009767543      -0.91877318110325268     
  0.28180759950212680      -0.44846439228978519      -0.84821233527401219     
  0.63000201823453716      -0.38496224514283867      -0.67446388104550803     
  0.45259520532084707      -0.35040068831321403      -0.81998593753196425     
  0.24505382200968157      -0.16173332008405775      -0.95592413793825837     
  -6.8728161878058802E-002  0.22915409966233907      -0.97096078106831152     
  0.67640438844477713       -7.1776466362465707E-002 -0.73302472139019803     
  0.54005375481426454      -0.16575301278065857      -0.82514718727337877     
  0.28224797392819084      -0.21714046617305027      -0.93444427290425980     
  -1.3403006594161437E-002 -0.80946532934361726      -0.58701468465862472     
  0.61743377678701805      -0.62011121869938790       0.48398099934372962     
  0.77622323903757884      -0.54195629904962250      -0.32211931500373547     
  0.94390593282255342      -0.13103949579454055       0.30310104012417949     
  0.76578309063842265      -0.63394418876237502      -0.10812503700228840     
  0.37008460432070145      -0.66887535714443158      -0.64470391828325657     
  0.78141735168021520      -0.58590762240554128      -0.21470719713194772     
  0.80769124235163203      -0.44749999043994787      -0.38389922581943547     
  0.90047092559226038       0.43471660726691469       -1.3175110223877406E-002
  0.85620829334146531       0.17443571764473073      -0.48629161911666885     
  0.91948091985089553      -0.14287850207473202      -0.36625206030148594     
  0.65630092137246454      -0.75112774045989505       -7.1247583238424714E-002
  0.47027585048215209      -0.62600210423969749       0.62206268971926737     
   5.9678069261746763E-002 -0.53570812396067113       0.84229171548329906     
  0.37205603466290338      -0.54972594704868250       0.74791422650753558     
  0.19107914491864023      -0.17071024734092449       0.96661614502863036     
 -0.12671734405511426       -9.8310776546242901E-002  0.98705506732428927     
  0.42994798024546549      -0.29776536898017464       0.85233826578357863     
  0.89637523282449327      -0.33719392967903272       0.28777021348035831     
  0.61821332715023414      -0.60781378455407375      -0.49837203517044448     
   4.3620576311937026E-002 -0.40068928698239953      -0.91517503277778012     
  0.47896377089441544        3.2049015122741303E-002 -0.87724943248787990     
  0.45798596967841654       0.11826632818383084      -0.88105727804478706     
  -2.3776114745895360E-002  0.39080298755319032      -0.92016722463208922     
 -0.71104172637876384      -0.15997130615225827      -0.68471077438310091     
 -0.91513622983804421      -0.37168466547555740      -0.15612876188631422     
 -0.94690631332578001      -0.30460144844135367      -0.10289019093798479     
 -0.93953946488758400       0.12287580065501758      -0.31963593592111783     
 -0.57920758275644679       -5.3668217651696437E-003 -0.81516242142385664     
 -0.87231119532087342      -0.16550489127513016      -0.46008837138304970     
 -0.65223096179952411       0.74151333049773083      -0.15733007711274050     
 -0.83206412615509784       0.55436615607771234        1.8640143815077281E-002
 -0.43178030035506398       0.88252207205957400      -0.18633455007864194     
 -0.73024430204889768       0.55834405645454910       0.39369426455951972     
 -0.30533358688561557       0.89928465810797720       0.31314294565143747     
  0.14083792159110636       0.99001139254154691        6.4901833470237535E-003
  0.29857036458703712       0.78782893791080288      -0.53868478907492257     
  0.42004349175677924       0.56265242024846562      -0.71202929646286228     
  0.13097078262439918       0.56737996188651907      -0.81297394358518238     
  -8.2266511178740453E-002  0.64544311455716707      -0.75936513418070695     
  0.40668339138760257       0.67191228912656598      -0.61898505223490430     
  0.72806687244557222      -0.36165339880017983      -0.58234478479993224     
  0.35922467996654212       0.26192912072994884      -0.89574034464046681     
  0.23177005208962709       0.42943969982474056      -0.87284831853469369     
   6.5332006737702786E-002  0.79309164769732632      -0.60558844708966508     
   9.9746904942326353E-002  0.96661656452726641      -0.23601477101231105     
  -9.4019640779235455E-002  0.91516041872734910       0.39197157440635283     
   3.1698161644564821E-002  0.75544729326323679       0.65444221566896710     
  0.13110969487232799       0.62399974951231441       0.77034703901497115     
   5.4696459342962467E-002  0.68763548831345933       0.72399290918303749     
   6.9021467799802672E-002  -4.9308710675460096E-002  0.99639584906517675     
 -0.11531131151607527       -3.2717363519218667E-002  0.99279044896737834     
 -0.64527243473556672      -0.38460275366849939       0.66007893985577815     
 -0.43537263681219862      -0.46553891349651499       0.77053500059096547     
 -0.49672680720884432      -0.67804459406471607       0.54177302208560274     
 -0.51172518021072444      -0.75895721853186671       0.40264286952173378     
  0.22843716647168638      -0.93940598463410785       0.25560292840271459     
  0.59474106895611878      -0.67155778758956075      -0.44191990091506000     
  0.49820499391112616      -0.86639700485156534       -3.3882355677990333E-002
 -0.19267716749304356      -0.86654477545528918      -0.46040814638540439     
  0.23080456256169296      -0.91382297736639628      -0.33415089396551395     
  0.68455979667562006      -0.67195323811382812       0.28258933200634118     
  0.29798467960580488      -0.85511101951077118       0.42425260757183075     
  0.16185460809650781      -0.98524052000369500       -5.5715380110133210E-002
  0.66116441347028221      -0.47339313882291273       0.58203140334169190     
  0.69065964514926870      -0.23037059089887468       0.68550612354025620     
  0.83916307842345028      -0.32059197527941885       0.43934737190226392     
  0.97016915425272421       -7.5657314010529253E-003  0.24231089914606474     
  0.63183166090919762      -0.49890289160657553       0.59319866572623803     
  0.95202015791470640       0.30236067646065345        4.7282557612554343E-002
  0.85413599255623796       0.38139409408311364      -0.35353960346552538     
