 -0.54747328489239344       0.78755748221669042       0.28288904986532520     
 -0.66617844508258428       0.10822813895711361       0.73789765499374038     
 -0.61309755903136498       0.22555680846278645       0.75712317971775023     
 -0.64881321635338085       0.60325100905679774       0.46382068772011603     
 -0.60350733442423876       0.77272889855362847      -0.19664421333021645     
  -5.0206436979024521E-002  0.44452482547865596      -0.89435842547553657     
 -0.21487479262828765       0.35427553431313485      -0.91011959064736303     
   2.6000375465705272E-002  -6.3264937753995859E-002 -0.99765802163197714     
  0.12233344626354670       0.56993014049674817      -0.81253563791300620     
  0.20447265847548984       0.77316676648097582      -0.60033664151487398     
  0.58990330831000748       0.60593316259219532       0.53372192133727681     
  0.75367772768558972       0.64010171292887463       0.14912974182320354     
  0.16699319600704110       0.53295374682349517      -0.82950200496089310     
 -0.12237639745318640       0.48554037555938256      -0.86560647008213754     
 -0.36022015392134804       0.21094788256872823      -0.90870370943926715     
 -0.87845053956312147       -6.7403193470874131E-002 -0.47305545029228468     
 -0.97220928149751951       0.14917777931001416       0.18043032763441583     
 -0.63284041702207416      -0.62805618526641183       0.45283378267522412     
 -0.30176285112927215       -2.3165428897194897E-002  0.95310153949218679     
 -0.79690357357613828       0.22309070143993923       0.56140469658941594     
 -0.91094051621131467       0.22110603964981107      -0.34828077057897977     
 -0.97467410149493794       0.10997680104672640      -0.19471902605187022     
 -0.93171667874467312        4.1103408203767705E-002 -0.36085251888136771     
 -0.48654217221993445       0.34652078806385112      -0.80199754244708232     
 -0.59655737886898275       0.16730261793429346      -0.78493893249686375     
 -0.65732960526962469       0.15606162890546887      -0.73726695166643730     
 -0.77841549168685065       0.46477636026491287      -0.42196238841973538     
 -0.63351643377173583       0.39229245657743900      -0.66690595787833051     
 -0.83761735139153604      -0.15198300308966259      -0.52468880245313732     
 -0.78768946099616433      -0.53969423002090300       0.29711184950748937     
 -0.95410024577940167      -0.29134965156860732       -6.9340475442659061E-002
 -0.53542232045049531        1.8367655503439030E-002 -0.84438472747602777     
 -0.42749318937709657       0.89873380286850790       -9.7606990619409195E-002
   5.5750032504703076E-002  0.87888320760883765      -0.47376813026941750     
 -0.56588665168068519       0.82420403084051386       -2.1447913556113807E-002
 -0.86181772503085763       0.46750489418412999       0.19674700184901342     
 -0.82559560627962658       0.32123898411021640      -0.46389374858868182     
 -0.85007158884103062      -0.10346291598976852      -0.51640460770623309     
 -0.14750900693620558      -0.54466628863674738      -0.82557841959162825     
  0.39933074204881769        2.7601369782521541E-002 -0.91639135899511559     
  0.17189227990659975        3.2076811265930108E-002 -0.98459337916094036     
  0.16284153894319478       0.41033351414617736      -0.89727868600734806     
  -2.7769036873983549E-002   7.4926392215298981E-002 -0.99680234567377379     
  -7.2734059632303505E-002 -0.17718166922194209      -0.98148683774219880     
  0.50300633726930100       -3.3646358578497182E-002 -0.86362755121717549     
   3.7799567563713221E-002  -6.8590278182541542E-002 -0.99692856636313809     
 -0.14338697332154510        1.1130049427367956E-002 -0.98960411169389173     
 -0.42294454537354964       -1.7004231112885682E-002 -0.90599600863526308     
 -0.31183088413196558       0.33789962755450281      -0.88802327751023002     
  -4.7410856927745632E-002   1.7133224700771908E-002 -0.99872852330186712     
  0.57347598201398209      -0.41059556574536166      -0.70889814461837708     
  0.23010670425584467      -0.21381599570674678      -0.94938591975890385     
 -0.27828861338805438      -0.36820039353202261      -0.88712114046583312     
 -0.85397508053456173      -0.28381436341497124      -0.43609169786337360     
 -0.68160383545278869      -0.59075387867472207      -0.43177084932495025     
 -0.60276342153331885      -0.78707814314305669       0.13108872662411997     
 -0.81944595312519086      -0.56462391157133562       -9.8530038001906045E-002
 -0.72234362981876166      -0.68939424347985245       -5.4362280279003139E-002
 -0.74189073694794461      -0.65436362970256734       0.14630917453573894     
 -0.84131720705703794      -0.26904931447388841      -0.46882600556164389     
 -0.90996830767539827      -0.29949073779407431       0.28681523146786014     
 -0.84956077148134412       -7.9768385948772072E-002  0.52142449133420798     
 -0.79577220742794297       -4.3908865389217122E-002  0.60400215680535296     
 -0.95733508872938156      -0.28767851251843291       -2.7397104276279088E-002
 -0.96896317214941874       0.24679509510023293       -1.4232078297055223E-002
 -0.82484851301518713       0.45189306877258267       0.33973163669568773     
 -0.34524191288781519       0.93705552574103523        5.2296876233483433E-002
  -3.5186501135042791E-002  0.38775459775200738       0.92109081097365619     
 -0.89855994172611742       0.22420889539439004       0.37725376386622667     
 -0.55247554002538979       0.79573296335841459      -0.24815283334782839     
 -0.36112964995492486       0.92181312034031371       0.14087564406923164     
 -0.72075074824745500       0.69241706336596653        3.2817209819963680E-002
 -0.91791910515779296       0.36304203174497557       0.16007810460161259     
 -0.35128202512813061       0.62907132523103637       0.69344805616138783     
 -0.64808816290569793       0.38857545803679361       0.65497392811702537     
 -0.78490483197298788       0.61349289362128112       -8.6895766420103160E-002
 -0.61794573001381081       0.76618777288583229      -0.17635013875237038     
 -0.61268687884939688       0.53930520368815194      -0.57772371057518113     
 -0.95138409814868641      -0.26570184486151105      -0.15579097350944238     
 -0.59368946776511589      -0.77750314523251407      -0.20741667005901443     
 -0.21432364188328934      -0.88177893594791834      -0.42015626217930679     
 -0.77284593216852193      -0.61674451531185492      -0.14945021901404090     
 -0.91782607286063633       0.22361145449597675      -0.32801405060666133     
 -0.50314857118083089       0.84152296034999396       0.19667389893549270     
 -0.38017653857751166       0.88285130146218382       0.27575238715512984     
 -0.54239545253319987       0.81334515007523156       0.21042062617626994     
 -0.39117602432957388       0.59227033271045104       0.70441264254752445     
  -6.9899073916620980E-002 -0.49461984645046092       0.86629401877357926     
  0.15977706280997961      -0.39706352965313929       0.90377643453412526     
  0.40075682617644970       -4.2137368441907505E-002  0.91521495204885495     
  0.74247555867480497        5.5062822202579395E-002  0.66760626898015807     
  -7.6197862966803975E-002 -0.98638954138301005       0.14570366614992522     
 -0.44354420750196816      -0.72245527311884095       0.53040259646262355     
 -0.98565095955214710      -0.16224384845663323        4.6573807788591645E-002
 -0.77734969131857590      -0.21361341865739986      -0.59168975382072309     
 -0.44079543536804106      -0.89201500262865296       0.10004308693831038     
  0.23206513317526672      -0.88538258585070106      -0.40279455139897630     
  0.19416258571855693      -0.73108554661523728      -0.65407554138448698     
 -0.13680956401122482        4.0641761185335329E-002 -0.98976330021011760     
 -0.15486995908750664       0.27923273151067740      -0.94765203393723652     
 -0.48578540868226938       0.13735109433612569      -0.86321909941572561     
 -0.27387359938913292       0.31562695082234132      -0.90850034643483302     
 -0.57742695199192196       0.40523093553658307      -0.70877782414340451     
 -0.76528707660118545       0.64293672921241551       -3.1113543945652522E-002
 -0.69671980746373763       0.66631126186426659      -0.26572695045963451     
 -0.59380330922598046       0.66857492660545426      -0.44766639081666693     
 -0.34305932973969677       0.62884497348278012      -0.69775661630972474     
   4.5873922851638799E-002  0.33676011775643694      -0.94047233148607645     
  0.17884771746703895       0.58359748317153914      -0.79210319504007487     
  0.30719682096642892       0.59304895873643160      -0.74426006592439431     
 -0.21107560937116651       0.38463217181052717      -0.89861291974738766     
 -0.29831387054546854       -3.8806669472789518E-002 -0.95367860259347492     
 -0.20825074825831016       0.28930737321018263      -0.93430876569584576     
   1.3118818324247661E-002  0.36082275659005575      -0.93254213574106493     
 -0.39534992184951451       0.11935159457283218      -0.91074345244227906     
 -0.11084257551793632       0.71492924502244115      -0.69035505217546123     
  0.40226299191367199       0.69474884657797409      -0.59624535680812563     
  0.13661812474885632       0.25056736983967565      -0.95841091456730276     
 -0.11366806616532263       0.59732815965833730      -0.79390090087708098     
 -0.34773576279653717       0.16651785998594121      -0.92268718511640102     
  0.21845964796619360       0.26181331393834117      -0.94006870539077092     
  0.22492835313647180      -0.43770985766522463      -0.87052703373186346     
  0.11038300866343845       0.33893714275617087      -0.93431108559123388     
  0.43762178599741691       0.42439472749728779      -0.79270189080946984     
 -0.24185873373438582       0.13678851144018483      -0.96062128648825706     
  0.53053489378655994       0.40834759665142856      -0.74282229825434942     
  0.58375945104447347        2.2359699751369408E-003 -0.81192358245991580     
  0.53740715113742110        5.5672987000208202E-002 -0.84148325736455587     
  0.56539766691554294        2.3473533414805590E-002 -0.82448436702916328     
  0.87190832838212462        5.6480615132328556E-002 -0.48640087069429516     
  0.41640844437099822       0.42180479559922868      -0.80540966089692756     
  0.35845212418108890       -9.7961130345488312E-003 -0.93349671174542082     
  0.22460799957553307       0.21356852558147899      -0.95075745140792733     
  0.25681960316362429       0.16320152159875539      -0.95258015661612483     
  0.85003421311995264       0.44246052692333537      -0.28578054279525678     
  0.94596112969481838       0.31623378183890360        7.1789527999972236E-002
  0.96774291133505919        1.7488820548485755E-002  0.25133204872559689     
  0.33016359515931709      -0.79375962364814756       0.51082057544452619     
 -0.19839357006883285      -0.51792912868462992       0.83209939851881298     
  0.34989263910786284      -0.43002202348103319       0.83225969529916810     
  0.79793577445452080      -0.11501787108334581       0.59166661996192504     
  0.82138483997816802       0.52392502112066419       0.22545402391122613     
  0.87959513585237359       0.38827806706974344       0.27486822227660573     
  0.88764713341588430       0.43884349801131717       0.13963864361906608     
  0.66754342681209122       0.73792686105980798        9.9245760848701542E-002
  0.31601296278677887       0.94854313762377296        2.0043039131697554E-002
  0.43608243212801934       0.87210876987098085       0.22194234815250363     
  0.40294632558507298       0.72469054519932541      -0.55897931303070192     
  0.60325812823012059       0.49507246020181700      -0.62528624634966357     
  0.56301481078983939      -0.45134181954643315      -0.69231848506295313     
  0.30717113519009803      -0.58800120015264512      -0.74826498135695274     
  0.63244237690754601      -0.50239522336673570      -0.58958941597511405     
  0.87941319550882080      -0.36479046992950986      -0.30587635510709932     
  0.88941977597989830       0.28198868289195400       0.35974274810868601     
  0.83086830675635004       0.17961386860025672       0.52668464476791466     
  0.52631825693429490      -0.38049451352880670       0.76040319409650525     
  0.66686645241457099      -0.73024074922677040       0.14845060731691295     
  0.64301029874333171      -0.76169836948336789       -7.9707901969760186E-002
  0.13273485034011950      -0.98580328179356180      -0.10282679179210330     
  0.29444944532981460      -0.88660564690344068       0.35669307678165663     
  0.39509065010425765      -0.88442522909414689       0.24838557192806032     
  0.36469118159060576      -0.44282590058734300       0.81908825155724141     
  0.53008571884198008      -0.27028168050985257       0.80371446662394630     
 -0.21109981312451992      -0.60985227968376332       0.76388288753144939     
 -0.32118040170020995      -0.62392334344085154       0.71243442580585314     
 -0.90352568176589909      -0.38007332428310192       0.19795355656781688     
 -0.63260341108635942      -0.67736216837668484      -0.37549090153293629     
 -0.22899070735231453      -0.94988953001758714      -0.21277484980441064     
  0.19734500064577906      -0.94244523473425013       0.26991096725935204     
  0.48116614973321686      -0.85817695238330949       0.17891745233228437     
  -6.2735682313140403E-002 -0.81943631971851183      -0.56972655905351766     
  0.66470720557208440      -0.58894657099252590      -0.45968061453225006     
  0.80372014003421444      -0.18179324142302736      -0.56655551702928864     
  0.91981911516757742        2.2758179399569596E-002 -0.39168209129708209     
  0.99409378240548518       -2.4731821734733917E-002  0.10566876916335521     
  0.95040134667110843       -1.5984210307657655E-002  0.31061517230593633     
  0.78594578996584441       0.11275686982398615       0.60792688996503841     
  0.77263081101920161      -0.10307354332026887       0.62643233835051337     
  0.76377972511703907       0.25318518948693225       0.59374892953559799     
  0.12717323612029305       0.14620126213261958       0.98104646116560201     
  0.22112105997870191        5.9864113076219722E-002  0.97340729645896329     
  0.20186969065683708       0.44231277166381910       0.87384669136941495     
  0.54100152095278919        7.3026168584054876E-002  0.83784517246848378     
  0.61074443148995328        2.9998134444211330E-002  0.79125934517951957     
  0.24664343657910098       0.25063523752290556       0.93613513602701048     
   9.7235937472115411E-002  0.64014091636024917       0.76207924762810397     
 -0.48659262667599218       0.62948541746389519       0.60578521347495395     
  0.11774016977598364       0.36021383353936476       0.92540977223500109     
 -0.13686315653848438       0.92028389157176194       0.36653244780769195     
 -0.93072704185510990       -3.5015423472523899E-003  0.36569784352776363     
 -0.25074131732707722       0.10719822055261255       0.96210047983329150     
  0.21261470103573354       0.51744102644137102       0.82888465606428652     
  0.27987355021149757       0.93837565049378935       0.20278543944872340     
  0.12600129710123500       0.97703589027442828      -0.17182707075567363     
   2.6517908446114666E-002  0.98562034006447841       0.16688123256623816     
  0.26337711895714710       0.95461762437103392       0.13906000305676153     
  -8.8125252886365663E-002  0.98546871476068698      -0.14520796132337460     
  0.48777125934051363       0.87180641672306436        4.5086254245946561E-002
  0.92724524677549214       -2.9215405636228028E-002 -0.37331315595065817     
  0.86036398846984952      -0.29835065351476808       0.41323201097160234     
