  0.52290080796522376      -0.83025565147145775       0.19300336325849907     
  0.11677889756773024      -0.99104612404189019       -6.4732287959304663E-002
   9.7202216393690047E-002 -0.99123869267850351        8.9429208121393072E-002
  0.33148068678213832      -0.93942147162358325        8.7223006959445265E-002
  0.76700375685734556      -0.62978138011690121       0.12280329891653327     
  0.78997785731145276       0.34296416951283543       0.50824262256133212     
  0.60316614697384630       0.40672436732195050       0.68612381402434552     
   2.0650296772303872E-002  0.35967892186167161       0.93284759656207716     
  0.34085985092383475       0.14481266808553794       0.92889388693767638     
  0.43791223015286296       0.44207779450019180       0.78281549696747521     
  0.51108497458382796       0.85203725267292652      -0.11324605428998902     
  0.75482494028257896       0.62503006200836486      -0.19893901355256757     
   2.4205985141054404E-002  0.78277116332152241       0.62183870590017953     
 -0.31544212558583673       0.33683361711671467       0.88715239941398083     
 -0.53101753809270980      -0.41764744202837578       0.73728623234476798     
 -0.32482318711708713      -0.82484095257510981       0.46273891133783845     
 -0.11719456626694583      -0.48014904288823057       0.86932291483146351     
  0.63530777004520411      -0.20586305093489837       0.74431474631367300     
  0.18968120997397356       0.40033905116335267       0.89652087688824533     
  0.21759710325996087      -0.12229000298554404       0.96834738385700481     
  -6.8150472581145677E-002 -0.86472793904894163       0.49759532203908918     
  -3.9562078173911421E-002 -0.91169775288919441       0.40895238029309061     
  -3.4796246089562222E-002 -0.98971142471351137       0.13878226489587145     
 -0.41392441131248697      -0.68713007984274499       0.59709198210573766     
 -0.41138165957537548      -0.72009279755461031       0.55877678287040655     
 -0.40629592993141750      -0.89394659982211933      -0.18916419848297594     
 -0.35227548886534127      -0.93579081291711375       -1.4054693333020354E-002
 -0.33314748469043243      -0.83723532473508500      -0.43364705056094560     
   2.2204743424167402E-002 -0.75207726278685971      -0.65870079715187957     
   7.7340566169869854E-002  -3.9041584064366044E-004 -0.99700465615765366     
   4.8065702984581661E-002 -0.44531600358489831      -0.89408240400303540     
 -0.54322827126785522      -0.69735655502628557      -0.46754345301507449     
  0.41113575213156545      -0.88429603472612106      -0.22133214020322634     
  0.87835887589217443      -0.45471515874651103       0.14737642127431330     
  0.73245878290647815      -0.66715460280330618      -0.13567928103273053     
  0.52689373916581816      -0.20924860292462186      -0.82377060508494115     
  0.45476439423130888      -0.64081470794577378      -0.61850291496471610     
  0.16727014370690305      -0.71206077925425504      -0.68190185926725821     
 -0.54892198471000364      -0.83550187434748435       -2.4925341801388921E-002
 -0.78886266786938852      -0.60510433858886215       0.10744501227594389     
 -0.64320200280256135      -0.75087159160357919      -0.14994344438327833     
 -0.52948341514737196      -0.83692197970050530       0.13859622281317285     
 -0.55528091347272635      -0.64084625801301676      -0.53007469353257675     
 -0.94256213087645235      -0.24172672911309823      -0.23053159841977827     
 -0.86104195023544494       0.39195387174285001      -0.32400450978431733     
 -0.74482195277616159       -1.3547940264504760E-002 -0.66712570927623560     
 -0.80366017012503366       -1.6019020754444710E-002 -0.59487286198707667     
 -0.69034067542887656      -0.42949271643508735      -0.58220765915403383     
 -0.88679321313412851      -0.33467103453193692      -0.31873671860107161     
 -0.96487583521106313      -0.19684995084852391      -0.17396758168315998     
 -0.87384685103128035       0.10626192830460576      -0.47444713460588539     
 -0.81940436666872296      -0.18419774267134592      -0.54281458664909399     
 -0.41592418026740452      -0.90936889443244495        7.4357318122365290E-003
 -0.19142484240777718      -0.88135618573607633      -0.43193495294306977     
 -0.30773560770518998      -0.75218608593566993      -0.58267906078309251     
   9.8433906359348372E-002 -0.58869666570041335      -0.80233845842765716     
 -0.38245233560210568      -0.89105769674464708      -0.24443075106182138     
 -0.48913793545525630      -0.77337700218491645      -0.40327669482636630     
 -0.86223074030752778      -0.50532122135311830       -3.4765122162004350E-002
 -0.61922311863298551      -0.78501943521078177        1.7527569477783261E-002
 -0.46789748009650067      -0.80951880883328919       0.35461422174598373     
 -0.57901527993514601      -0.64165475033888020       0.50301141832881180     
 -0.27989474633178241      -0.65820020470404106       0.69887868868885550     
 -0.61738878849251910      -0.75487626620252934      -0.22134341320199397     
 -0.77808375013674169      -0.51363974514907529       0.36160736991437731     
 -0.72379700894812926      -0.53586280827848232       0.43470557914713170     
 -0.18879354114392061       0.28407755037558341       0.94003028897742424     
  0.30114485292712084       0.44241590322576241       0.84473661346510642     
 -0.65262368565632523       -4.5103312436253901E-002  0.75633855919666382     
 -0.88227058921982970       0.28951776207753643       0.37118468831482948     
 -0.72237314585718615       0.60328266914672479       0.33797493879226537     
 -0.77250480966744972       0.36369213330743960       0.52054236255172293     
 -0.64095666316720012       -7.3633720983390605E-002  0.76403706132344340     
 -0.12763285703246505       -9.1431294962402987E-003  0.99177933885961467     
  0.32504310788019236      -0.53829729249597724       0.77754935721864604     
 -0.51806154297708762      -0.21419736611978912       0.82808920173834666     
 -0.63485609335406812        1.2630177668435476E-002  0.77252716414590894     
 -0.22411924364199912      -0.70196749530262326       0.67602677474194117     
  0.29302976552889631      -0.53489468732041201       0.79247790504878124     
  0.35138695700340145      -0.76939248557323969       0.53344391419471271     
  0.62051226311122920      -0.63054710940775449       0.46623478435886762     
  -5.5703904633139234E-002 -0.45069958255681053       0.89093600291591091     
 -0.73093171337245211      -0.21015364095786385       0.64928751534165607     
 -0.80551600213373054       0.48728841207838886       0.33718537002758397     
 -0.85440000032133190       0.33891025850919432       0.39387875815807039     
 -0.67444918580191315       0.25032421530146387       0.69459058660829265     
 -0.23208775555172961       0.51300287211233653       0.82641595273051582     
  0.62102889021083651      -0.27994902310298941       0.73208719561753055     
  0.67765235118669687      -0.40164850541731878       0.61600792935415083     
  0.77320504735985252        6.3180036886251414E-002  0.63100098072532596     
  0.80750431608683448       0.36848688340477331       0.46060199333020241     
  0.21944118979168550      -0.96460788450853918      -0.14620941613587568     
  0.49093703553178097      -0.86297516398646923       0.11939302109359820     
 -0.38117820167715610      -0.91614054085392638       0.12405518114960515     
 -0.63655980059289308      -0.74743291596871320       0.19009380946168733     
 -0.54538154741465672      -0.74223429107072081      -0.38941908645877610     
 -0.22143958910777711      -0.32661227205780818      -0.91885196420155490     
  -1.7318704249188011E-002 -0.12857018918408589      -0.99154917625719774     
  -6.3514996544776547E-002  0.76043554253642354      -0.64629995424823139     
  0.46048173556944910       0.71473869921211286      -0.52640779159847750     
  0.28881555290697875       0.94576159873061894       0.14872987179976255     
   1.1552229044869675E-002  0.96717933621504393       0.25383198695732756     
  0.30178856251378433       0.76345826734398992       0.57101237951551997     
   9.5303710870032893E-002  0.67711158763770307       0.72968287672190990     
 -0.27183055379651333       0.50856987761498595       0.81698520770293104     
 -0.21149547954566414       0.10276729166572515       0.97196118538524068     
 -0.53509363367242413        8.7287449867999467E-002  0.84027120877654404     
 -0.77676507649912130       0.24896182729163735       0.57849289060706155     
 -0.35447303380393780       0.18750476555644857       0.91607359485986550     
 -0.56004490218561154       0.23496443427190256       0.79444409631089108     
 -0.32996537077296129       0.90729911190050339       0.26063609810468691     
 -0.61233988336636691       0.73595574627803140       0.28880617507118345     
 -0.64422077312262749       0.63884629212790389      -0.42054133032524921     
 -0.44586650975985126       0.89501397767410773        1.2370741389284678E-002
 -0.45033289221054512       0.89275925683016810       -1.3460889172300039E-002
 -0.47073931782678080       0.41514606086777500      -0.77849742632711438     
 -0.55753353676221762       0.64993106823311453      -0.51647455109694806     
 -0.90030128126037678       0.38226974398423585      -0.20815245805696816     
 -0.58349945783967516       0.49940721682435246      -0.64040675705725236     
 -0.66295026021763559       0.18263417334541418      -0.72604525423958832     
 -0.24559473548558086      -0.43191331188966336      -0.86783300059069257     
   5.1719091717522619E-002 -0.72079466965749428      -0.69121644927277359     
  0.14498105822767404      -0.73257433641769032      -0.66506791711625435     
 -0.69062531834695584        8.1676094880423822E-002 -0.71858589269706141     
 -0.94585991140950565       -3.1633373689020743E-002 -0.32302996402413997     
 -0.68919725164114176       0.52680600850275949      -0.49747620821068839     
 -0.61823040285444886       0.35368922815169751      -0.70192243081120154     
 -0.55463509473796913       0.56320771285783500      -0.61251692536817637     
  0.51143933803154373       0.48599097917864648      -0.70869074473344151     
  0.72896740345923894       0.66346505029389657      -0.16858425707171287     
  0.13675563126317736       0.82731124596333649      -0.54484309633186156     
  -1.8081214603110837E-002  0.99780903214533712        6.3641221293271211E-002
 -0.70845890240609977       0.69562035888273466       0.11915661924319128     
 -0.55285417145848759       0.83035751635065047        6.9704089844142225E-002
 -0.97396773238603829       0.22618850928526110       -1.5020470638362440E-002
 -0.89517466412093039       0.22316821327696318       0.38582155110729521     
 -0.87784233879267082       0.46258348949601036       0.12413437665992337     
 -0.94541536409320048       0.24131753627350125       0.21898775313578187     
 -0.86338790637537743      -0.42251280389236362       0.27576122583098511     
 -0.62677045298036460      -0.60157430633693509      -0.49524453881499614     
 -0.54251434165415424      -0.77445678457805389      -0.32541493192635862     
 -0.54863207981472206      -0.71249695852045070      -0.43743676697014627     
 -0.65340633956195471      -0.74399479244288380      -0.13975658924785206     
 -0.49790288397630272      -0.86198152550617269        9.5292013380722462E-002
 -0.63129778521889945      -0.77525024550768651       -2.1217050172791241E-002
 -0.52308849873741303      -0.75030524717301927      -0.40425296356779050     
 -0.78901372653669788      -0.54371996830030445      -0.28605232984229167     
 -0.28841384847827189      -0.21051689925346617      -0.93407713125562830     
 -0.34545191514194534      -0.33629621210591648      -0.87610948633604657     
 -0.62428089243558449       0.22364419103291430      -0.74850293463494399     
 -0.73301390814393330       -7.4998849783028537E-002 -0.67606640428202347     
 -0.80919608461145531      -0.10173630265442749      -0.57866347851903399     
 -0.71421088125309895       0.47358560130973526      -0.51538286286197221     
 -0.74372025707224443       0.57007606641858366      -0.34913243578500597     
 -0.67834171411765909       0.56514884591899506      -0.46953093704713722     
 -0.36764391471568669       0.24952440841830326      -0.89586579440006808     
  -6.7368573113712582E-002 -0.25758421320469271      -0.96390448098573300     
   7.3508569378188393E-003 -0.24816302980540644      -0.96869039199328921     
  0.66173142827634401      -0.36907985820956157      -0.65260368915244826     
  0.21732128559677469       0.21083693748119220      -0.95305783907388775     
  0.28504127026479242        1.7657532013181154E-002 -0.95835258950404412     
  0.50225029232217178       0.30748765524676253      -0.80820541060622919     
  0.12107449072457364        5.1914008724105065E-002 -0.99128497587426512     
  0.12567132199217507        8.3397222764638346E-002 -0.98856037856266532     
  0.29619132323898312       0.27648289412995919      -0.91423624369825762     
  0.67169333692136690       0.64494480916531038      -0.36451920973544122     
  0.76060013883678312       0.47946648436003553       0.43772059487414589     
  0.80417979733927691       0.31710655966781970       0.50273082595663499     
  0.87594060614743541       0.33451112009312650       0.34760662398200554     
  0.63303889592410645       0.64660614452073872      -0.42563158965857417     
  0.46181466922791958       0.83783131668086586      -0.29114583300263547     
  0.69118180791451667      -0.10892926571789807      -0.71442433012757189     
  0.88088025583086915       0.16768984096827996      -0.44263991248350965     
  0.91158403900973606      -0.34254733579493979      -0.22732325565720310     
  0.50289025112613039      -0.43879384979707348      -0.74468876230450853     
  -6.7882214503917349E-003 -0.56204618375666693      -0.82707799352550238     
 -0.32390637179858400      -0.60912079114724049      -0.72391748431747660     
 -0.19161646835887872        3.8253439284267610E-002 -0.98072412198164849     
   7.8916117527529056E-002 -0.56138696391145504      -0.82378208474372827     
  0.50783925960207843      -0.40478615619895553      -0.76042583738095060     
  0.65732317436532828      -0.28656152274850000      -0.69699981213943674     
  0.86651992594932614       -6.7053418616971006E-002 -0.49461809205148100     
  0.61211957723198762       -4.6715127182596905E-002 -0.78938413973279697     
  0.63814002441624407       -9.0068878153934828E-002 -0.76463383813834085     
  0.83358310405984404      -0.55232052338769033        9.0137711712869051E-003
  0.94625645332672947      -0.32340452966121302       -2.8696223044509563E-003
  0.82965753269305842      -0.38671372898633805      -0.40264236023943178     
  0.80769767209013643      -0.39140468613734208      -0.44093859228915988     
  0.48072494380070097      -0.45930344380790178      -0.74695640763973947     
 -0.20958438762780615      -0.48481417520772929      -0.84913461829109305     
  0.37145321282477561      -0.82497988534339806      -0.42594682703474679     
  0.84425215801055808      -0.50131220708102808      -0.18953723836254563     
  0.77807311227836096      -0.60474132348414666       0.16997106700893483     
  0.81808822205294307      -0.55886906559040739       0.13563564599461975     
  0.69174973273577489      -0.62908706176277707       0.35458676791818544     
  0.46449709527628708      -0.63934326162879962       0.61276638475838130     
  0.48027001702756067      -0.83039358077840708       0.28246630196613109     
  0.90346329176708584      -0.36791548217368331      -0.21998245022355353     
  0.34191128887548528       0.48344585912744886      -0.80583917243585801     
 -0.58355532054421988       0.20270492340899782      -0.78636753613711674     
