 -0.97875527327899792       0.20418875806567388        1.8575955109255270E-002
 -0.78456757611947181       0.52412105323649671       0.33128664334125291     
 -0.83920117226792834       0.43140269740438664       0.33110890223068423     
 -0.92787756763636986       0.31653948672691706       0.19709381730509509     
 -0.94843920415098537        2.3912932096169542E-002 -0.31605576676912928     
 -0.73294826906751320       -1.9351499725795002E-002 -0.68000908400501525     
 -0.69894326963890141      -0.39817512734542232      -0.59408322126615210     
 -0.29384300133336655      -0.85941056256944626      -0.41841340264320626     
 -0.68995781987653759      -0.63850281012025800      -0.34098734325456043     
 -0.60552714347643155      -0.35545644370480856      -0.71203061390788891     
 -0.85335168342083811       0.47185960376782776      -0.22167412734669431     
 -0.71306172014764202       0.69969734200604761       -4.4346508879543799E-002
 -0.81016620015996443       0.18238669377038691      -0.55710485732387705     
 -0.87139454389162596       -5.3746164063972368E-002 -0.48762987882648751     
 -0.90224722609078045      -0.42699194743311619       -6.0231385828265288E-002
 -0.94122034084910478      -0.33693321192406767        2.4089015639240444E-002
 -0.96319104117644139       0.13006476609698603      -0.23525767748923068     
 -0.82370026714941080       0.47765263409794506      -0.30555822855439407     
 -0.32977002444197090       0.54879986040802609      -0.76816042868381462     
   4.9032997337208201E-002  0.98466022214062998      -0.16745152165963215     
   1.3690763026787036E-003  0.97016989607199644       0.24242214912373569     
 -0.48663057888793187       0.86858366663406572        9.3557969985129691E-002
 -0.87268740379865695       0.36971872788680332       0.31894318851626041     
 -0.92539444250433878        9.6861167620153010E-002 -0.36641921345555062     
 -0.88482318983282371       -1.5445652793947696E-002 -0.46567086503650512     
 -0.86759375341416101      -0.41467704788406673       0.27445222716339546     
 -0.99126082890218048       -8.2149013089204553E-002  0.10321583566827913     
 -0.76796498948594283      -0.45939483137092701       0.44630277148317365     
 -0.45828038071966254      -0.74143289185327144       0.49015952456885176     
  -6.3633801952849137E-002 -0.99445965837909323        8.3670347827666594E-002
  0.24053465080163522      -0.45603129352987620       0.85684219147126162     
 -0.66027102846807750      -0.29717891026332161       0.68972955878406228     
 -0.72665638430286583       0.52965123871187103       0.43753864341670617     
 -0.87142778244170338       0.45895382880517399      -0.17313290563567518     
 -0.95697514777177339       0.24546362391686746       0.15474551974393896     
 -0.91895064860775111        4.5625973625335131E-002  0.39172436221682500     
 -0.83758165463858003       -9.3323694254820927E-002  0.53828213782696743     
 -0.77299786378684321      -0.47749798234333096       0.41769603713593795     
 -0.62862681813286836      -0.74230699108110521       0.23196692547925835     
 -0.27146695705806867      -0.91662552908314243       0.29343369039482425     
 -0.33438763640003599      -0.40884013963736221       0.84913759123250110     
 -0.42208190208190749      -0.60302373958915945       0.67691154328082692     
 -0.32467629668581277       -1.1504252145713517E-002  0.94575522972542803     
   5.6050278129314436E-002 -0.48507387959977394       0.87267502407923725     
  0.67010099452982941      -0.16694989330189575       0.72325126357072811     
  0.40139845183818640      -0.15291883322949124       0.90304768052725526     
  -7.8364945009760462E-002 -0.21839048362308722       0.97270989100374172     
 -0.39130459535313994      -0.39042967138929674       0.83333389787909207     
 -0.50321720477777654      -0.51527099814663146       0.69373499499781133     
 -0.43186519265238904      -0.68781329846360739       0.58344264656598366     
 -0.19700345736114211      -0.12978791249474578       0.97177401465466040     
 -0.16210420601392062      -0.82416079072362913       0.54266123634032348     
 -0.43314533772712194      -0.89501993733583085       0.10641629657433782     
 -0.24965667995169466      -0.74802635331128209      -0.61492122821328177     
 -0.50194939733696375      -0.77817012592213142      -0.37748914902995584     
 -0.51962434561319881      -0.56953626533934976      -0.63688223551090428     
 -0.12197273791193072      -0.87638256857038221      -0.46591441779823656     
  -6.5134899936397234E-002 -0.80213585595585457      -0.59357856548250987     
 -0.63789767527994956      -0.76844374851764274       -5.0801193259566099E-002
 -0.20730824895282901      -0.72453608509341827      -0.65732088915051290     
  -8.3117895472005016E-002 -0.51661879591003823      -0.85217159959998179     
  -7.1823793122873431E-002 -0.79272961499708794      -0.60532726706137541     
  0.50697517629951316      -0.45138262242076632      -0.73432274838292322     
 -0.11730897324046968       -9.0515743430825801E-002 -0.98896183191691889     
  -8.1939514917243883E-005 -0.62526520641658612      -0.78041233648039277     
  0.15787885000749521      -0.65829050769761088      -0.73602165470557279     
  0.97766514110758296       0.11261963022764554      -0.17744771272267035     
  0.99218916768274412        1.7519422747206474E-002  0.12350597297167457     
  0.56312198959869686      -0.13501828900860399      -0.81526908837735490     
  0.77979386234550985       0.10888054527334298      -0.61649538449960584     
  0.66855033380312801      -0.25961761714770415      -0.69687814145538418     
  0.72226386816714805      -0.63604764120897006      -0.27162161705710591     
  0.50042477673404384      -0.34725709719438042      -0.79308735412870157     
  0.62220699016326797      -0.70232483803466916      -0.34582984728274457     
  0.90680272070351142      -0.37399595990259143       0.19451438944531374     
  0.69276907068182536      -0.51682554180421170      -0.50295364999722258     
  0.67767716570008840      -0.66114763173704327      -0.32192773744621023     
  0.80559273524088160       -4.2172548391868188E-002 -0.59096685278392502     
  0.95697957721006000        9.5143693240944502E-002  0.27411268930742644     
  0.96647796104032491        9.7228535194869015E-002 -0.23762778197686754     
  0.98970129859013645      -0.11374712335407117       -8.6907603221599725E-002
  0.58397185124212869      -0.75362424680784201      -0.30170742712136234     
 -0.24586148266147481      -0.96908992991442533        2.0416637380606742E-002
 -0.57480416547390134      -0.76430472623112056       0.29229857477354604     
 -0.65565715146072467      -0.74939381066929267        9.2318017033335878E-002
 -0.37104158308035612      -0.86165108536355761       0.34624492879612800     
 -0.39326592564977142      -0.90825478739155407       0.14288160449540782     
 -0.16030981881508183      -0.46128547151203297       0.87264911376987930     
  -6.1039313472432355E-002  0.17705497439963958       0.98230633625726205     
 -0.59938739700511046       0.19664285553022542       0.77592933678291709     
 -0.61536751577410553       0.72549546164827594       0.30818688430519631     
  0.72195425254480694        5.0762691529508186E-002  0.69007623229695880     
  0.30088262914525810      -0.43406378559665632       0.84915150209617696     
  -6.0214008628143467E-002 -0.81524092299492790       0.57598308190373404     
 -0.35595369248669573      -0.93392098901386744        3.2993258166737476E-002
  0.62188653759335888      -0.77373167645554830       0.12081567451898423     
  0.97630986541672993      -0.21255294736836045        4.0500509318158573E-002
  0.96406971355878968      -0.11526270559845472      -0.23934096201198990     
  -9.6365848890334033E-002  -9.8018094970144742E-002 -0.99050798897640491     
  -1.5765798260977182E-002  0.16490636317281113      -0.98618321370340412     
 -0.61964926363585127      -0.60786248881183413      -0.49652591550800479     
 -0.69495467758004092      -0.70740856098797833      -0.12888414933776352     
 -0.81186967274938537      -0.30729688927233212       0.49642346470866083     
 -0.30137130822062697      -0.13270499515195161       0.94422704835390114     
 -0.38399147622162366      -0.37868442583304307       0.84210964358608020     
 -0.61959802648887763      -0.30339185081217590       0.72391413194652199     
 -0.97766814275358527       -6.2532276395559819E-002  0.20063578208672739     
 -0.79157407258909762      -0.40032001620029178       0.46168644363257499     
 -0.89012972120631262      -0.31643321694931315       0.32793154565594296     
 -0.88148456194476621      -0.33311782103703469       0.33469013185424179     
 -0.68435816345661404      -0.45848523768843341      -0.56696136634878624     
 -0.77069011306678326      -0.60393879381547111      -0.20321093215143604     
 -0.23337108312176164      -0.90068753408379409       0.36646951238629005     
   9.1015827858137652E-002 -0.93816484916610565       0.33401023168222632     
  0.15047438460426507      -0.96978827772977805       0.19201082249668061     
  0.82854183520476565      -0.45558890384647827       0.32551064192661172     
  0.38151365051931846      -0.52026105188262539       0.76405220525918516     
  0.21258751705654003      -0.17770491273130384       0.96084728837775990     
  0.54640649651571083       -8.7346106585648953E-002  0.83295293878452559     
  0.99344480816744485        4.3637274338431481E-002 -0.10565605242237711     
  0.99342061312771668       -9.8273881859314072E-002  -5.8802462169736558E-002
  0.56153725282764200       0.64801392938371472       0.51454238018987319     
  0.92893355517469911       0.20034357163871763       0.31135976518092190     
  0.71917833554257116      -0.69435487731139267        2.5570022293246730E-002
  0.34116658774560382      -0.88835814715491423      -0.30728677451119352     
  0.82033683131875956      -0.47475547962393033      -0.31883336987984945     
  0.94485466997968426      -0.26079748862228763      -0.19807655728507645     
  0.79540833518180476      -0.60429408553207098       -4.6413775048976647E-002
  0.98167725668987327       0.11105526165961072       0.15484344531027305     
  0.96770500387518665      -0.24873063041953250       -4.0989010308023044E-002
  0.77885161090478749      -0.51525201541999266       0.35763882450978418     
  0.75021826128061064      -0.16824491313190995       0.63942646930383495     
  0.54262898383958624      -0.19476949625340167       0.81707932860064281     
   6.4853112748449598E-005  0.18883252911042103       0.98200930328785752     
 -0.33637452148632685        4.8737924890608519E-002  0.94046626519630383     
 -0.32822331569227919      -0.22072335155902562       0.91845013860993108     
 -0.53425505010110397      -0.47535458238472272       0.69900612475667268     
 -0.68624614292147212      -0.37845975259745751       0.62115573489207832     
 -0.19592049803987527       -8.8628670159527356E-002  0.97660642905604900     
 -0.14826534305555597      -0.31386655085143489       0.93781937296330431     
 -0.31279843635245674       -2.8195071905009639E-002  0.94940095646453670     
 -0.32430550394588908      -0.52243095004308493       0.78860119360009151     
  0.48296286283268119      -0.78087324113696177       0.39621188069110502     
  0.84450145116675979      -0.42064956461752523       0.33146831336393617     
  0.95307545914681313      -0.25403164924064769      -0.16466660364570082     
  0.90495991021555344      -0.42035080047776607       -6.5975491210088832E-002
  0.82361820847520273      -0.36300341402171354      -0.43575402244463779     
  0.88243209049776183       0.44248999960860336       0.15973792882782764     
   6.7520172827902902E-003  0.22330280570157748       0.97472573949211050     
  -6.2320345488742296E-002  0.46995231431643991       0.88048906682981554     
  0.84677796570579278        4.7008785066930056E-002  0.52986531394470782     
  0.75946499322516747       0.52021210676143570       0.39063062865623249     
   8.7137727900255743E-002  0.92651439790869838       0.36603017204089672     
  -7.7847108469632387E-002  0.94170520027633453       0.32730894194243865     
  0.12285715385539267       0.99022319368669831        6.6061686562460309E-002
 -0.13841602762626978       0.97524025359834976      -0.17247449393351488     
 -0.22578734025996181       0.97203316520008343        6.4587945697849342E-002
   2.9716743132449791E-002  0.85056707293540734       0.52502625612031562     
 -0.73449251434680374       0.25148587530640409       0.63029802545295643     
 -0.54546823827018165       0.49224677900326513       0.67834910599144826     
 -0.61239431924829324       0.30288828611822260       0.73022728234766088     
 -0.14888505560371657       0.95525898719753100       0.25556507507141335     
 -0.29413629375018824       0.42081166452952412       0.85813832433637716     
  0.15228565726764123       0.34226805988043929       0.92717940754543804     
  0.16228712300535170       0.53734899343914377       0.82759830168785209     
  0.71251882928173771       0.70165090292186372       -1.7112416244524468E-003
  0.96865738711733806      -0.22355504397091780      -0.10828669677410374     
  0.65127335263965191      -0.66147895071759710      -0.37187177615286515     
  0.47017579050418190      -0.43341471265221243      -0.76882144408206077     
  0.92758947809984904      -0.28522178549454347      -0.24130124988863122     
  0.57477549545050022      -0.80476698558277038      -0.14826742307642815     
  0.99777125659196053        3.6850098652603386E-003  -6.6625372203333588E-002
  0.88326320625813159       0.17508514199607195      -0.43496126439356086     
  0.24111814523720770       0.47984955087481840      -0.84356769056353953     
  0.91077691140128203       0.27210555365280631      -0.31055431945103129     
  0.88734116398048002       0.44438240591681755       0.12308507633911515     
  0.71023475631352517       0.47319883337180396       0.52120001440899189     
  0.95677498297826802       0.20957646462667767       0.20164160637523995     
  0.78330125461788080       0.46441500661204260      -0.41322856405099467     
  0.69424448622842205       0.51543788151808778      -0.50234289448304514     
  0.74692036172226939       0.43278683906335735      -0.50478265142363243     
  0.85571831368613827        9.5523039509054927E-002 -0.50854844070667560     
  0.92987388208695243      -0.21429231067844173      -0.29902068322554504     
  0.76709149154172640      -0.57645267735823480      -0.28155453178886908     
  0.99619050576223378        1.2457461410374543E-002  -8.6309257234732123E-002
  0.85966780625341266      -0.10382844402334512      -0.50019088066774309     
  0.82165945700390408        3.0488847341015313E-002 -0.56916268931113922     
  0.92423539716927594       0.37925329936218161       -4.4225168651844393E-002
  0.97134392803403347      -0.22070420807576341        8.8207856844556898E-002
  0.81099773951357468      -0.58373988829618251       -3.9120446263501252E-002
  0.83581388530169187      -0.25852182669670032       0.48433626155627374     
  0.61746682750365756      -0.35890887895189916       0.69994223586099813     
  -3.8428554612252433E-002 -0.47661193246958372       0.87827348361319935     
  0.35817828164360910        4.2460003400928453E-002  0.93268722874822030     
  0.49526759923579627      -0.16298916935644131       0.85331385540122839     
  0.43046878153603607      -0.26394189516733851       0.86315195886846330     
  0.80293688362329119       0.11237632767582191       0.58537502670977359     
  0.28200218892456119       0.58033492796370956       0.76399354501669836     
 -0.14584847074995261       0.39788160235445191       0.90576953696170948     
  0.68837571825769395       0.15335047993158485       0.70895874408743298     
