  0.63723980099517041      -0.62267784161237005       0.45409001485681477     
  0.62923269286126249      -0.70634894683830707      -0.32424895302068479     
  0.83566457067917221      -0.45349557911677252      -0.30984913269717984     
  0.90084074846657614      -0.43397092922607133        1.2457065820707797E-002
  0.54838627985999777      -0.76427326919457483       0.33935064174974178     
  0.19357072983626039      -0.60527897181726442       0.77211899266015549     
  -1.3085792881174861E-002 -0.48329848299098466       0.87535783446731674     
 -0.46806976863771238      -0.71535111137895735       0.51882894978627203     
  -2.6567793890984383E-002 -0.75290162222409285       0.65759660855280311     
  -1.4351277210890599E-002 -0.42529526412651891       0.90494087052912431     
  0.44116690063156239      -0.49451505628593800       0.74888358567515811     
  0.25538168651848947      -0.86705422832495449       0.42778167250927135     
  -7.1721217838166915E-002 -0.76343771793627280       0.64188699764370305     
   1.5904589067147774E-002 -0.81285596257915005       0.58224756602852978     
 -0.29755919374089329      -0.93025065956748820       0.21469102588266045     
 -0.38188141186218294      -0.79204360540110263       0.47627042152269816     
 -0.85353307687039359      -0.51998593868954712        3.3104535238521512E-002
 -0.85053000991015737      -0.38208340500843119       0.36140140268046278     
 -0.97277919077227648      -0.20017869005117528      -0.11674389941173824     
 -0.74680865697707455       0.66383544594378863        3.9991631283852518E-002
 -0.34618662080742446       0.91854698471728369       0.19085664892993504     
 -0.48741117626084468       0.54653171464498373       0.68097975751358009     
  0.30204494638323581       0.38339520001490901       0.87279835642023995     
  0.43639423351228201       -8.1093538302896645E-002  0.89609369543746942     
  0.22502788264913326      -0.13386528912322126       0.96511270657805093     
 -0.13211608962955515       -4.5209945713079513E-002  0.99020270635343899     
  -8.4517541060361509E-002   3.7136531973008535E-002  0.99572971395162901     
 -0.26847960359767664       0.10240392916024414       0.95782677856938336     
  0.48860892179015269       0.15690962959235216       0.85827774623852260     
  0.53473440826520602       0.60629896070122724       0.58860910872148997     
  0.54783602025085487       0.81500506032809639      -0.18879207227891703     
  0.15587546475731232       0.81455517328911786       0.55875102608824434     
 -0.42007121644261020       0.77100556836955003       0.47863408430619825     
 -0.42360273458596553       0.61507625708809266       0.66501272259847177     
 -0.28059736685550835       0.48883708706856638       0.82601659790835924     
 -0.47539507335602599       0.55399000690837841       0.68344319184151037     
 -0.64023541093769543       0.55924865218620323       0.52663038614325064     
 -0.34894177402592907       0.89742894654066041       0.26992762780159935     
   2.8822477910783253E-002  0.94744132694622618       0.31862861886763261     
  0.15489649448748538       0.80972440804722245       0.56599775530306617     
 -0.24546218631202385       0.96017914997550247      -0.13343281096969742     
  -6.2856166670499425E-002  0.85660197946135064       0.51213489540783164     
  -4.6897335223138686E-002  0.89587468206161802      -0.44182484537427835     
  -7.4692593795782955E-002  0.98254949547820858      -0.17034525343437956     
  0.59481506646597249       0.72311747485877187      -0.35113552121507896     
  0.71200863807641279       0.54754834599640445      -0.43958447208834489     
  -6.6156563403994270E-002  0.94269350116716777      -0.32703558212490796     
 -0.35328569926485753       0.92608094452020839      -0.13252659692114416     
 -0.49810753142460901       0.86281415527635386        8.6259031949283679E-002
 -0.26782104155663583       0.90596802609092231       0.32786250990380794     
  0.19935405856427474       0.96978172465998091      -0.14064624363802275     
  0.29095959011600686       0.94171787142898133       0.16884894891825869     
  0.28133313382152608        9.9309299663580777E-002  0.95445761080021563     
 -0.16566271333634655       -3.6935050176814185E-002  0.98549057198863144     
 -0.34602880563921218        5.2351113559861995E-005  0.93822388742092111     
 -0.48956660396372703       -2.2594686883332590E-002  0.87167311557031946     
  0.33949500830206847       -1.4884816187020034E-002  0.94049007521880890     
  0.27515964212186639      -0.49573411843208992       0.82373227153593243     
  0.30382602880225978        2.7814164988739634E-002  0.95232143546610726     
 -0.16807074293652621      -0.47136691595577196       0.86577448328713680     
  -5.9740723026532008E-002 -0.50235958384657442       0.86259254258878459     
  0.35370729820973051      -0.63412310238795178       0.68758929471816854     
 -0.10330294681213104      -0.68990348839291737       0.71649262235087441     
 -0.36842454176268302      -0.61653267942493517       0.69580946546313938     
  -4.0776695136920144E-002 -0.29416528306623330       0.95488431098867366     
  0.21460790284672021      -0.27997685598387512       0.93571171209358739     
  0.49903886247968288      -0.84602779054782906       0.18760914518159683     
  0.90350315854829111      -0.42764772411079732       -2.8274839631151696E-002
  0.21106539903637678      -0.86166034859596852       0.46151147438296325     
  -5.1776367905722709E-002 -0.99174036318583969       0.11734675008100588     
 -0.45180409145691197      -0.88098004154718246       0.14052483530804943     
 -0.47140312045462207      -0.65371663763485921       0.59197437081769111     
 -0.75320561346297510      -0.61881304501286438       0.22305093402588047     
 -0.45330617236985049      -0.21220792456465501       0.86572588666587713     
 -0.55649438327537593      -0.19842489889826981       0.80680949478808239     
 -0.56857697400971141       0.33785932832143545       0.75004753108870070     
 -0.32294468625670680       0.38268903782703340       0.86559565037355468     
 -0.78891824958408907       0.26261953419150136       0.55555285593208759     
 -0.82653444752197380      -0.53513297240881375       0.17456663169251119     
 -0.88717223708427895      -0.42282166626073120       0.18478977322195445     
 -0.81915333786081479      -0.55013717432020548       0.16228647048510164     
 -0.74773688652478931       -5.5799857938772936E-002  0.66164637411858063     
 -0.45114597402598683       -1.1193896826266522E-002  0.89237996772336881     
  0.58379101762583185       -8.7200192255629874E-002  0.80720764008401036     
  0.56519791187235580      -0.14255988629778521       0.81254415217506260     
  0.52637662238643990      -0.21664734857746443       0.82218706980796530     
  0.28339159738157754      -0.12595962542737937       0.95069625816858205     
  0.56948018045917181      -0.64635197043010151       0.50785967981842473     
  0.42678599975233872      -0.89851501036041903      -0.10258892032000855     
  0.67879982819641060      -0.52228213567036219      -0.51619004639778887     
  0.24952632237970804      -0.67342973399484163      -0.69586565356488206     
 -0.83505392381379551      -0.47920670701452694      -0.27027000624467112     
 -0.56267037016185906      -0.67005243049520014       0.48418157227371700     
  -6.5053805640835613E-002 -0.25800687589817217       0.96395044185939482     
  0.49347911600632471       -9.5179092284390615E-002  0.86453415343614226     
 -0.15716248785096590      -0.12406608135015942       0.97974872282180492     
 -0.42249512839537295      -0.75605554222618632       0.49987786863521699     
 -0.63714635130200303      -0.67521051762304807       0.37166555384348876     
 -0.35908745542844528       0.84098379694690428      -0.40472515689873617     
 -0.92936334206562965       0.36280703236694312        6.8226356269120408E-002
 -0.78803840651394330       0.59951497663968234       0.13991877159167171     
 -0.77145228907533514       0.63628375020358130        2.0868414588362250E-003
 -0.71032657242377473       -3.7461060395030082E-002  0.70287468972980904     
 -0.71853473125616885       0.49799514981037551       0.48549837357501491     
 -0.83546806331027990      -0.36243771688445198       0.41307628419966086     
 -0.57983828962031514      -0.80690723231008388       0.11264224933791790     
 -0.94380659064127492      -0.27018688518011180      -0.19033698153215575     
 -0.69456940854447402      -0.31440999361824562       0.64708553733424212     
 -0.69719972504865979      -0.69337475046467711       0.18205493349574153     
 -0.57903809235480386      -0.70926258241385209       0.40207148218914401     
 -0.90906386459999267       -6.1709603990602477E-002 -0.41206166389736520     
 -0.92090968192194134      -0.33181189467529093      -0.20451460655527054     
 -0.60237075024519859      -0.78038605146115614      -0.16777094484422805     
 -0.69682560599069887      -0.41471524024752704       0.58518829819308271     
 -0.80940051045363659      -0.58640574739661433       -3.1608750332638921E-002
 -0.49278993592117970      -0.13616302014578124       0.85942871199394744     
 -0.42117392715783747      -0.28430829255622470       0.86126727434997374     
 -0.55704587936743077        8.3972822634221331E-002  0.82622542525548981     
 -0.51086859120511807      -0.11743422731451431       0.85159995583323767     
 -0.21254110611908217       0.53075819262728197       0.82044013746813038     
  0.17117462882956469       0.78316180843900840       0.59779329893164146     
  -1.4963994992689845E-002  0.94961367590497070       0.31306540113546577     
 -0.50690441817902154       0.74159929642819289       0.43940686654601185     
 -0.71937937680627873       0.69461711697380002       -6.1076411207169889E-004
 -0.90874717161475982       0.38526695702503055       0.16046167737760997     
 -0.31186567241891666       0.81574399620567239       0.48713605391214315     
  0.13223102059131212       0.98699255430219113       -9.1436617093152178E-002
  0.25617687750809781       0.85595241318846449       0.44913124338780891     
  0.68533283892407659       0.23422523308693652       0.68953421965674311     
  0.80583267488086452       0.51744114027595700       0.28790339776438062     
  0.97211507067884051        7.3002257719577725E-003  0.23439069107547933     
  0.75517847740308908      -0.30707180173148058       0.57914797405203444     
  0.88097521160321435      -0.41955380745416104       0.21876306633310233     
  0.22103400479320420      -0.95209896395578786      -0.21130909010136101     
  -6.3637561643715701E-002 -0.96141617895695020      -0.26763630468968180     
  -5.7690828442834366E-002 -0.98020832217907272      -0.18937638037663990     
 -0.21883686713241376      -0.47379103581296139      -0.85301376305836019     
  0.11140746283505892      -0.52777597431800694      -0.84204566275076920     
  0.74463217305794649      -0.24833263644945380      -0.61955938256241194     
  0.88513788941016325      -0.42275206325820736      -0.19445207569346398     
  0.84304719016035234        5.2900142424113783E-003 -0.53781358379284372     
  0.98796173196133841      -0.10708838833296921       0.11164091214338889     
  0.61805157891770057       0.75462165261794178      -0.22035972226696590     
   6.1615769815241014E-002  0.99444889183109997       -8.5293015223910376E-002
   1.7345525006979199E-002  0.95487477001976884       0.29650178134705435     
 -0.20161519984178852       0.85122150292815357       0.48453406912780705     
 -0.39222519270092809       0.66452741886843059       0.63605244106346681     
 -0.92242965032375213       0.35660799929623482       0.14816975076452424     
 -0.94348905930238802      -0.33126001377310937        9.7569591454128787E-003
 -0.95697663384764353      -0.17100422020339393       0.23442115719856893     
 -0.49752022023794551      -0.28143755995002528       0.82052820201611676     
 -0.69385104082156024       0.10751032445344103       0.71204793608772832     
   2.3130525546502134E-002  0.47190670002818574       0.88134502055465280     
  0.11033517839654562       0.63615261205459861       0.76363342159989933     
  0.33392490383505563       0.55449874956212042       0.76225015272730967     
  0.43939769036392778       0.35315842132425584       0.82595932051805288     
  0.77557647448086953       0.53732856200921331       0.33129918303697947     
  0.41805395410358104       0.80268754639843454       0.42535114236974503     
  0.74151488764613271       0.51131795678141923       0.43440720352226286     
  0.77890196151790270       0.10142235881160559       0.61889032911875264     
  0.88480995532690709       0.37993496927336889       0.26974202875656345     
   1.9015214319326880E-002  0.95831254808358390       0.28508855082233520     
  0.58609853388055977       0.73947624540346291       0.33115463316569921     
  -4.5215601130610864E-002  0.99517502280050241        8.7075963437037746E-002
  0.18137418054741364       0.96417349350226045       0.19357913384049666     
 -0.51266782235856301       0.85772527327951453        3.8458542558167150E-002
 -0.90488267735974204       0.38998898056828424      -0.17057530668198029     
 -0.84407586781112787      -0.20474638436528386      -0.49559544738452105     
 -0.72045328709688539       -2.7364517544035433E-002 -0.69296337875167147     
 -0.68713589021431409      -0.13906517394371026      -0.71309546750449493     
 -0.36863972572465364      -0.13161345271704811      -0.92020793937110956     
  -4.4350254519017951E-003  -9.8323538160867405E-002 -0.99514461883326955     
 -0.51098430712839615       0.21882593175496939      -0.83127026258619052     
 -0.78857427609214004       0.59181951356132956      -0.16703375243913074     
 -0.50009530719951689       0.20261122338026766      -0.84193430615305798     
 -0.91312103309742521       0.25504597000964951      -0.31805900725650321     
 -0.80836587915889280        9.2369010971028731E-002 -0.58138848563074641     
 -0.93669251921834518       0.17208211561768524      -0.30495060243424027     
 -0.99177210861954390        2.8156262868084175E-002  0.12488118123124450     
 -0.88826129577734803      -0.17250307340591922       0.42571652550668793     
 -0.76807765459303179      -0.41715255202866364       0.48583995806324570     
 -0.79245781235871160      -0.57371626530895159       0.20702720244374950     
 -0.40325473962817382      -0.89364686313617558       0.19692866468427228     
 -0.52039512995639381      -0.70868328598557373       0.47639994635012473     
   9.7182854767215443E-002 -0.97666301941490774      -0.19153286727524624     
  -6.3334012530223346E-002 -0.99638913142891883        5.6546455478573190E-002
 -0.15039937149043472      -0.79529490246592305       0.58726999511896461     
 -0.49641832099926891      -0.70524336119891085       0.50616267351629773     
 -0.13367428267722406      -0.99100566835398696       -6.2411089595761499E-003
 -0.83062045411684959      -0.40200955144257999       0.38530245489963122     
 -0.98642889247064502      -0.12279092998411614       0.10899737433898948     
 -0.66408453681452839      -0.33181172428378536       0.66999455788214712     
 -0.17683623142965083       -8.6117625238700993E-002  0.98046555364125543     
 -0.11783516218416523      -0.45483192172667958       0.88274730106155341     
   5.7210488526717340E-002 -0.25283180435487762       0.96581729054164223     
 -0.48719830287817800      -0.51564896293200346       0.70480065316363882     
 -0.87530169427404358      -0.39613625906909417      -0.27734997431365899     
 -0.70923140415444563      -0.66319265322695653      -0.23909479305701262     
 -0.45782029675718883      -0.47528994463666002      -0.75133217980099498     
 -0.49687546023680229       0.52860859522515358      -0.68824975849514924     
