  0.41202946131679680       0.78960479180604304      -0.45470429485985131     
  0.12007154172528392       0.54580744383520630      -0.82926296138307543     
 -0.28426344472698561       0.59980996929839081      -0.74794538217858675     
  0.13380237311957971       0.82012745553595534      -0.55631635031132487     
  0.68217471677754005       0.72377806208557971      -0.10384109318156484     
  0.76421314764025539       0.58054171880146210       0.28097967489635300     
  0.88286660005678164       0.26532956531417556       0.38748779112947601     
  0.94303261827789042      -0.20734384322458221       0.26018841546234628     
  0.88634608492982114       -9.5485020992388980E-002 -0.45307088683308416     
  0.80136028055415021      -0.29882861292388252      -0.51819220454210213     
  0.95442770956450995      -0.15624974154790006      -0.25427104727373895     
  0.94888534049085238      -0.27653274278480527      -0.15213892588523931     
  0.89539520113420035      -0.36120649773395064       0.26037914620914387     
  0.49266541007745412      -0.77603829101428412       0.39375800257628413     
  0.35716065630467325      -0.91284236104971572       0.19787644999145723     
  0.23564869340233063      -0.81701072619150539       0.52627290124596660     
  0.26064069545049573      -0.70100152156231599       0.66382474693434768     
  0.15884314302859301      -0.76067877280385854       0.62939388344535763     
  -1.8384224536124177E-003 -0.14815290051989502       0.98896275878844531     
  0.70234043246726863       0.17636162645522077       0.68964809405652361     
  0.97274698712474839        9.9017504859916020E-002  0.20966361813887707     
  0.67565321565682568      -0.73721627094187092       -2.2140531103889624E-003
  0.62265900856905054      -0.37416191058218168      -0.68723985894103801     
  0.25596585909963765      -0.39471699556441914      -0.88242845171040563     
  0.21371686844968263      -0.43723739239106557      -0.87358374689272356     
  -5.6986704200401278E-002 -0.18868319636479619      -0.98038317353675608     
 -0.26925697418109801      -0.67351228208922542      -0.68839079579107565     
 -0.39771608950659992      -0.31014574743601647      -0.86349958164145102     
 -0.75589964016298483      -0.35048550114962457      -0.55296984319706810     
 -0.87953515794046044       -1.2204791099788939E-002 -0.47567735811251166     
 -0.87820812606554988       0.29347945827102906       0.37765102261936206     
 -0.87957570774145655      -0.46504284087638881      -0.10040782091437202     
 -0.73890834115313364      -0.24824745637957682      -0.62640854382380140     
 -0.58477269862573067      -0.73661962952619076      -0.33975345817035429     
 -0.12091396128354837      -0.86046893600214280      -0.49494749634894608     
  -1.1131257212870144E-002 -0.80538065591107633      -0.59265343515172997     
 -0.15692090441049558      -0.64035978597992693      -0.75187444048775320     
  0.19479220720214901      -0.29400804700667144      -0.93574316150783832     
   8.7889007839094618E-002 -0.17990978850186715      -0.97974894248593936     
  0.34989850608440187      -0.50670045538545860      -0.78792492278904569     
  0.19011230019168304       0.21159071189688941      -0.95869008754384932     
  0.33764417003687264      -0.63170875554780903      -0.69781119409504999     
   6.6724853766318731E-002  0.38421527710420861      -0.92082919954226383     
  -4.9481987021200567E-002  0.10615894287650147      -0.99311721957069676     
 -0.75243232218811651      -0.17324003869476179      -0.63547894498533242     
 -0.34258970436118935      -0.79239689560057580      -0.50471720231066464     
 -0.12827915130653025        1.2201967408530523E-003 -0.99173734953364001     
  0.10966350562665481       -8.9758184737188829E-002 -0.98990776530258573     
  0.42366687989521801      -0.34684628708952925      -0.83678194770923187     
  0.39145778109925439      -0.61612756604460495      -0.68348198804123206     
  0.31694214408496252      -0.49951900718360143      -0.80624341161039204     
   4.0695639212472184E-002 -0.68242868125236900      -0.72981844314408173     
 -0.20493463104323076      -0.96929141817858044       0.13592624339878220     
  -8.6648226091396260E-002 -0.83697959441517744       0.54033067972106774     
 -0.21017846381966876      -0.91002435789185299       0.35732433640866512     
 -0.36313976879052745      -0.91536134032720418       0.17390550582760250     
 -0.59685532888075010      -0.80175860518267794       -3.0771015618759182E-002
 -0.74592605303509962      -0.65546753830062310      -0.11813818027053015     
  -2.7253627012260598E-002 -0.56642587793773036      -0.82366192373883207     
 -0.26246429442003810      -0.83760873190265239      -0.47908674203637958     
 -0.17015521838136749      -0.80508684425769705      -0.56822739714026327     
 -0.43082920647996609      -0.63631629085910835      -0.63991231651776503     
 -0.19589351614883088      -0.90351117373437018      -0.38117356842784084     
 -0.16206751647684206      -0.92806758536109457      -0.33529789308180158     
 -0.63535232896893268      -0.42274036774534401      -0.64623370351006204     
 -0.58000179093055459      -0.44437926423045432      -0.68273347071851709     
 -0.88235092601175746      -0.32618683704312490      -0.33920346505604454     
 -0.94125566226088242        7.0041853603937665E-002  0.33035120251878464     
 -0.28366834985192835      -0.93222087007874832      -0.22471430012786586     
 -0.10608221124886974      -0.95444067791833842       0.27890779263297716     
  0.63543454223196361      -0.75105299481187471       0.17928285339822711     
  0.74087228709832398      -0.66427860370067937       -9.9207816603147703E-002
  0.85702061021738818      -0.49866850204886115      -0.12978982520603899     
  0.64498706884397328       -2.3732620174025276E-002 -0.76382487768061236     
  0.74653287471878738        1.5679988417158564E-002 -0.66516374294407743     
  0.82625629124653577       0.22614074516638166      -0.51590784501810749     
  0.66453830583653561       -5.4072354688975754E-002 -0.74529525728689749     
  0.91209948197913837      -0.27757021088710987      -0.30171064449495710     
  0.73548707218349019      -0.67673708899638152       -3.2949643817240720E-002
  0.90074873212989792      -0.42891807279624666        6.8417895284706196E-002
  0.95884619017738837      -0.13144991055458499       0.25166426960844024     
  0.71658252648093290      -0.48360612159114802      -0.50262769710971555     
  0.59416220413268306      -0.12898024125308030      -0.79393663005712978     
 -0.56128771457256954      -0.66483886050556484      -0.49289490870934621     
 -0.43964174178422238      -0.71451609406067573      -0.54422595510432870     
 -0.34910299312289345      -0.65968248289291798      -0.66554197610435506     
 -0.27839348170845368      -0.51835492654044857      -0.80858224038964066     
 -0.53902673975279469      -0.68513863990721346      -0.48993389139508547     
 -0.87429924436154227       -3.2439365341719081E-002 -0.48430209465279173     
 -0.10612821754672622       0.35613593616346034      -0.92838784805347441     
 -0.67469838857900843       0.47959017317479080      -0.56104843841067298     
 -0.57280170892294913       0.30138621893774054       0.76227590102887688     
 -0.12499605069935317      -0.37062542791047481       0.92033297207902409     
   2.8724480158798690E-002 -0.88304770210169625       0.46840330918189077     
  0.21731174672189424      -0.97209127252420324       -8.8397752341207766E-002
 -0.41264703608506731      -0.86527023043573159       0.28465742908267766     
 -0.30490111104550721      -0.94233959448162030       0.13795434446033861     
 -0.49632720106073613      -0.74586843534469072       0.44422920507741920     
 -0.24643299389753270       0.83828724356533746       0.48635920552031137     
 -0.15542298360480966       0.66218564881798481       0.73304424332161444     
  0.41485165692010806       0.24980944060559360       0.87492476598562652     
 -0.19294868706799259       0.15371103704764505       0.96909427882351151     
   3.3305026122485523E-002 -0.45235959806979065       0.89121353741352383     
 -0.31071361788909285       0.27754469925791236       0.90907974764160815     
 -0.15982256883356502       0.29750792089478828       0.94124693013913630     
  0.34952832959986913      -0.31025894846473756       0.88406409931900354     
  0.13162640244259288      -0.33272601893089659       0.93379220734938118     
  0.25626066836539196       0.18240577548266840       0.94924106681047427     
 -0.11811087410508561        5.3956642933326832E-002  0.99153340947318680     
  0.44473440606413478       0.45424510094711068       0.77192790876374540     
  0.10258049985899360      -0.71329401954720606       0.69331730306324435     
  0.39098959814116940      -0.30752164845178664       0.86750076073680904     
  -7.4746154427624389E-002   5.1394614495587854E-002  0.99587730469127533     
 -0.15749414580238352       0.80223211750158019       0.57586389336969046     
 -0.59604781158242093        8.9210492932370766E-002  0.79797775298472717     
 -0.39840069016385821       0.85236753517082842       0.33874249078580698     
 -0.33694959675711206       0.94101780520664924       -3.0829523663408354E-002
  0.26651515169929751       0.95765262642765348      -0.10895467411237722     
  0.19427656752649394       0.97028209936019383      -0.14425416101912850     
  0.20557609000323318       0.87689451447486033      -0.43450486959631812     
  0.65914509562796653       0.70007783515028443      -0.27462477608705704     
  0.43814837132507378       0.89640035193449441        6.7025470956238703E-002
  0.44805862942851482       0.89399990458619927       -2.7631855710839592E-003
 -0.28720603760467944       0.88894750146646417      -0.35677027847052878     
 -0.26689471925501990       0.88423303063107905      -0.38327425738595544     
  0.11746621139075256       0.99125137897160831       -6.0186317950093521E-002
  0.58569274248697278      -0.10071130416702800      -0.80425197830722728     
  0.71473868176503941        4.4483114405945755E-003 -0.69937745839720855     
   1.2464797694073881E-002  -1.5773586071802806E-002 -0.99979789097640914     
  0.16667753392901663      -0.51427889516987479      -0.84127035943637263     
 -0.10623149763286133        2.0996833916459966E-003 -0.99433920783625296     
  0.24434473163338588       0.47885369357190705      -0.84320507130566746     
  0.70369252579411501       0.17839447185839635      -0.68774431408186398     
  0.87611103466235940       0.47804456789338889       -6.2472762469275300E-002
  0.84517381601960462       0.49564300706844677       0.20004806987096146     
  0.71765627548487998       0.10682264142156850       0.68815579161769702     
  0.44165299996261509      -0.74147900864091809       0.50512523929114239     
   6.8019231484377052E-002 -0.78093946721301077       0.62089204592858194     
  0.52716374584029013      -0.84888062196221892        3.8730798193674476E-002
  0.81739090457728469      -0.34905171728443463      -0.45829576451802378     
  0.67770220669783721      -0.61716582639454276      -0.39978251808661408     
  0.20677882595752667      -0.39740556069907812      -0.89404213405246491     
 -0.29002624600058224       0.10959446873104557      -0.95072279296040663     
 -0.65369092391868810       0.12051949589889266      -0.74710322385506100     
 -0.71411680968779989       0.35474604218320815      -0.60348357697349353     
 -0.71354477735794430       0.64113269450638111      -0.28249374991360293     
 -0.58861535958770628       0.68280049312411184      -0.43279954372310386     
 -0.42143175750253065       0.64015872741874491       0.64233330715293957     
 -0.69514105334490617       0.67082336704031065       0.25840844836666949     
 -0.61832543224859327       0.75626214674316206      -0.21387198329390950     
 -0.24634184317919058       0.68776046254120937      -0.68286253555471887     
 -0.33311099070120198       0.46270698417537076      -0.82154690351156323     
  0.15554988209614123       0.26073661414521454      -0.95279622806977915     
  -1.8752457062320760E-002  0.18360514875286768      -0.98282119162420412     
  0.53928147545932237       0.31981720338813824      -0.77903302025230325     
  0.48205668840475813       0.20967473812918078      -0.85068081755423330     
  0.70758769031107882      -0.27803722231044214      -0.64962678787913741     
   6.9136572529211959E-002 -0.70994047054001730      -0.70085994508772143     
  0.58535963513614708       0.14486174377931446      -0.79772750531902459     
  0.71063592830363220       0.48265994436024640      -0.51189447693276169     
  0.99796473047716505        6.2603999458621995E-002   1.2129961891703178E-002
  0.34648780799609313       -8.5164785563287271E-002 -0.93418047411090077     
  0.43358682845244562       0.52658325617024226      -0.73124040951916336     
 -0.48549518507657746       0.44755239214809639      -0.75099352963261423     
  -6.7383458758753401E-002  0.34667424097934663      -0.93556209848793248     
 -0.96740590518309055       -2.6966945893711233E-002 -0.25179078308396752     
 -0.36174554440843210      -0.32713750931531432      -0.87299553899186788     
 -0.25836282281486078      -0.76066022772361475      -0.59552050321263184     
  -7.3890533565676042E-002 -0.33293279636125994      -0.94005103167674375     
   5.7098327391992110E-002 -0.75748764050749295      -0.65034779578891366     
  0.35112575184598915      -0.69059975893543157      -0.63228370163162761     
  0.23397165438037204      -0.78532837566920510      -0.57316368283006836     
 -0.51088077371177110      -0.85816344854137772        5.0560168505116437E-002
 -0.84261884162244216      -0.45965488190878634       0.28055458877084882     
 -0.17025103847315737      -0.80369509376634463      -0.57016557257938583     
  0.11717710191860461      -0.97174647457555963      -0.20488610478994290     
   6.1652739487626479E-002 -0.87139229556842068      -0.48669744907671397     
 -0.17062509693851904      -0.91969819947775600      -0.35361320418244113     
   7.8249917531926672E-002 -0.99388908609357707       -7.7855217875131971E-002
  0.35758572887389367      -0.91045413470335379       0.20785984486504641     
  0.17047781782877144      -0.80130306884829072       0.57345505968882027     
  0.10798116467899649       -9.0186330285696073E-002  0.99005378333919958     
  -6.4598935080249498E-003  0.21679538275698956       0.97619569338896239     
  -9.6744104861371749E-002 -0.72710999066116655       0.67967024332048942     
  0.38341507407188857      -0.19517591301579831       0.90271769892526510     
  0.57996676011054082      -0.81462647566002377       -4.7182963720289184E-003
  -2.3886522336817331E-002 -0.98268114976992027       0.18375851527901182     
  -4.9207749307819959E-003 -0.90442725433887883      -0.42659949318201673     
  0.21043674637193369      -0.97191957585116751      -0.10530296222675345     
  -8.5851443819694145E-002 -0.70376207017450365      -0.70522937983169942     
  0.10479101368706856      -0.32075490630377113      -0.94134750944192869     
 -0.45134235613815721      -0.61550601490359458      -0.64609784334355502     
 -0.18039428184903983      -0.98137579093740923       -6.6026207207390025E-002
  0.31050595066174791      -0.83431069094339405       0.45553454927284370     
  0.38605107622093393      -0.90950590910000118       0.15415436374249070     
  0.90712442801833815      -0.40909427999085624       -9.8828852929126687E-002
  0.52811688551376612      -0.19228091966416444      -0.82711583419035017     
  0.90961311154980840        6.1102652299819218E-002 -0.41093850291580292     
  0.67531002305796517       0.23688868409755806      -0.69845552764943630     
 -0.30584399358134240       0.70607986112036103      -0.63867885616367981     
