   9.5655092645421214E-002  0.85269190346250601      -0.51358214632184440     
  0.54072799989732045       0.67168937483852631      -0.50640558237060040     
  0.18368838373941715       0.30151104811290974      -0.93560123212034796     
 -0.67672554998958123       0.66033386251620096      -0.32557905338912602     
 -0.83576667152489714      -0.10565565126605135       0.53882367628358685     
 -0.33886322695237692      -0.62478849212010379       0.70342807275069141     
  0.13237249460134515      -0.73611460778236582       0.66378671791657540     
   2.9158020433465069E-002 -0.15428743991189470       0.98759566409023636     
  0.23396965822339044      -0.22664507857686059       0.94545767085987187     
  0.20383944143060023       0.20805395641303739       0.95664153858076817     
  -2.5347766985279102E-002 -0.34396576072682189       0.93863999816569843     
  0.18010560393990210      -0.48888017521894905       0.85355617607007694     
  0.18378775044390935      -0.90653314753459313       0.38002594017747959     
  0.44679699945287793      -0.53184909176768957       0.71938097338323570     
  0.69889898869943778      -0.22495850128724731       0.67892111198100569     
  0.92600041625645890      -0.37324112428453654       -5.6694728465025088E-002
  0.15557512892626574      -0.97965009607300146      -0.12681509580403760     
 -0.18681795946099758      -0.84939570137211617       0.49358483821266064     
 -0.68577905261231376      -0.72738129917582273        2.4970714997339716E-002
 -0.70653023646353597      -0.56089984972368523       0.43151637691142292     
 -0.98377553820568464      -0.11467872205511959      -0.13796550705143862     
 -0.57716946080314735      -0.74862991415479951       0.32623406497298546     
 -0.70951929765488353       0.20082314477040317       0.67546460364688243     
 -0.12090872152565779       0.43685165886873245       0.89137069124057622     
  -2.7428646081114685E-002  0.54980889727396187       0.83484001212960013     
  0.43270674981802038       0.44449396052091539       0.78434047946183116     
  0.15902245534112336      -0.46344928338991376       0.87173770161828046     
  0.56091480944583727      -0.35862185710334787       0.74616683131328876     
  0.81340527933231632      -0.11589915327817868       0.57003441810450228     
  0.97577705019760619       0.21524552321319396        3.9096202429076549E-002
  0.50312524247210322       0.79396068447173074      -0.34130839705555949     
  0.63007947346423776       0.77541448476392461        4.1620114576507772E-002
  0.61191861812300918       0.72780171112407266       0.30961310385602353     
  0.86832576928441441       0.41246149210163929       0.27547391152330430     
  0.60567145204933215       0.34087204791951142       0.71900510368121839     
  0.72973200321861820      -0.36148540306498744       0.58036153115926670     
  0.85591244133122846       0.19168792209475283       0.48028078589242912     
  0.51242740794042363       0.12605823118463511       0.84942773320754450     
  0.32592500903460087       0.79263519067392507       0.51526919468482835     
  0.30455730984815765       0.66894728039003803       0.67805190146247296     
 -0.14554651249826808       0.93247005682400008       0.33062940859257867     
  0.51702903886544860       0.33932008669988095       0.78583894770612273     
  0.15488632055317270       0.95369157661635673       0.25784220833012816     
  0.49445185768678201       0.82764488882257459       0.26555846519365878     
  0.67959091906816882       0.72089710169850196      -0.13588065161315876     
  0.99210245113191320        8.8654266204746618E-002   8.8730758712898816E-002
  0.63090018678255377       0.74190788977855171       0.22701902431755333     
  0.95371565278732251        9.8932011828703967E-002  0.28396991154694412     
  0.94160715428786490      -0.20176239298053605       0.26956984952451901     
  0.94811408848073997      -0.30533698372415780       -8.8594591226339114E-002
  0.86895755446189560      -0.49260215373023297       -4.7496175466689397E-002
  0.76207520120492944      -0.17649960539955789      -0.62296811876874769     
  0.46127679704114427       0.39744583828489721      -0.79325942927988691     
  -6.3605371683549433E-002  0.32286061471544936      -0.94430682522079046     
 -0.36713177995505814        6.7799491932308220E-002 -0.92769471543214022     
 -0.20884824157447102       0.32674483480228089      -0.92174846076426253     
   4.1275179947132451E-002  0.29185999362328219      -0.95557004120188827     
  -1.9412785334111296E-002  0.51119317178212498      -0.85924657979472663     
 -0.27673590327489017      -0.50870533640209836      -0.81525218218331730     
 -0.36338913286307845       0.12177629385107427      -0.92364434300921405     
 -0.14166098652893189      -0.29261502147197910      -0.94567891702449891     
 -0.12633994908147406       0.40322627183899329      -0.90633701842355407     
 -0.87012993834235541       0.33192795918392909      -0.36427698295712674     
 -0.69623150750299423       0.25291026493965008      -0.67178723257316064     
 -0.19191185476026765       0.16574630683033639      -0.96731484108051380     
  0.38301800356092802        7.4439130644060464E-002 -0.92073667504729939     
  -7.7716051903032921E-002  0.42423450487604797      -0.90221133896067141     
 -0.18588010737163155       0.66336214246659919      -0.72484429612551204     
 -0.73113755600029195      -0.16861382739431519      -0.66106523991010457     
 -0.82302892988277143      -0.18655386700136772      -0.53648954815813377     
 -0.83106441071730552      -0.49657415117461495       0.25049163184494638     
 -0.65788735693766398      -0.55818198182083911       0.50558589849017799     
 -0.62579681295868628      -0.66747506151271940       0.40355345513251883     
 -0.32885621765796241      -0.70771836593895887       0.62529057454950854     
 -0.20121181887423378      -0.68358908889582326       0.70158375229756431     
 -0.16739100588656422      -0.55993283162631591       0.81145269437924195     
 -0.28577300397761002      -0.54868836155975320       0.78566842375555024     
 -0.78033705504884199      -0.50513898130880885       0.36865795811305457     
 -0.55404502833208824      -0.81927985308826268      -0.14769776201482887     
 -0.56023707145916801      -0.76853843904029662       0.30900338425397589     
 -0.74794464658922244      -0.58324268421166225       0.31687028411030327     
 -0.48463750099174768      -0.84419523183743617       0.22904345259241204     
 -0.47391597371936345      -0.84584068475654151       0.24486156469357936     
  0.30037747253210206      -0.25039275669901329      -0.92036777507033729     
   2.5830325986546138E-002 -0.33843277063979510      -0.94063598379846380     
  0.20413107116395840      -0.49969564387384391      -0.84180447211865839     
 -0.14966720923126292      -0.76784774322270710      -0.62290414166929386     
 -0.20955723710940688      -0.28910309618912283      -0.93407984891490836     
  0.23224115911693691       0.28430004072884707      -0.93018145049963996     
  0.92724911190106774       0.31266199093096447      -0.20603777300726722     
  0.64910697747195167       0.58898871950588283      -0.48140670964584237     
 -0.17233242571297808       0.63416189922102639       0.75375076824125509     
 -0.81925274068878284       -7.1006025363661018E-004  0.57343216049365320     
 -0.71191806780853473       0.54518134347567337      -0.44266236281599897     
 -0.26063857067953872       0.65029536185612236      -0.71357093398103288     
   8.0161902413388303E-002  0.80767656812896527      -0.58415120533722786     
  0.15798469355428860       0.88356382276224465      -0.44085803577611915     
  0.19355250521354042       0.84923463976807989      -0.49126159461490204     
  0.52871605154785484       0.40410280179774172       0.74643168636847290     
  -8.1472023389522197E-002  0.45535181755246068       0.88657601572372924     
 -0.30366090566906806       0.28031883568123345       0.91061045718276190     
   4.8759607450913650E-002  0.11551294364896497       0.99210849231864218     
 -0.34380221732753424       0.31982363198140146       0.88290026604758953     
 -0.67099268576603255      -0.12314112409195528       0.73116692978134745     
 -0.83557198636442576      -0.27043426412333949       0.47820995848175396     
 -0.98267180191397385       -8.0293454747529275E-002 -0.16706014140988476     
 -0.96306632774019318      -0.21385087835829428       0.16361861201714079     
 -0.60433563060351758      -0.70439218524798364      -0.37230376702984902     
 -0.79278146752360967      -0.60641284806251528       -6.1327012448396029E-002
 -0.42951641415948200      -0.58696983259118818      -0.68628133123048907     
   5.9887922021684206E-003 -0.18944921697438608      -0.98187225674003931     
  0.68222914640884524      -0.16672091226566460      -0.71187606309216900     
  0.67053614632613923       0.40348060125229507      -0.62256299350604405     
  0.30005509127382268       0.31895262894062992      -0.89901955634597286     
  0.37775513587868487      -0.22888111338786188      -0.89717026993296733     
 -0.35633156210068667      -0.66281565411196031      -0.65856148271442638     
 -0.53878900060722046      -0.69895076436997861      -0.47029165611493196     
 -0.20597317056085615      -0.80589228791727952      -0.55507897932148254     
 -0.47324132675323505      -0.51807525541270461      -0.71248907106139969     
 -0.14992939612064421      -0.53199169142981373      -0.83337027570496858     
   6.5469896042689393E-002 -0.77526139139109140      -0.62823838447716873     
 -0.34831532638200235      -0.90945503020659446      -0.22708584596871179     
 -0.40091962114998481      -0.68809966598175731      -0.60479939405784555     
 -0.47724016416268594       0.23545851889384445      -0.84664107601171723     
  -9.7992958625872040E-002  0.73379820428445253      -0.67226302549571693     
 -0.34053455952781075       0.54223097849911461      -0.76812875204818232     
 -0.74570090281894730       0.63343781430342649      -0.20660759653393407     
 -0.92574170795711996       0.22897097580089854      -0.30095611372666176     
 -0.48062994972921902       0.18848285288556502      -0.85642808547559734     
 -0.80354970938568571        2.0650005312750866E-002 -0.59487935064748532     
 -0.37480815777517751        3.9360223508544491E-002 -0.92626649387237703     
 -0.26956643807078229       -9.7278496713820398E-002 -0.95805575492399053     
 -0.42377742924840567      -0.70978487369402343      -0.56268830051356333     
 -0.47186342933429481      -0.79521699538232649       0.38075560969216454     
 -0.31108767713419561      -0.86011478147469034       0.40426107878954526     
  -5.2032205348820713E-002 -0.76681371895911010       0.63975727430231655     
  0.23761726965096444      -0.42965627692731989       0.87116790394309551     
 -0.15017581139173508      -0.72059535391491136       0.67689700958796239     
 -0.67185778980494870      -0.22201988612301010       0.70662173787988014     
 -0.97392246860053244       0.15520953559512576      -0.16548421439954308     
 -0.70434266624603126       0.12964662314953623      -0.69792059835729103     
 -0.40253600758151820        6.5935592840890678E-002 -0.91302642907916631     
 -0.59558897106779918       -8.0257765479789869E-002 -0.79926995978996596     
 -0.38928462310547396       0.56905495804231254      -0.72431618575115686     
 -0.19762523138815782      -0.15925560496411456      -0.96725483726179551     
 -0.58171105065567830       -6.3920668861189106E-002 -0.81088001679499733     
 -0.39730299385425488      -0.35983293268109656      -0.84419819452104061     
 -0.51820873779081322       0.15445636818348085      -0.84119137799011279     
 -0.15478174217392376      -0.48971185102503917      -0.85803549766618814     
   2.5320931685806854E-002  0.20040228332610371      -0.97938642795185815     
  0.77314892281751912       0.16728825803555536      -0.61176415543048346     
  0.27086700029285016       0.29268500761691302      -0.91704228608536786     
  0.10200957263914504       0.39888854938146218      -0.91130783616863598     
  0.34597273034727483       0.56655059379939088      -0.74787919781316725     
  0.47012804188749274       0.39837952017929057      -0.78757436609679365     
  0.42600265395724013       0.36090342455550906      -0.82962067052691779     
  0.32324000534877356       0.60249728857307772      -0.72973482594998096     
  0.82014729296189803       0.50903048897238268      -0.26124007951276751     
  0.99632683419648993        5.6527200411428474E-002   6.4323518822166401E-002
  0.53186092130693541      -0.82434269917157676       0.19386354662267458     
 -0.41535723131028190      -0.80149609700871283       0.43021201387005159     
  0.61465856558641652      -0.75306383021165535       0.23471198388289471     
  0.90160233376649568        8.8065858426173413E-002  0.42350635925157981     
  0.87514959815936333       0.21232122251579619      -0.43477911554141868     
  0.94359194680552272      -0.13499171108806948      -0.30234330794863146     
  0.28777982799183732       0.62739066643296804      -0.72357703271577967     
  0.49446892105575557      -0.54554237046762022      -0.67667127036295072     
  0.35939233825844263      -0.79058146622492087      -0.49580045629548980     
  0.12149027286721589      -0.85160896491550631      -0.50990419146565769     
 -0.21762766667203395      -0.81384444171107628      -0.53879070462930578     
 -0.12811157549815971      -0.63153980093127005      -0.76468614742465157     
 -0.77106472205167853       0.45290893570395840      -0.44758540008240072     
 -0.65963128385896208       0.74783964530341329       -7.4982893162874098E-002
 -0.54813615236674396       0.79770814222351438      -0.25141296366535071     
 -0.84987737316832579       0.33091564752508268       0.41012593773086459     
 -0.20224774357463945       0.60460463476619242       0.77042136901715719     
 -0.43517703195196678       0.78501998595533984       0.44086797628345298     
 -0.65155834372604760       0.56211492692349718       0.50940998581775043     
 -0.29875069240349328       0.92492189084213139      -0.23509044989007274     
 -0.51406266358572517       0.68041194947445371      -0.52228264083688392     
 -0.44001925021026256       0.69105430726361206      -0.57343439368149141     
 -0.84812077192954594       0.31518597455304737      -0.42585086317485787     
 -0.80394826978498513       0.22510831361098343      -0.55044838691105857     
 -0.81608121619779972       0.23258457069738087      -0.52907075712297180     
 -0.90744441012818644       0.30205417069181728      -0.29207519664431747     
 -0.54060637792025557       0.84042970558635288       -3.7718087438481041E-002
 -0.71675016269011216       0.63534358831093174       0.28741560339673872     
 -0.85041025843395635        8.7499331668448699E-002 -0.51879307947185915     
   2.3169228662505287E-003  0.93489342593466562      -0.35492099686073830     
  0.37257601698832610       0.73173127071374466       0.57075078539130530     
  0.43596731889259888       0.43656972745933487       0.78698117507581089     
  -3.5710472313958630E-002  0.46207492703103226       0.88612161917900145     
 -0.88843846230815382       0.45009146603904460       -8.9970944701006056E-002
 -0.25452836659455041       0.72981045235215969      -0.63450139025557328     
  0.43090605361018086       0.63685993107216154      -0.63931948285412921     
   4.1950059286030544E-002  0.75223902096523898      -0.65755353231754321     
 -0.47183248247467802       0.38509673173476777      -0.79314224177573367     
 -0.16551251324893862       0.93898834569454237      -0.30150703906861775     
  0.25252678820243518       0.96484976216947027       -7.2767834114727356E-002
  -6.0148304664864760E-002  0.77177507518343935       0.63304455986258912     
