 -0.46238518891186586       0.42090796883880927       0.78040785416536729     
 -0.47248203737510169       0.57193229114174593       0.67056258373641719     
 -0.65555725475768944       0.36131090057207937       0.66309812159469439     
 -0.62828800789228567      -0.65299155855624380       0.42291394348384792     
  0.55639016835108190      -0.78665959265249474       0.26757553298103487     
  0.92854361092810311      -0.13509984256283286       0.34576696653112871     
  0.98266524425800761       -7.1023956988966422E-002 -0.17124431453630420     
  0.59713051632323444       0.41127061248351965       0.68868834009512514     
  0.21954866314240465       0.35865851038556867       0.90728300846011856     
 -0.38218947111238849       0.20661914175422200       0.90068848023699144     
 -0.28033802380969886       0.27874725911655579       0.91853718375551208     
  -7.9020935511689247E-002  0.32936946220574315       0.94088864862809329     
  0.62107068943246846       0.23291318503399430       0.74834660884191040     
  0.22379998080350078       0.67341446916461090       0.70457541917961042     
 -0.24284791377004117       0.84337780817375463       0.47931071702769240     
 -0.24396286018833505       0.96782919951799173       -6.1552931767176786E-002
  0.65194157758004023       0.64631342960749583       0.39654902613863335     
  0.15952570977913100       0.14005812522744412       0.97720789470678215     
  0.82939973463398509        3.0145001836344096E-002  0.55784169712687559     
  0.37685493588410085      -0.57712478017310520       0.72450489674671814     
  0.59097474310300757      -0.79931497134659180       0.10883211656295186     
 -0.11183275697077080      -0.63960593074025340       0.76052461355976519     
 -0.37066196126319739      -0.89959251685179198      -0.23096106619248938     
 -0.82708748694146661      -0.32612904282527400      -0.45778394070866835     
 -0.92061708751205817       -1.9241665205485328E-002 -0.38999222620578161     
 -0.88525406369518456       0.37410308831186323      -0.27635506513677371     
 -0.87674573065945738        5.6705326986446772E-002  0.47759965416847078     
 -0.48173519956337491       0.65062226402854562       0.58704502983334950     
 -0.50354222246889835       0.81536221504281037       0.28570909763531810     
 -0.29135155529665502       0.95655428267824161       -1.0870856276089663E-002
   1.8640816199247009E-002  0.52318266473356201      -0.85201667782607837     
  0.14448812958214233       0.94482491449624850      -0.29398819934998988     
  0.16072461138870608       0.93113431000700475       0.32734766842272561     
  0.43071519043692996       0.89810791789008171        8.8806489346508199E-002
  0.44232061860089250       0.89475831275858619        6.1319100694320137E-002
  0.96016509424414265        4.3356045370125322E-002 -0.27604935269810482     
  0.78441373916948998       0.57464577853310816      -0.23340375964464516     
  0.60141180929318172       0.78869623443001236       0.12752288201995107     
  0.67679625354146145       0.66824357588205374      -0.30886462161383554     
  0.47328019117938752       0.87139868523130481       0.12911309776475427     
  0.28348389665453438       0.95152232795079872       0.11934043635205779     
  0.73216476292841404       0.33618366381755183       0.59238104637825950     
  0.96531462386846478      -0.17441785606289081      -0.19428352588976780     
  0.90140259280841828      -0.37541346335011144       0.21572690424189697     
  0.75154280190199696      -0.58000497186714806      -0.31428911772239687     
   9.3216346529232649E-002 -0.98749773944066099       0.12711776956567392     
  0.90015243607438222      -0.43076825051756812       -6.4531435559788686E-002
  0.27351307296813204      -0.96178199444232060       -1.2883869065087011E-002
  0.50634109497371116      -0.82514851242424303       0.25049676242395291     
  0.16059549107492260      -0.98611096678700372        4.2358581524898652E-002
  0.27533378891754523      -0.95496156476779359       0.11063324318027069     
 -0.14454160899973617      -0.98758558229160354       -6.1501552155449321E-002
 -0.51595189533816821      -0.55127736325479659      -0.65565761679383150     
 -0.80385709957652662      -0.11238919752502027      -0.58410823632278008     
 -0.70999706306845822       0.10655270813016277      -0.69609675392452630     
 -0.41922177139839689       -6.0887360767724857E-002 -0.90583985101359876     
 -0.44907415193783617      -0.37761767692855241      -0.80977607777238347     
 -0.44770027541687940      -0.36738165268937722      -0.81522707551878182     
 -0.92460072669867632      -0.38086174748543417        7.6043073729923950E-003
 -0.95055049397457336        3.0757147964274430E-002 -0.30904329187641050     
 -0.98205039792615745       0.10352145502231563      -0.15767157094152218     
 -0.84664245270263028      -0.25755796612703208      -0.46568277976124800     
 -0.33583115707921718        9.2957518140882017E-002 -0.93732402815459093     
 -0.48378212240302809       0.42036370965093423      -0.76762569632065458     
 -0.90697170668743499      -0.14975006661796053      -0.39367148844746058     
 -0.70123028253899411      -0.62435451398519159       0.34417659960635899     
 -0.99169528352422676      -0.11624276344879950        5.5028034506220180E-002
 -0.81165517061843195      -0.49287329661111529      -0.31351522689672934     
 -0.56359655229785588       0.27867966519297588      -0.77762238293785380     
 -0.77368250100448654       0.46776600999299539      -0.42732931976958421     
 -0.48444039518778992       0.53755025754264529      -0.69018636912515807     
  0.11043591484563868       0.66857813410820865      -0.73539593914066159     
  -2.5009204332940044E-002  0.84628175077960544      -0.53214822934600747     
  0.49520237050786692       0.74436405554238472      -0.44799192521734704     
  0.49284271911488131       0.80564184697349606      -0.32870544355184128     
  0.57323579931305801       0.19884826076113132      -0.79489627472916413     
  0.46152273710805203       0.42910167581003966      -0.77644607987248326     
  0.11444055068814948       0.38186991125631903      -0.91710344631092222     
 -0.15504496604086460       0.40747756638907850      -0.89995727198297726     
  0.21853899805120555       0.62242560217926335      -0.75154978283717788     
  0.58754460692405108       0.22392388541629291      -0.77759207069939973     
  0.80784444634372843       0.57551736213110805      -0.12714997600191189     
  0.82586408158657609       0.52626951673915179      -0.20245719176230306     
 -0.47826547053268581       0.37834885628273629      -0.79253661281086740     
 -0.33904415591357645       0.41812003591480029      -0.84274829926108907     
 -0.76573885674497633       0.51183881625122019      -0.38944194618640765     
 -0.44463408485996531       0.80952074467276469      -0.38337539634831724     
 -0.77228434153314518       0.34219236229660766      -0.53523946323916216     
 -0.96345784148583857       0.16976195542107847       0.20719523684455918     
 -0.49956978760346860      -0.34666634988999462       0.79388441801549581     
 -0.25272270880305547      -0.75456658659065057       0.60560754524375504     
  0.18966085655092269      -0.75096538856313644      -0.63251857259104138     
 -0.43968604033854058      -0.14805899573417350      -0.88586382684567344     
 -0.74301514738068852      -0.49769389093802791      -0.44746986679086637     
 -0.41298467280604234      -0.90277737094042687      -0.12015273007799468     
  0.44086471057819204      -0.88523673030563499      -0.14830454573155497     
  0.61998837117955208      -0.78259275103102255       -5.6240604867573360E-002
  0.58079983843958993      -0.80349106884100618       0.13066617757214272     
  0.46056986407875478       0.53079989686115592       0.71142594118761049     
  0.28006250591949006       0.86261176422531749       0.42126706137348185     
  0.70914402175399016       0.68881976608840334       0.15047287548435756     
  0.73255675538395237       0.48550665513529245       0.47712041243343889     
  0.44719598963703472       0.89117226126949489        7.6339685592560408E-002
  0.19340720794896851       0.89776616992800862       0.39573925259721299     
  0.37452143165558260       0.85980088342866490       0.34709672727638979     
 -0.33957944217658892       0.80744415832409622       0.48241033740930855     
  0.21075172410116730       0.69928074218033454       0.68307404752640866     
  0.28259969278015301       0.84343454907067372       0.45689777311177970     
 -0.46086496998143894       0.61484223839561181       0.63997851630246527     
 -0.36905099829610594       0.90913112323097334       0.19308537342190085     
 -0.26930928135254245       0.93725078313354904       0.22143504802300873     
 -0.41895921122378627       0.90696355323039113        4.3477493516622084E-002
 -0.97492293356890336       0.22235230640045897        9.2046422976773783E-003
 -0.88490564536748784       0.42862666956424211       0.18226677408405217     
 -0.52843383380980746       0.84897336182987337       -1.3835419530941750E-003
 -0.32513065557366855       0.94494075717398573        3.7108250264515981E-002
 -0.27413774269069668       0.92730290613282873       0.25486823715419360     
 -0.55633321346728382       0.73294843511091756       0.39150983009579576     
  -9.7056296544567086E-002  0.99521620923568543       -1.1170146625736680E-002
 -0.48167783634628109       0.76089928373051829      -0.43476285718904328     
 -0.19721217186405698       0.96986578131337842      -0.14306545881527494     
 -0.16591438649755089       0.94346960029911975      -0.28694516839383777     
  -1.0790185429719535E-002  0.98752447646337838       0.15709544959710042     
  0.12911783695099507       0.97638252116941326      -0.17322169764768500     
  0.38344253867074840       0.78675152126189096      -0.48372912185419281     
  0.61716921572054295       0.78207570886691158        8.6369813981612559E-002
  0.96874832373014974       0.23853076787883162        6.8042325395215125E-002
  0.60150196341024809       0.59504888500040132       0.53302177485862134     
  0.60738146619840649       0.78454996150681056       0.12477624941602319     
  0.80450356588043703       0.59391756451616051       -5.9949182533643591E-003
  0.40584115728996467       0.84602095134171906       0.34574774755663235     
  0.73490175823955117       0.58650408729643178       0.34048841583972272     
   6.7150230787686310E-002  0.97765427468098154       0.19920583752297985     
 -0.25343112675450147       0.91723944213579534       0.30731818980077896     
  0.24503842753790528       0.96138476104701909       0.12528172355298847     
  0.41867576375826543       0.84162773128738655      -0.34113540826126026     
  0.53681335552756604       0.63778205142646838      -0.55232732704938337     
  0.92250969385485193       0.38584649316615022        9.9170789683987286E-003
  0.44302597260207410       0.89180496931238928        9.1716325208578697E-002
 -0.50967567059592511       0.67352879946986288       0.53534070187809057     
 -0.71279946736074262      -0.10880162907200373       0.69287742411018560     
 -0.83467708405861962      -0.53647838970167616      -0.12451948735238266     
 -0.75038852690729430      -0.41085793237649204      -0.51779611633274858     
 -0.62633928527680693       -3.9291224331834088E-002 -0.77855975969058544     
  0.31263041383964918      -0.58685799912535286      -0.74690020297566528     
 -0.18936768054134784        6.6050698989916515E-002 -0.97968218659389172     
  -1.5864276707312171E-002 -0.38351090004542171      -0.92340008353417491     
  0.21680938065278504       -7.3747828713027777E-002 -0.97342434232001551     
  0.39102695645265451       -2.1273495810281311E-002 -0.92013333691558696     
  0.59237296636213821       0.37953540403192609      -0.71066669107937175     
  0.49775048252798121       0.79967706146566320      -0.33579912821334101     
  0.65689027904831565       0.69557455323991546      -0.29098316476551694     
  0.24736886341310715       0.47801220221288399      -0.84280067628670596     
  0.49565491849611210       0.57762978547033572      -0.64859080529110813     
  0.17009377945376514       0.74320121920562543      -0.64708581653628217     
  0.29828646296982353       0.91444968091326984      -0.27350862342276111     
 -0.20812092885894953       0.62330748468816255      -0.75377281624017656     
 -0.33267479477389694      -0.11092916895320561      -0.93649463447343595     
 -0.51384384397144889      -0.54061006618088192      -0.66611204789928025     
 -0.36499921563607668      -0.75002870653522513      -0.55157276216127060     
 -0.65297348845382308      -0.54433192556973942       0.52661976622802764     
 -0.17576675230345692      -0.95395783061992812      -0.24304424737825339     
 -0.45516553072124027      -0.83643079477709592       0.30529963182400627     
 -0.27237597941918068      -0.70378694984847145       0.65612137220068445     
 -0.30577733083213932      -0.86210367173383196       0.40407608582080567     
 -0.47877400444497281      -0.44709423446563734       0.75556746765282568     
   2.7752128948003885E-002 -0.99054747002859267       0.13433364790287933     
 -0.30066100270413493      -0.82918463399616538      -0.47122797476128681     
  -2.4354327534284806E-004 -0.84059258410908144      -0.54166783938826657     
 -0.25800247207356941      -0.82779760448821138      -0.49818254727316508     
 -0.26643798141570985      -0.28987776457121595      -0.91922885271645050     
  -9.4761756198119204E-003 -0.13056874979176436      -0.99139396996022122     
 -0.45221419981701405      -0.24684272314709141      -0.85707116828955399     
 -0.63128315162020154       0.17186838222714185      -0.75626902731184109     
 -0.92526092946330185       0.17065586810094194       0.33877542279728756     
 -0.53888389009181259       0.40746898022429301       0.73727415738960889     
 -0.54884260777638150       0.46932366895815902       0.69174206583450504     
 -0.62309195686804564       0.55373912638529976       0.55238518553313576     
 -0.64070587911769072       0.58929549466889952       0.49216541571613537     
 -0.77083631356991811       0.50230894426125050       0.39178706231461907     
 -0.74281574326212563       0.43493341285925818      -0.50897710944657160     
 -0.82305864478792001       0.42693557319993414      -0.37456706152092367     
 -0.87377425337441794      -0.13458399024521039      -0.46733896018810095     
 -0.95090409912415685      -0.12994544815698880      -0.28088356087923450     
 -0.99916613382405017        1.3059366647283964E-002  -3.8684492524884519E-002
 -0.84647520989857505       0.50959520623035526       0.15424799776414283     
 -0.77795281643044611       0.60194864122626646       0.18013119866869182     
 -0.56012416453715985       0.55024030860245055      -0.61927096096188849     
 -0.50382010912112241       0.79524368297316494      -0.33727256386565141     
 -0.96907376925613020       -1.7838237562569054E-002 -0.24612563259524933     
 -0.71786946932522766      -0.66792647249349035      -0.19631009233645513     
 -0.92059739863759804      -0.36929932163297130       0.12695842100134663     
 -0.53418558420997497       0.51057733750973955      -0.67376297319143430     
  0.19444786423673832       0.90135130099119543      -0.38698302326492801     
  0.76679696096538696       0.63944432039822330        5.5976618017827384E-002
  0.79726786190948140       0.59102900819470272      -0.12267301185997534     
  0.92630504950826276      -0.37562539420537722       -2.9402695175842541E-002
  0.88358027961184737      -0.46800971429844151       -1.5899585007811079E-002
  0.75771425231214706      -0.10418815673050169      -0.64421575565971267     
  0.99955321892082294        2.1835098895289475E-002  -2.0410561024427266E-002
