  0.78977311376028481      -0.57074845862841150      -0.22473234247593249     
  0.79091593487215039      -0.59801431887211565      -0.12973379817634142     
  0.48159765973696939      -0.82821100862160713       0.28658370388754084     
 -0.30611055905253293      -0.54250543582244526       0.78229417595919570     
 -0.17639996672033117      -0.67219849972000523       0.71904953147558492     
 -0.44393108747846044      -0.49602670923947134       0.74624573251126780     
 -0.12899876170364871      -0.72911344292391844       0.67212566297276277     
 -0.16708210704322848      -0.82321961773367014       0.54257997611819020     
 -0.23323312952479669      -0.95771756651987916       0.16846177629166609     
  0.12128472812019339      -0.77451178269170251      -0.62082325439416119     
   6.5995148246913979E-002 -0.85372588441896613      -0.51652372131484792     
  0.26632787991329526      -0.74356847419623084      -0.61333138233942985     
 -0.45333676064758116      -0.85063062413619894      -0.26629555521488940     
 -0.91647286978485609       0.33467927535095499      -0.21924247216012438     
 -0.95120658179955675      -0.30797850678867733       -1.8848822176235597E-002
 -0.95321710575917351      -0.10370526256759992      -0.28394078221333896     
 -0.99128227821684167        3.7774418408976163E-002 -0.12622415857166774     
 -0.69802722432099218       0.68762882352513988      -0.19981139898453312     
 -0.97284327857303166       0.21864833686014698        7.5953012603669323E-002
 -0.97864341844120284       0.11591806873537912       0.16976472213739596     
 -0.87200206180011108       0.41774928394290656      -0.25514297948714704     
 -0.71802272019479640       0.36688796843486610      -0.59146985713712508     
  0.29300610951910694       0.12929933699237539      -0.94732734640028093     
  0.64744481081837735       0.31865679772583722      -0.69229550208526147     
  0.69468687046561040       0.68910049179301269      -0.20627812344822577     
  0.60484457596797669       0.79203106260503398        8.2763728715560314E-002
  0.39927955422937522       0.87724720832602221      -0.26648296954708645     
  -4.0569860649712422E-002  0.96540994122868218       0.25756112242283030     
   8.1516953085257679E-002  0.96239272972032064       0.25914324251496851     
 -0.60432805178883919       0.79657192997318604        1.6148256869880667E-002
 -0.73272378432567764       0.47402427096531363      -0.48827947573013897     
 -0.94893215239609274       0.31344663677225848       -3.5762774572475786E-002
 -0.72212729985371493       0.44768815975874005       0.52735896163606877     
 -0.60448335733678171       0.60356578138101791       0.51991174082610647     
 -0.29072736657579312       0.29502552248915875       0.91018544231598075     
 -0.43267502579774353      -0.15100104874993148       0.88881438181847972     
 -0.24128759890785217        2.5730216922833560E-002  0.97011249376060460     
 -0.19637389581665615       -4.4656941474325612E-002  0.97951163883845549     
 -0.76844337527973683       0.42151894117442690       0.48147332347691829     
 -0.44497823706824202       0.88652564853971860       0.12675426232244563     
 -0.15243858213051120       0.65730767779860111       0.73804410124671904     
  0.26849419779940376       0.96002836390183777        7.9097447822488648E-002
  0.46585812658729187       0.63019671538979727      -0.62115079151889407     
  0.49245492408722746       0.86136523545196786      -0.12465183070079483     
  -3.6393743440141693E-002  0.76758556526699506      -0.63991241231296592     
 -0.28663401930971433       0.78254010748126113      -0.55269514124658436     
 -0.73890093162627879       0.53810936500066864      -0.40554127353505826     
 -0.80583401352200457        5.0164795454465505E-002 -0.59001274219127087     
 -0.61069882834410094       0.30017081341108831      -0.73276491717009862     
 -0.82658850174970933       0.43135786078783223      -0.36149943943488383     
 -0.82851717799875535        8.6541558914253247E-002 -0.55323579452318805     
 -0.77118916978226149       0.10065313196074241      -0.62859860915932875     
 -0.93609289334335655        6.4409564120331317E-002 -0.34580558567191610     
 -0.80038901637864457       0.57129916614689025      -0.18164439220713313     
 -0.83985294107336284      -0.14577634429699293      -0.52287311540546044     
 -0.96845441589057346        6.3353378955431097E-002 -0.24100289151169443     
 -0.47492321729298687       0.86575512920356923       0.15784800896372161     
 -0.58626651970787813       0.74519136531458108       0.31777570223386631     
 -0.66131401186697703       0.70879216466602990       0.24551465336400113     
 -0.57827923789460356       0.68877226399184432      -0.43724808904741225     
 -0.76864751004361143       0.38903696461021098      -0.50777085921767495     
 -0.42609778593416214       0.30186155207544973      -0.85283074534201164     
  -2.8044481933082177E-002  0.17572332865440596      -0.98404004938811673     
 -0.21324674840272179       0.64297995935865027      -0.73559676192792844     
 -0.26781504758239982       0.35841013529504806      -0.89432503890155601     
  0.12344040874417030       0.68025274402519686      -0.72250859492138719     
  -6.4841947000881070E-002  0.52504991647473820      -0.84859772985734128     
  0.38209944260087525       0.68956149636956232      -0.61522756658713873     
  0.50624682253899400       0.75252436323149408      -0.42121400429265893     
  0.48599697468039171       0.76727235833973495      -0.41844960118195618     
  0.66754015435010838       0.52183491997795239      -0.53111058982275039     
  0.88934879201013606       0.42719237762941292       0.16298895252568807     
  0.90971970572289695       0.26777449625910354       0.31734346719710071     
  0.94484865716034561       0.12750022987214188       0.30166986333556201     
  0.95526692517965983      -0.24741534966827664       0.16202082090382808     
  0.83683995441361414      -0.23366155675466199       0.49507693098355865     
  0.95847255827682609      -0.21425431653931323      -0.18821647875402017     
  0.41136170453124521       0.39653240100482656       0.82069702265730959     
  0.41101909693571581       0.87464360476239866       0.25702503108140690     
  0.94699533958684212       0.31310910372865663       -7.1850650401146854E-002
  0.87099423071907611       0.39827864100310234       0.28765113275429199     
  0.52512719608114855       0.82781839661625245       0.19737814002484294     
  0.43953908772932027       0.89820532326034375        5.7085571587590644E-003
  0.48784966203972996       0.82751921015546503       0.27787526710992677     
  0.76727628055578578      -0.31146363434012603       0.56060459664554907     
  0.91076076062859257       0.28264287505573787      -0.30104458486989077     
  0.52407511508462457       0.81160029510546072       0.25816706748498230     
  0.57809170217010220       0.81574656077778740       -1.9171136148901424E-002
   5.6889934133959652E-002  0.60840472811004842      -0.79158525896303944     
   2.8140506173713886E-002  0.62765655679551591      -0.77798159272818268     
 -0.15217387224892892       0.52420763543100612      -0.83788392248603882     
   5.3376351751361940E-002   6.2204287614351789E-002 -0.99663513467874243     
 -0.38991696581034274       0.77002982044389656      -0.50499389639919612     
 -0.46537543451014624       0.74895617862004604      -0.47168882482136892     
 -0.54446251901423859       0.16816412354527235      -0.82175506870412063     
   9.4050450341340436E-002 -0.43933467261545278      -0.89338656707412889     
  -6.7552687455373295E-002 -0.10909613301587462      -0.99173316379888754     
   9.8002352316474917E-002 -0.22218642126485000      -0.97006635502215488     
 -0.11698304538103714      -0.39725083852839216      -0.91022345519210746     
 -0.40341343062853197        3.4012018068705185E-002 -0.91438546938118326     
 -0.51660694550735797       0.46780594706677647      -0.71712959759204953     
  0.30204008889782752      -0.46234896722459540      -0.83366972909235659     
 -0.41209154633892470      -0.63142960086122291      -0.65686925380339056     
 -0.63857792486521403      -0.74469958811671888      -0.19401226078171430     
 -0.51213624442748951      -0.77043412060530414      -0.37966792457473103     
 -0.51627116913741178      -0.84851535875653938      -0.11612823029636668     
 -0.71777235153464658      -0.60054027292787515      -0.35235526385185600     
 -0.50545097944523731      -0.46673516036656282      -0.72572556621316886     
 -0.42688277185213391      -0.75780769602318021      -0.49345576797102703     
  0.25637674532046512       -7.8424966558005016E-004 -0.96657661331700451     
  0.86266017270261397       -3.5752306443828333E-002 -0.50451877964714908     
  0.93364209351769067       0.25815436716166462      -0.24833196316077272     
  0.88079117773076954       0.29203837967158230      -0.37272038585305534     
  0.38681467779552642       0.72571545859891362      -0.56895648180902447     
 -0.34174746871027351       0.93979154201009563       -7.2470436541993699E-004
 -0.13016322016317300       0.98012804931212383      -0.14968815273215813     
 -0.24548022651291956       0.96691897512519609       -6.9333642151755082E-002
 -0.36782228576815046       0.92582274918372165        8.6942528064216124E-002
  -5.8145474804539334E-002  0.99162832983863669      -0.11529249421021069     
 -0.33980983592808162       0.93397374051624127      -0.11055463550957295     
 -0.81885295449317930       0.54783633355395844      -0.17133356517603252     
 -0.94731945519314642       0.30878271489006104        8.5082811411548637E-002
 -0.96880772108880531       0.24292749021630416       -4.8967683791910993E-002
 -0.49411679703685174       0.86273826682615851       0.10738376897762611     
 -0.92772464072293193       0.37240961581830040       -2.5260028534527308E-002
 -0.87554946291016222      -0.46224378781243947      -0.14051269916467635     
 -0.30203269476983263      -0.82503343934488327       0.47759404859447829     
 -0.36145924376142113      -0.37140117728905520       0.85522416979864258     
  0.16994222069054243      -0.92981848766421538       0.32643103655231376     
  0.13235146732233943      -0.70208371009288051       0.69968675356896792     
 -0.50657079293415863      -0.59002903211826574       0.62869052243828938     
  0.17945846262577092      -0.80894619342595597       0.55982203987847279     
  0.24364281797425330      -0.70096957107666447       0.67028340101351280     
  0.59799776786604297      -0.53888881200084515       0.59329378719789438     
  0.81529805491277685      -0.29531213046597093       0.49807612596388368     
  0.90018520223636544      -0.27696587959736296       0.33609002248446884     
  0.95679993722363843       0.16295680376332250       0.24078820618156621     
  0.69479382026716174       0.48504073313950063       0.53103392972023544     
  0.19176852990098195       0.57322069189962743       0.79664475729009743     
  0.10169926771632226       0.88100674197534856       0.46204369873421902     
  -7.4618152818964528E-002  0.95166953577797608      -0.29792150970024212     
 -0.45723258260362265       0.88350198996195328      -0.10179685230354626     
 -0.48887572337700369       0.63027313714840327       0.60312212667236864     
 -0.44419101165796915       0.70847364009831681       0.54841539588906418     
 -0.48443361824491799       0.39655369394253326       0.77978794382494820     
 -0.68366607673931123       0.72918330191947545        2.9873193966487521E-002
 -0.93543442679319422        4.2159732675432007E-002 -0.35097719314911485     
 -0.97340494787657383       0.10940421111975487       0.20127972088300977     
 -0.81167759463492317       0.51920295078024492       0.26759629718810246     
 -0.94176407162536702       0.13803251414066958      -0.30663897083647385     
 -0.81120520884329550      -0.30493674387587227      -0.49895860688028804     
 -0.74071619623911156      -0.54721911738840068      -0.38973164381887848     
 -0.91370941059660182      -0.36431884745021781      -0.18001913892628363     
 -0.67066228362249047      -0.73688132622725411        8.4958886432595804E-002
 -0.87520551703035010      -0.35144767059534499       0.33241515878904448     
 -0.97168486844112201        2.1813184060763255E-002  0.23527154830901809     
 -0.88985081410844558       0.17115720789663630      -0.42293112774491948     
 -0.92602924637819506       0.32280907065650905      -0.19561221524776096     
 -0.80960282677365747       -4.1186082396018148E-002 -0.58553135654462807     
 -0.69589578064545221      -0.59083667101855242      -0.40821696517859973     
 -0.58261100327808879      -0.37639140481533279      -0.72034292475215922     
 -0.82288380111069914       0.11067274460422993      -0.55732736651936210     
 -0.19386832555681599      -0.41842523740926846      -0.88731921710556438     
  0.23267200451620335      -0.31322031341570400      -0.92073708167871260     
 -0.19066463440139725       0.48345013927557079      -0.85435528910579051     
 -0.12528989416648473        3.9970174037915918E-002 -0.99131469655559679     
 -0.23556044569122825       0.26282938823510316      -0.93564522609040857     
   7.8463388351225294E-002   1.2176326059628206E-002 -0.99684263240100723     
  -4.8376290862216426E-002 -0.33755532390180143      -0.94006177338939412     
  0.26511745788674357       0.10275910388403059      -0.95872483022642174     
  0.34241982939427607       -3.5243416578206732E-002 -0.93888580883170014     
 -0.26828071007424165       0.21072383897519478      -0.94001112987541446     
 -0.67123076852890629       0.61191499161727214      -0.41834112685003300     
 -0.80565659514306409       0.55927392326991543      -0.19526937663869631     
   6.8740550429434166E-003  0.97653769015097103      -0.21523681627898200     
   4.4435642457388833E-002  0.99468777788336260       -9.2853100157779145E-002
 -0.40451848106649035       0.91414677525150456        2.6466427280795346E-002
 -0.61221611318877556       0.63623627868971366      -0.46946227583390976     
 -0.24447899010283877       0.92575050748463317      -0.28847187261551122     
 -0.12553548835364808       0.83822324835835293      -0.53068128577839691     
 -0.18452380762408227       0.79285196699043303      -0.58080695834274187     
  0.13165582430173237       0.61784189566644709      -0.77520199682843327     
   4.3495639422355514E-002  0.54953331650924908      -0.83433881810546917     
  0.14017128112918670       0.82547384045828842      -0.54675858536074351     
 -0.26741898334637199       0.60320045250327703      -0.75142285129337261     
   1.6318078854245743E-002  0.88705187206958280      -0.46138129194886723     
  0.42280618490173361       0.53491079300215905      -0.73150897023801376     
  0.68624349403419993       0.72555186579304598       -5.1423311251000137E-002
  0.36804597406478190       0.88542938662586268       0.28382558424865889     
  0.50279763783927178       0.69335849048248510       0.51618653513931456     
  0.12632206282907291       0.81762387247006219       0.56172407782619604     
  0.87664287103532024      -0.19430521821465935       0.44016219605678097     
  0.89798836905493196      -0.37416043446595204       0.23156178078936679     
  0.86977240200372952       -5.1692530615310039E-002 -0.49073806759945937     
  0.95996567603744754      -0.25104437174288219       0.12426835577162545     
  0.71892689426490519      -0.18002031197757934       0.67136935287380006     
  0.66308319851318387       0.42672409932500555       0.61500180073298427     
  0.46770322689990718       0.68179778640525401       0.56249930666655912     
  0.25276922704221905       0.93939322553598736       0.23162056402146472     
  -5.6700400527284450E-002  0.75098113674251799       0.65788478994199839     
