  0.45804576532105518       0.85193679809575062       0.25376715493120144     
  0.31136772300498744       0.90434060018574036      -0.29192159893782466     
  0.12657627101629784       0.66954074604800196       0.73191094881628260     
 -0.17620925643176466       0.22451347758149240       0.95840700974693394     
 -0.61665597173327047      -0.54038645381204053       0.57246649951081097     
   5.1424423398488656E-002 -0.95084825356284708       0.30535737648640088     
 -0.23678772346697977      -0.97103088775445001        3.2102788697559823E-002
  0.52006788685095562      -0.50505787185142903       0.68880036233097786     
  0.62563137998486040      -0.17740669239705240       0.75967903872032072     
  0.25506284918000377       0.26882177744627150       0.92880449769520701     
  0.47587200677062824       0.26004901539282316       0.84019065858014996     
  0.33479552247143202        5.2618063994783644E-002  0.94082054477703914     
  0.38503218196200667      -0.35738814547021325       0.85089595858185074     
  0.59918709170798645      -0.27106147663373081       0.75332629385658056     
  0.91519620109095223       0.31943034015065391       0.24572377031934195     
  0.90780743722831159      -0.15571247963180629      -0.38940888613374375     
  0.60950353942752611      -0.32587149142371125       0.72271239542618793     
  0.13902837934621493       0.32080448079250778       0.93688611625951612     
  -9.6327170261712447E-003 -0.14632173372566021       0.98919015411711464     
 -0.18573384136639215      -0.78007152339443697       0.59748753841431890     
  0.34773390073659866      -0.68830626371786030       0.63664403052672103     
  0.43691023179699051      -0.77174376534317879       0.46208333664507917     
  0.93429145999785645      -0.34280163546061870        9.7910706772010553E-002
  0.82675748855596831       0.31392591945635440      -0.46682177778050071     
  0.80782087459862262       0.36625983238876136      -0.46182157782122024     
  0.75973268198528010       0.41014359620971741      -0.50456761926592253     
  0.29625124599997010      -0.31215807258591050      -0.90265859380110358     
  -6.3603744697453654E-002 -0.52480808111868105      -0.84884099904105981     
 -0.32727131039352753      -0.20535196658515983      -0.92234703838248233     
  -7.7037571329051147E-002  0.32935190571527528      -0.94105926211130730     
   4.9976052784326319E-002  0.64773927204700654      -0.76022117149957447     
 -0.66278845946132359       -4.8071324097015616E-002 -0.74726207304029857     
 -0.23954669972396747        8.5025737591899742E-003 -0.97084761156985466     
 -0.54463937463797230      -0.13819918479130289      -0.82720549860177262     
 -0.44816771023968693       0.36627108897918137      -0.81546992150326825     
  0.37708237473709216       0.91623727413749412      -0.13534452387804574     
  0.24757428482064239       0.57117698852858045      -0.78260067804149569     
 -0.40034379025448119       0.81207487554257607      -0.42456948326185301     
  0.23993568650231151       0.77009810348785179      -0.59108356206811330     
  -7.1612204976129967E-002  0.70040158859163026      -0.71014738385551401     
 -0.41124190784659792       0.75531631102668695      -0.51027185257250174     
 -0.79224583180977204       0.55898852601780247       0.24470057163910505     
  0.19327261360585557       0.70674112257055821       0.68056056490052586     
 -0.51600762115450238       0.41300210531244447       0.75044346617051894     
  -4.0033521586511842E-003  0.26776415667708797       0.96347616969520378     
  0.64276305284583946      -0.35015657088164504       0.68135602570516030     
  0.12822631402185020      -0.63839506015301373       0.75895306809092078     
  0.45323149237253157      -0.74552417691656780       0.48864600269996084     
  0.35808722564153550      -0.92385031764029091      -0.13518183838179515     
  0.33158180195489201      -0.58932087210594675       0.73671868329276724     
  0.42031199719346385      -0.67144040791400283       0.61033237144653052     
  0.11377969779472819      -0.55255569146717609       0.82567329386203370     
 -0.56418739806938234      -0.13910274581377766       0.81384458342286903     
 -0.69253488545427977      -0.14932425658505558       0.70576036926435526     
 -0.48327961651563162       0.58722665082010594       0.64931169158353863     
 -0.91194235798794854       0.30018328885807277       0.27973403224802479     
 -0.77437635170509100       0.14498094008634443       0.61589105605749850     
 -0.89467174615631628      -0.38837454276239158       0.22074347366059313     
 -0.58005059803186299       0.25946792573510868       0.77215134477484459     
 -0.98479852424722325       0.17015391383181841       -3.4921515548704748E-002
 -0.84933543539269674       0.47024496509542063       0.23978947222247254     
 -0.85840424937200810      -0.13078129163104882       0.49602257853789039     
 -0.87146421906640525      -0.47850055175620015      -0.10764449292008227     
 -0.82583030506896282      -0.56323785840218055       -2.7702384234459303E-002
 -0.81546611058913876      -0.27668281086964563       0.50839123187751711     
 -0.33805167941753028       0.18493835080185472       0.92277780014783528     
 -0.89470805169976642       0.27912127175019641       0.34869588165075205     
 -0.72061701126166522      -0.13255898543654632       0.68054334061865096     
 -0.69995291220940736      -0.58726060922690071      -0.40643683093448285     
 -0.83565500513853297       -3.8645030731671547E-002 -0.54789348781193814     
 -0.86703200938669134      -0.15599878446129881      -0.47320172648196257     
 -0.55598992999551911      -0.14677659033067678      -0.81812702575728657     
 -0.47806937629612756       0.21322297516960645      -0.85204790611074743     
   8.0158782090744923E-002  0.20761437398335195      -0.97492094108665606     
  0.51502218428398150        8.2470859928952700E-002 -0.85320027365089668     
  0.63164297655583934      -0.75395947540355945      -0.18047786461774362     
  0.43923803321964577      -0.78918248251840839      -0.42925628645304459     
  0.51055605345259913      -0.74712954122298236      -0.42559366174196145     
  0.11514579362081043      -0.89249451220683240      -0.43611350803677701     
  0.40678657376595850      -0.58604287177799896      -0.70076988793897554     
  0.80914792282876158      -0.27953387796322060      -0.51685631470728488     
  0.89778556510065322       -7.3772121594645940E-002 -0.43421049408365575     
  0.91076601553935155      -0.19139573756367106      -0.36588650778760856     
 -0.48390725564133874      -0.15129204161666912      -0.86194227537646739     
 -0.45684391259415758       -8.6287704234301363E-002 -0.88535194788493132     
 -0.11288412278385643       0.38820536349148449      -0.91463313442044936     
   3.8510302336620880E-002  0.35705517960148508      -0.93328910597613490     
 -0.65029840117649573       0.25783544761898686      -0.71458580407000649     
 -0.66120291676703402       0.62823528818534913      -0.41003795621558492     
 -0.83304021626078029       0.13858327539725998       0.53557321989844775     
 -0.84061280125886129        1.3246461056101042E-002  0.54147451429333959     
 -0.36711601030927932      -0.36465332313484705      -0.85571828828261820     
 -0.12756107003233400        2.7693892918669520E-002 -0.99144400835714097     
 -0.56482747929410959       0.18034897647814541      -0.80526030904147095     
 -0.92905079250576184      -0.32525730463553332      -0.17627339766870223     
 -0.38488171219076239      -0.89398266755123457      -0.22947997241400897     
 -0.27567147996776348      -0.94833584977249374      -0.15704888146280135     
 -0.43409367410851241      -0.88263236342404028       0.18034076947684247     
 -0.15530404019690500       0.20574921406011099       0.96620283378397276     
  -5.7795683597148123E-003  0.58899776632275558       0.80811399434513631     
  0.83929515956617506       0.10202640933745843       0.53401708486390154     
  0.81435883003529852      -0.39109508812856680       0.42879403912045316     
  0.78766955472796019      -0.42353162059619615       0.44743450795599671     
  0.37466425377071999      -0.56455353628526284       0.73546312049908980     
  0.35307690470284070      -0.20470780077187184       0.91292464950216590     
  0.19455776780694606       0.38133642946950935       0.90373104546953831     
  0.63549054160942109       0.39619188800914074       0.66270940796153188     
  0.85678236869949087       0.50522950690544732       0.10328174106669968     
  0.74566733620327241       0.43466076051577746      -0.50502499639858711     
  0.84459562008865863       0.16090669508503133      -0.51065377116389898     
  0.73275386080950833      -0.10541029830835892      -0.67228003724588670     
  0.35459796056430620      -0.21120708904546642      -0.91085226678129338     
  0.92141567150788684      -0.16025661602493893      -0.35399290574803449     
  0.79068103152633284       -5.1457266889286840E-002 -0.61006201001925553     
  0.59991454465913019      -0.30262266482120886      -0.74062275271755174     
  0.49993313487375135      -0.78198644772517500      -0.37224193239003467     
  0.17436050155263655      -0.69995832301870287      -0.69257256770333042     
   6.7685739138305612E-002 -0.66205242548781529      -0.74639481953120435     
  0.15903762617485395      -0.48485055810068367      -0.86001567995598727     
 -0.16651405128250329      -0.70458000477251748      -0.68981163196939255     
  0.32984034894942460      -0.69419803264865132      -0.63976123332977486     
  0.25161846329986592      -0.14777202077122537      -0.95647873933705996     
  0.29374629805367070      -0.60816481274709222      -0.73746096365573843     
  0.28130559931121862      -0.95938395790832121       -2.1203327670706262E-002
  0.45245873821553145      -0.56844742327612752      -0.68713071331671016     
 -0.14765874643650478      -0.58740258304333237      -0.79571043730419344     
 -0.48090803520071218      -0.82778906340658043      -0.28895108268334507     
 -0.28982860819369805      -0.94982694908152088      -0.11759313190415840     
 -0.18962083390219883      -0.83312250012712619      -0.51956793505002707     
 -0.26690975338969147      -0.68339723902233840      -0.67950525917177973     
  0.14159758956414809      -0.90901301417059144      -0.39197635476927273     
  0.42126111613474737      -0.58967290836405928      -0.68907541907575243     
  0.21439910180274463      -0.94166983642469193      -0.25940498128243961     
 -0.62404219752386569      -0.69788002327076959      -0.35147518949314721     
  -1.5038785895105718E-002 -0.99304376997082500      -0.11678144476340002     
  0.20106199769623020      -0.84433006319342130       0.49666972675037907     
  0.22518962694986153      -0.77567351708607624       0.58959327235437176     
 -0.53403905239296312      -0.84230341840322043        7.2987956989697178E-002
 -0.44114242336694176      -0.34635017096226201       0.82790997178461945     
 -0.23067483769057398      -0.95698810543629587      -0.17596273841334709     
  0.25382707504027463      -0.83749420998825574      -0.48391658807349464     
  0.18111651340563539      -0.41609333711598939      -0.89110220703321585     
 -0.21534476957497875      -0.75795920421658169      -0.61573084619834484     
   1.0757291886278636E-002 -0.24694632302548711      -0.96896944957799602     
  0.40013345466369893       0.49835180515148414      -0.76911552887794610     
 -0.12516966237519409       0.62163994706845060      -0.77323756493697948     
  0.15753709435621144       0.85887755809377475      -0.48735141746453625     
 -0.50171155406139456       0.85384031610675926      -0.13871636930114079     
 -0.31694905819687352       0.93844116405581812       0.13737349130637500     
  -7.0456123577399526E-002  0.91095044589720331       0.40645444980980233     
  0.33169976238148763       0.90300230954463345      -0.27306060974287727     
   3.0101968611172036E-002  0.98265768437090995       0.18296925105757267     
 -0.49254490701393500       0.84799884161650585       0.19569741743754987     
 -0.26109796811392372       0.88289069925534147       0.39029714861277021     
  -6.2083129114890237E-002  0.97809548421184833       0.19868293546179261     
  0.26723600751809279       0.40340372781876388       0.87512876119332206     
 -0.19142089617141941       0.28110017605909771       0.94039392359187135     
   1.7418138194721239E-002 -0.23418377896192408       0.97203629877334219     
  0.30452572468073341      -0.38950006688418848       0.86922596653857087     
   4.6869685952484835E-002  -6.1941861179600044E-002  0.99697865492315718     
 -0.15560089907729269      -0.78747235575612096       0.59638548701852079     
  -6.8847559403008407E-002 -0.75549164352468823       0.65153080520314832     
  0.23303931095336045      -0.95955575158780193       0.15794125219592448     
 -0.49226112759939311      -0.86125696516133554      -0.12615634037075499     
  -2.9105967402616562E-002 -0.36882769693983031       0.92904196494650582     
 -0.44958629114539977      -0.61050210895769352       0.65204243862828692     
 -0.72845891552867603      -0.38041866522243717       0.56976244833899958     
 -0.35587831237039252      -0.68469031103083433       0.63604229793696487     
 -0.21832674548937092      -0.96081898489072737       0.17076390273600614     
 -0.34270803902649993      -0.92068169147100831       0.18680584299417871     
 -0.22417389721715764      -0.86673614789595343       0.44554967594763062     
  0.27994386579101505      -0.84923612864747677       0.44769345517427239     
  0.38705043983635312      -0.87643867299836220       0.28643884075905246     
  0.36481533452510317      -0.72887945149696654      -0.57934835537949370     
  -7.3963578516020867E-002 -0.72697224464467203      -0.68267176927821727     
 -0.26366294909526933      -0.24150149725223705      -0.93389446732453463     
  0.26521289936240877      -0.33457905915257202      -0.90427814923754268     
   8.0796202013659890E-003 -0.56959244632006700      -0.82188756215957071     
   7.9169986128956565E-002 -0.67623999224073650      -0.73241490030627932     
   2.1173819506961872E-002 -0.49577058995353707      -0.86819536482558957     
 -0.98428253392786791        6.5153354295482691E-003 -0.17648071795193648     
 -0.99397265561227599        8.3822314784324017E-003 -0.10930735606821390     
 -0.82148281990144223        7.8662127962045372E-002 -0.56478159161865782     
 -0.71644469155001489       0.24609626882764171      -0.65279677574185557     
 -0.64593294304397397      -0.23545202166199988      -0.72617696093023276     
 -0.90817655049499035      -0.27130400523038545      -0.31876243485865396     
 -0.94670935300059078      -0.31550493867770835        6.4792241906062920E-002
 -0.88985998890355866      -0.43853588800098037      -0.12583908408669289     
 -0.69647432670849596       0.15948543047593089      -0.69963412559844951     
 -0.80071357766772888       0.24103454912360872      -0.54841600329253326     
 -0.99429797766218719      -0.10206371635915340       -3.0895459534827585E-002
 -0.94547147113717556      -0.10032317443118020      -0.30986925942693283     
 -0.99474975264020415       -8.9020730648349478E-002   5.0480086540456298E-002
 -0.88716522281695287       0.16972598165397157       0.42910483401583205     
 -0.62084782937734051       0.39718448246616428       0.67586423166605147     
 -0.50488743360500377       0.28642383544782241       0.81427886247601911     
 -0.37687231631361939       -9.1067731070920116E-002  0.92177759006934679     
   8.2484414711760434E-002  -5.9925840844362033E-002  0.99478903036213040     
 -0.27545042731838515      -0.77104761032729197       0.57411901614452410     
   1.6653298514283377E-003 -0.73724083063536938       0.67562799255258110     
