   7.2726243341896465E-002   6.6971615461848863E-002 -0.99510084727723558     
 -0.58412349039589151       -5.0450873939828444E-002 -0.81009533839324221     
  0.11068014838866704       0.70026347029700964      -0.70525242071212113     
  0.19429133002006896       0.95299384582589286      -0.23249432013930477     
   8.7677042231399854E-002  0.84139983895772086       0.53325326747005897     
  0.55090278359741596       0.39680806709359162       0.73419989166037491     
  0.45851275402031527       0.45293243258860411       0.76460333893471077     
  0.93987778910294550       0.17431198064772116       0.29367511803628366     
  0.96864181637145486       -6.7435315718222588E-002  0.23913491959696723     
  0.79114158772565124      -0.33466772437552234      -0.51194970693642061     
  0.89701702675269956      -0.37053979779069074      -0.24095790497306366     
  0.91188598656359754       0.21330145841506293      -0.35066570312334144     
  0.97424912121604745       -6.7764849842206487E-002 -0.21505016841568261     
  0.90331307599592392      -0.41024820543621832      -0.12538698764692752     
  0.47792481640374618      -0.87798327344432558        2.7078430852972415E-002
  0.31376973429584359      -0.49675617640199293       0.80918592118649102     
  0.59444720890130920      -0.78716748262839464      -0.16431637204482466     
  0.39971120154911671      -0.58607868116161810      -0.70479978351588901     
  0.58287648361568412      -0.52031769889245405      -0.62411897669202976     
  0.78895952524768875      -0.55776318531993063       0.25776558463600818     
  0.81609576679423868      -0.56186877136665481       0.13524490076705389     
  0.13359469326747864      -0.69817564014606914       0.70335142954103147     
 -0.21673497563228836      -0.91789822731924930       0.33239854786362455     
 -0.74724343580675667      -0.50100124443339134      -0.43660623073880084     
 -0.63509914285312263      -0.56288104540326922      -0.52897448659926805     
 -0.77580672907130566      -0.35178319161623783      -0.52380578960531099     
 -0.82320989153327306      -0.18122895827632490      -0.53803488656770770     
 -0.84727577101788842      -0.53027445772607518        3.0541239814305333E-002
 -0.81064026500849740      -0.56422127229254126       0.15657814866566089     
 -0.88871204215416411       0.19210846392157691       0.41627544272981937     
 -0.55836603103769900       0.24742500356802086       0.79183852078100336     
  -8.7846923336215802E-003 -0.67920516897761773       0.73389588336134581     
 -0.49753849504319714      -0.15741598971548965       0.85303906835039689     
 -0.67619615315047410      -0.29201219947334700       0.67637832447770607     
 -0.71792157374921017       -8.6873445193424714E-002  0.69068199517991713     
 -0.11006342264444484       0.69845299973174446       0.70714174686661213     
 -0.14721105290088013       0.85028964743411395       0.50530824391674645     
  -2.1703649737780273E-002  0.10703475173210492       0.99401836678693278     
  0.52218796443845461       0.38362882871778742       0.76167489887240836     
  0.36564613131580925       0.18293899403320130       0.91259861446090063     
  0.42608374991388004      -0.21499599129849464       0.87876581737397574     
  0.29543218214213340      -0.81753833223669969       0.49431862303416663     
  0.43544436022301619      -0.68343274086267691      -0.58592482270932467     
  0.15052589526078172      -0.79070927526505264      -0.59339767177317260     
  0.10957129935188842      -0.59367178648104857      -0.79721260670838645     
 -0.22475548972491760       0.33370266024185963      -0.91549303896099954     
 -0.52715850994549840       0.70273086734248003      -0.47777948205856502     
 -0.17737207225762514       0.87569954776926029      -0.44909848588005791     
  0.29610392530242208       0.91936974121380366      -0.25900143698629213     
  0.40491642158223218       0.91239386572824344        5.9834148397934939E-002
  0.47555602161642541       0.84995120848418049      -0.22678054039239309     
 -0.21812172714915259       0.94323121233161689      -0.25047513295516671     
 -0.53382660861966613       0.82058704848285768       0.20412262929865160     
 -0.68488533454783718       0.72067578638514063      -0.10751041549295658     
 -0.94693171901458251       0.25249553242353329      -0.19891285938876413     
 -0.85087190111374322       0.51444338040671422       0.10660683022584844     
 -0.94514602717168827       0.32207451821653610        5.4470102232248699E-002
 -0.85417924284494828       0.47669600791853889       0.20769866905542095     
 -0.85260617379099068       0.23135486044518305      -0.46854844035796261     
 -0.83802768987730658      -0.44649627059198893       0.31360910596849934     
 -0.78437464170030557      -0.50862112884685484      -0.35505065659437068     
 -0.95400534694929917        8.6198132761507479E-002  0.28713007487994668     
 -0.88720169867081888       0.38573542510501224       0.25314289975169696     
 -0.70045408005826315       0.67154942177312660       0.24163082552927140     
 -0.77108208962161850       0.54342909521034211      -0.33183916216093645     
 -0.96457494642155928       0.23901663849356530       0.11165222460426935     
 -0.94389272343895558       0.25072069163376753       0.21495502186667767     
 -0.96633080159804252      -0.17934079601066691      -0.18450382318314448     
 -0.87524745503542101       0.41164661917737028       0.25394675302887199     
 -0.86656876661557802       0.39518037409655671       0.30478032196210847     
 -0.75391989161896922       0.61316132795552303      -0.23587705043326074     
 -0.42111634247633517       0.90691647060611913       -1.2788332286928883E-002
 -0.36503021043792894       0.88180706247031271       0.29861220679197814     
 -0.29878511194863266       0.41337141118143694       0.86014622785650141     
 -0.26219263861367109        1.5910766950441441E-003  0.96501424276110082     
   4.1213164774765762E-002  0.38841442970935258       0.92056271152101343     
 -0.22806525667745561       0.26524929902493644       0.93681857798800572     
 -0.21620464988088109       -2.0898048920014234E-002  0.97612438803736146     
 -0.32131638339948809      -0.18002263783734085       0.92970298032499787     
 -0.17477436685361719      -0.58339827714807679       0.79315847780353921     
  0.66800188956320516      -0.69187484640184915       0.27401217574490366     
  0.56206306370985004      -0.81345085239812009      -0.14960890062398335     
  0.53035113525901467      -0.69686735157708157      -0.48280800287008485     
  -8.3992510633123546E-002 -0.89834884009797977       0.43117817622439347     
 -0.20376502438630631      -0.89924979034657582       0.38707832463016445     
 -0.49437930633794064      -0.70587852045602695       0.50727173765511235     
  -4.3204991322201763E-002 -0.80024495330510248       0.59811482462367127     
  0.26184304857110174      -0.35846131368718576       0.89607126084068778     
 -0.17520947238109461       0.19743782374579397       0.96453094638921932     
 -0.55638614259159425       0.71532281758913263       0.42278567498015451     
 -0.69732051928168060       0.56597953152943070       0.43978547415580743     
  0.73253723861866471       0.34879641069714989       0.58457699058529111     
  0.78918202263494985       0.37728666237289510       0.48460964656659139     
  0.21824296698288306       0.35227267587050437       0.91009558245140643     
 -0.12773905051396561       0.18727458980973130       0.97396661286997843     
  0.76011196184439311       -2.5510029528315787E-002  0.64929118572069799     
  0.71622003301633297       0.22317391680439841       0.66122784814640401     
  0.57736067854002626       0.50050384090382116       0.64509731988000307     
 -0.28996238768396937       0.95430065017579546        7.2333137652696389E-002
 -0.76980229723114391       0.40645344486236590      -0.49213821263670321     
  -4.6694811440800607E-002  0.64883789456938745      -0.75949258136951059     
 -0.27803188323902461       0.28499772275216328      -0.91731923010947081     
 -0.42548485999078717      -0.46483299741402889      -0.77646179457441455     
 -0.57253029569879499      -0.65855218428238893      -0.48838312940146966     
 -0.44372273885108787       -8.9505280591705011E-002 -0.89168320370675336     
 -0.78329654366094592      -0.14037141879366347      -0.60559259364254991     
 -0.79957008761948289      -0.57497934029649578      -0.17345441250192847     
 -0.45691860110606264      -0.88842099343663594        4.3971927230288733E-002
 -0.16427510853480437      -0.65217421839414857       0.74005572599493774     
  -3.8931948601442640E-002 -0.82189064403503664       0.56831335777528114     
  0.18794886226182439      -0.41605476187477114       0.88970425439909084     
  0.56457929104704296      -0.59000804631032044       0.57718344519740339     
  0.67050383450595052      -0.66656133887399460       0.32576155302822118     
  0.29221149063312729      -0.89254630137453261       0.34347277132926246     
  0.61739743877776765      -0.68123246370062418       0.39337352858449459     
  0.22774079908409398      -0.85100587320145560      -0.47320516925448974     
  0.16164065489269552      -0.66629895346390777      -0.72795467118412616     
  0.33725896317315485      -0.21762995571143315      -0.91591134622103387     
  0.37406214362200280      -0.44708241166182144      -0.81252374112489778     
  0.57197535638498909      -0.54293694562692518      -0.61486881914893021     
  0.17039793652556851      -0.48422095339231341      -0.85819264243154447     
 -0.32814035836030930      -0.75942280648094895      -0.56178368275678614     
 -0.30096914354967802      -0.54474196425150867      -0.78273479992547590     
   4.8514142842816195E-002 -0.27318071492397239      -0.96073860905963893     
  0.66640153443689576      -0.67745744978715783      -0.31138464738651467     
  0.98475340140826462      -0.10692937412420730      -0.13721095934459465     
  0.60630730783337139       0.39263174673226986      -0.69154302825337499     
  -2.3078840562758135E-003   6.0052670257096250E-002 -0.99819254178049865     
  0.13921926478782984      -0.38158936597842119      -0.91378747643208225     
   4.7683417901535873E-002 -0.29359740881840862      -0.95473915452984137     
   4.2474050817968331E-002  -2.7001992359086610E-002 -0.99873262058262557     
  0.52824244127119468      -0.39763175164228354      -0.75023257282377509     
  0.60551704500335313      -0.33341331779442185      -0.72262346192730031     
  0.70084591899645343       0.33789803637698335      -0.62820372080931308     
  0.99166160075317267        1.3742509874846298E-002 -0.12813435532319745     
  0.78443547627468613       0.11975367723822281      -0.60853926771386924     
  0.80135164589069796      -0.22119074759151180      -0.55579689888323369     
  0.91408322270008335      -0.36516581855934949      -0.17636832746886902     
  0.70436867888081112      -0.56171774308114519      -0.43397919456995038     
  0.45539276847894816      -0.65618104743323447       0.60170080555584493     
  0.16893639073705749      -0.82863941588372170       0.53368269067740515     
  0.45156542737354266      -0.11108127143449809       0.88529634356945808     
  0.70303661074591950      -0.22081061215310696       0.67600458394268859     
  0.86310052158917205        8.1748428054645897E-002  0.49837203386939111     
  0.85387395461239590       0.21208662829881136       0.47530888034148966     
  0.49701066382767223       0.83553584414327720       0.23422265730158537     
  0.20203649704112400       0.32481336543994493       0.92394671464048594     
  0.33505040193589608       0.78430429213262853       0.52211876570854920     
  0.30441949372611171       0.93671250789139315       0.17291168092233039     
  0.49913553651892889       0.72382749767851473       0.47637954383923936     
  0.32867715234628558       0.52817011344900133       0.78294805752670316     
  0.17755463001158869       0.85452894774840404       0.48811333809013374     
  0.70219652059588678       0.60157960767872265       0.38081757061376775     
  0.97290296020685507      -0.19865110264541033      -0.11831132421946919     
  0.79452232452117566      -0.26057898754696912      -0.54848233069670316     
   5.0393574800216362E-002 -0.73240452059111061      -0.67900228706286858     
  0.38397406094929248      -0.91114697577489379      -0.14958311754477960     
 -0.44720824176992868      -0.86686220381156143       0.22035132878212665     
   4.4013840699785450E-002 -0.98246715441462185      -0.18116586964249098     
 -0.47878881911531213      -0.67566727938480986      -0.56056667244758929     
 -0.45806719194233919      -0.25756314499395772      -0.85078532780423244     
 -0.23999611646699906      -0.73652261080123116      -0.63240517697070198     
 -0.39098171571945584      -0.88827608431313476      -0.24103712579281616     
 -0.77854368171224431      -0.58805739436814752      -0.21922188895037914     
 -0.87614941715036321       0.18747334598114648       0.44409001719668945     
 -0.96474055991232832       0.15004704303902058      -0.21624416046516429     
 -0.99108480701948132       -9.1834098081518031E-002  -9.6526699543674016E-002
 -0.96290345782384867      -0.26711228300554496        3.8313955401054638E-002
 -0.97673384293368837       0.13264424145094977       0.16851262646445533     
 -0.85157434920811492       0.45808039543122792       0.25491857345516289     
 -0.84535604627793881       0.43088172572858796       0.31577538449754039     
 -0.85920374082505535      -0.18019225647494985       0.47885246418781485     
 -0.95104579664898370       0.11082705930587196       0.28849481035531704     
 -0.89876844842509307      -0.41662263069369376       0.13653153375511687     
 -0.77262175653445664      -0.22735313864963327      -0.59276147958165193     
 -0.13324077391082090      -0.13666561298388447      -0.98161571217836918     
 -0.58864126891034307      -0.56259742303689331      -0.58050460474312970     
 -0.78665377824889260      -0.42155536783375991      -0.45107305951183307     
 -0.82435473231975476       0.16547235522153234      -0.54134847830167110     
 -0.88472890427905870      -0.36929280752059496      -0.28438985257347632     
 -0.73421370411633802       0.66673167104579467       0.12805903135784125     
 -0.49950211560813385       0.82611529340100687       0.26082783308548568     
 -0.27020349192966259       0.92106601673506472       0.28040589466854987     
 -0.66214719732821392       0.70563534162781416      -0.25226940701606781     
 -0.39033600630422066       0.79936899250794891       0.45677895748309644     
  -3.0380322072494956E-002  0.98074700709303309       0.19290501317716147     
 -0.28049497894800773       0.91670461185130037       0.28456145451474735     
 -0.75904665977553210       0.64036797832494141       0.11737555375658847     
 -0.81003316157741623       0.24440727161910331      -0.53302097775289947     
 -0.33198447866085273       0.21595234420258341      -0.91823248197922291     
 -0.12480568664336843       0.21576956218768217      -0.96843535489718602     
 -0.31721409353443580      -0.15485694033247382      -0.93562521711101365     
 -0.75318550755485447      -0.18984033246032198      -0.62981921166374188     
 -0.46462496571404660      -0.40801189438727331      -0.78590707801478721     
 -0.76045286119930822      -0.29959712805708932      -0.57615363120763607     
 -0.63923120204870199      -0.52502510254656776      -0.56190044671940476     
 -0.74912986206366117      -0.63194475104046843      -0.19862094903844552     
 -0.44343899803580511      -0.89267135753803051        8.0620732149291385E-002
  0.15712400107292374      -0.98036470801305386      -0.11915153196404528     
 -0.49280455113994859      -0.81823010945960384      -0.29604587879171118     
