 -0.65465926253599405      -0.42810016945766072       0.62301805341917660     
  0.10375684162892253      -0.82694249453117408       0.55263064387869787     
  0.19050720088128101        4.3839061298667374E-002  0.98070645104276088     
  0.41976369182825618       0.62042794248024291       0.66247083800909834     
  0.28660695279434728       0.95780848539344576        2.1432683412754096E-002
 -0.15227715789875337       0.97515013226570568      -0.16091577525057962     
 -0.22543667956139557       0.92235744377087248      -0.31374360460227835     
 -0.68404603287879806       0.70682200641756743       0.18023228386342119     
 -0.57808697804831966       0.81496963325694893       -4.0496205748865609E-002
   7.9882695896584657E-002  0.93623685781077748       0.34216852715137780     
 -0.30798528509443512       0.93752338444130900      -0.16184859527052978     
   9.3351912658637709E-002  0.99472217039242705       -4.2581969574009129E-002
  -1.0661719432301963E-002  0.52948834405239509      -0.84825021146557555     
 -0.32764121869925333       0.17265524916277503      -0.92889256469509851     
 -0.88599125988993410       0.19515271375524468      -0.42063631050188588     
 -0.88748665514965386      -0.45686962646096158       -6.0312364808080290E-002
 -0.94093425053928159       0.23074123138684335      -0.24779269622048394     
 -0.80350810182010413       0.59063325685481449       -7.4344375756003292E-002
 -0.76299922377570351       0.56522965122143598      -0.31360425044600149     
 -0.74271455947237353       0.11314038919454254      -0.65998055689596136     
 -0.44098641103066144       0.23153151214941003      -0.86713559733651124     
   8.0482862550484993E-002 -0.56604808993249889      -0.82043407335353047     
 -0.25767883041704537      -0.48551905116480532      -0.83538785681318628     
 -0.67488131210428537      -0.68549490861282170      -0.27318847859735035     
 -0.70834939005240738      -0.39131425820515353      -0.58746429077667739     
 -0.56852245043462590      -0.78826684669704106      -0.23540943428456940     
 -0.27223601395665264      -0.94892046407407615       0.15949139652817010     
  0.38466831391534662      -0.90605420467545783       0.17634076800186402     
  0.75564896828796424      -0.65244116083479831        5.7577498850738824E-002
  0.48220503171356077      -0.73956944501251642       0.46959061254889178     
  0.37292489400556572      -0.39304676896177471       0.84050060133215998     
  0.90825205400894082      -0.39217337284556630       0.14587066881150093     
  0.93024257695039547      -0.32488812620738361       0.17057682573612856     
  0.95916955955093419      -0.26879692011578971       -8.7988475195139804E-002
  0.79600597988383703      -0.52184861152780426       0.30667328973307151     
  0.55102408835690131      -0.22743335136854181       0.80289882596486994     
  0.27214143011116354       0.12726470472805876       0.95380434940692882     
  0.92654590833089523       0.29161979655573178       0.23763538038794918     
  0.62779088479181810       0.74720123175646813       0.21810301289523196     
  0.93420978911830288      -0.22064944932354139       0.28029607637069875     
  0.94093887699424905      -0.19101795268024979       0.27954636737883110     
  0.75769017887179479      -0.55603598519186614      -0.34165710297455465     
   8.6660326738549273E-002  -8.4930443732393529E-002 -0.99261110587029200     
  -1.0608652648543271E-002   5.7937346700358591E-002 -0.99826385307010745     
 -0.22555928590924626        2.9305184837853104E-003 -0.97422503591396858     
  0.54530541924849352       0.49277919567964529      -0.67809340362783321     
  0.64938465699144254       0.75942983834119038        3.9571301484911101E-002
  0.96802773628585725       0.13372044812474360      -0.21222898844081922     
  0.96229347796998199       0.26892221955027734        4.0891344910581884E-002
  0.99731467090224801        7.0824152011088493E-002   1.8638312559086712E-002
  0.87643793038981843       0.29510957675314264      -0.38048244622140404     
  0.19915635819839536       0.85353340971824609      -0.48147426045834718     
  -7.3234612570032276E-002  0.99561809268285872        5.8148990053503241E-002
 -0.36283836336422071       0.92077073206916749      -0.14328147485281051     
 -0.59957363151142840       0.77722243733692697       0.19088410959589172     
 -0.28615899253196758       0.88460128648846237       0.36823035580469676     
 -0.44912196899569240       0.87339882483456932       0.18831874506554330     
 -0.46786826645693735       0.83642791394055094       0.28546038258167938     
 -0.68093903557585989       0.61055195779848015       0.40441109858344015     
  0.25613979696238504       0.40241942947956394       0.87889192008427530     
  -2.7630264461749432E-002  0.23926002363821980       0.97056231617266220     
 -0.51922522938057702       0.85297125904405369       -5.3340345138370895E-002
 -0.48276745898947016       0.83459460505393579       0.26530628668720052     
 -0.46567940776847422       0.86501756906750471      -0.18678140802820301     
 -0.67771223015841464       0.68878025816623667       0.25746434520960904     
 -0.69083240887617925       0.64822825681991314       0.32023539764766196     
 -0.55622808714893268       0.82681138538045273        8.3625642430584984E-002
  0.40509554894348265       0.90546184922564399       0.12663504974183276     
 -0.15356762327639772       0.97959462912986750       0.12965858113216328     
 -0.25998219089905622       0.69595613424999314       0.66936859772116875     
 -0.19292739101395118       0.51327324993334678       0.83625928556844487     
   7.0336795291799259E-002  0.52875043859967619       0.84585797206666080     
  -8.4754258167598906E-003  0.83857081284259383       0.54472668284727521     
   3.4429856463172794E-002  0.90742347110816723       0.41880452369332688     
 -0.36093338310805190       0.61211673180112702       0.70359093201044076     
 -0.36442463903325140       0.61506280986982909       0.69920842556467799     
 -0.36623498261985693       0.66395515534396221       0.65194745892415218     
 -0.77316830373086987       0.61659573050931671       0.14839298913260854     
 -0.81314229862338250       0.52688630288992133       0.24736698651296468     
 -0.84952940216397521        7.1713183318757645E-002  0.52264425204652520     
 -0.70355635067867739      -0.44475252675267241       0.55425955234607693     
 -0.32705653391982581      -0.93683289441518325       0.12400867535005826     
  0.30134066536514120      -0.93302057788164139      -0.19663774980071835     
 -0.43820628587962956      -0.85143958631620664       0.28814212095650077     
 -0.83933675342134095      -0.48955260050788302      -0.23633041634987395     
 -0.96898152768902468       -3.0373998823964576E-003 -0.24711449411034386     
 -0.97999131677959905      -0.19844755878221226       -1.5348793112775094E-002
 -0.92627995562671150       0.22313780400461264      -0.30366916904446006     
 -0.66525827019804351       0.48187324051509894      -0.57028906179989580     
  0.17874411523022563       0.41217060212573298      -0.89340132975830788     
  0.26055349923926358       0.70791436507016714      -0.65648238800555581     
 -0.46054733249374569       0.85697556021292631       0.23127698487024501     
 -0.70817660231022617       0.46138238311541002       0.53442697956892293     
 -0.81631252711413005       0.57751387733225357       -1.0563122892278509E-002
 -0.70799902262430270       0.25130023300271731      -0.65998907328519507     
 -0.95838815757194440      -0.27258371858654445        8.4795375979172749E-002
 -0.80640883317359768      -0.54369075599439642      -0.23260514961174905     
 -0.45579741748110747      -0.56042590652170510       0.69149947036633930     
  0.25924778507687674        9.0325064646090303E-002  0.96157785364963599     
  0.92987338636486849      -0.17208695864605472       0.32514852605289263     
  0.76024997944335815      -0.64204876717950321       -9.8961352657027338E-002
  0.84947790499764475      -0.46123889744282859      -0.25621469201927560     
  0.47065541805620098        6.3871361434803819E-003 -0.88229398838836481     
  0.29266641131376131       -5.9691735639851237E-002 -0.95434965729813170     
  0.25282027113830513      -0.55339163252273671      -0.79362435166483714     
  0.69379583487007812      -0.13505563044502564      -0.70739473860220037     
  0.78042538508449222       0.20355389686280248      -0.59118696652387792     
  0.88284260952116722       0.16934143619066508      -0.43807808071479137     
  0.61031844274829417       0.29460596041301745       0.73533579168327046     
  0.81865415260558649        4.9613026429787120E-002  0.57213977840223784     
  0.92924025525626597       0.14235093610566918       0.34095272253076991     
  0.82332965023032600       0.56737587798375333       -1.4591097759434180E-002
  0.98711329591315444       -4.2313871165002549E-002  0.15432717627993459     
  0.98860222389146957        2.4843986231821533E-002 -0.14848710134202475     
  0.99861296500340224        4.6769377411161966E-002  -2.4182048376335752E-002
  0.74821996632383148      -0.19525423324727720       0.63406834520687783     
  0.83174130815659975      -0.55105958800066157       -6.7377494599627996E-002
  0.33888316919380224      -0.92188073486783129      -0.18786726249332103     
  0.46679283493359014      -0.75024909979547205      -0.46822082131275211     
  0.52848018273769015      -0.83738265315123728       0.13963877919464218     
  0.32718351280459890      -0.86308390039453609       0.38475593540395997     
 -0.33151668371064325      -0.18789993617484185       0.92454870202007566     
 -0.72360662127862629      -0.54682038556931611       0.42116614722405959     
 -0.82560408910596528      -0.45098152536338054       0.33910699171859010     
 -0.92571340502124932       -8.4605087939656279E-002  0.36864165643438129     
 -0.96209322833749678      -0.26810173939853132       -4.9980769488173739E-002
 -0.69335698698964143      -0.71708864072086265        7.0992745698349416E-002
 -0.29162199170275260      -0.51213885892886091      -0.80788019107440134     
 -0.54570429753438843      -0.10423764068459214      -0.83146938242908586     
 -0.16278874032309718      -0.71404527291741871      -0.68091054790503158     
 -0.49838103218420010      -0.80445725267417734      -0.32321026496542143     
 -0.82686895396838056      -0.21769935531489157      -0.51855059893781608     
 -0.39852953719761630      -0.79399342305163723      -0.45907368921762326     
 -0.47433452582900293      -0.80930564159680740       0.34645509966838345     
 -0.63477675575010284      -0.64825406919127382      -0.42050580511621238     
 -0.79846260489334497      -0.31923311672458216      -0.51043871892064474     
 -0.58038305190694839       -1.4425905683211207E-003 -0.81434233095896180     
 -0.43142730861208689       0.87405739246383019      -0.22336998917293685     
 -0.75205950610969297       0.63730549703117090      -0.16807201648090800     
 -0.48238194300127540       0.31302975510347458      -0.81811981609433282     
  -4.6964600541109264E-002  0.47927052630578815      -0.87640977225875494     
   9.2701566890553172E-002  0.96456411096531480      -0.24702731697878483     
 -0.33000819455483293       0.93719919861229384      -0.11292587678297270     
 -0.52891940018325889       0.84855761071846181       -1.3937338396533834E-002
 -0.19198324129202693       0.87741094426885768       0.43965039513264181     
   1.7675201743832795E-002  0.79949033396113922       0.60041884809362933     
   1.5263555839773509E-002  0.99985886059878981        7.0201670378943716E-003
 -0.21821288712534320       0.76976458784619173       0.59987133219591160     
  0.61951634298312075       0.62260960124011133       0.47807612910548603     
  0.76446960813629472       0.60817650101139631       0.21379326896220358     
  0.81404803316154750       0.57188316233171110      -0.10136788617375560     
  0.97309674730969431       0.22650509877641120        4.2168241647325605E-002
  0.47020503428020172       0.83781710518080887       0.27743417958866301     
 -0.51230895203444804       0.63992627228455956       0.57274244098496763     
 -0.85541680222697170       0.51441199285755357        6.0352266503664397E-002
 -0.86229876140640160       0.30092435543976781      -0.40729028760847669     
 -0.57307832192127761       0.34851080877219476      -0.74170172786160327     
 -0.55326310008040858       0.21075757603739664      -0.80590395596019859     
 -0.31869261743380556       0.71099548110291411      -0.62683366329869317     
   5.8565048549388862E-002  0.33992956187550361      -0.93862560590024646     
   6.4324250686776094E-002  0.18464272791557465      -0.98069845202363504     
  0.58588563876313704       0.63363113675854588      -0.50522232811034573     
  0.82905104088988635       0.54343351203142909      -0.13173606036560565     
  0.85904329031906257       0.35891897918712307      -0.36499560509293560     
  0.78471889841872910       0.61153536216190163      -0.10119659722567631     
  0.87175042981224360       0.31680875762587890      -0.37374242362047883     
  0.84892227615824489       0.29337177646150459      -0.43961798168206118     
  0.82661785947634647       0.33670525193193235      -0.45092403763409350     
  0.62285106217640829       0.77999686847573291       -6.0509829894250688E-002
  0.36755797803398982       0.91018421221531631      -0.19096029068271303     
  0.49003864505725825       0.73954565809651085      -0.46144809669249864     
  0.72554522200665761       0.47273938467244869      -0.50010159468139359     
  0.57763253817226667       0.17821004757787159      -0.79660644598634800     
  0.54608072068241142       0.34486746868213358      -0.76345417383355019     
  0.55873312399601938       0.54855638051238509      -0.62201542870644699     
  0.35569756420721049      -0.10084848637142990      -0.92914413608100332     
 -0.22056829796823496       0.27163033531598935      -0.93678524052614676     
 -0.33068955278315659       0.40658747131033257      -0.85166369410327059     
 -0.15161656646715962       0.73103535750157156      -0.66528168684800992     
  -9.9809116299848594E-002  0.65334087805730345      -0.75045575310126411     
  0.27635858256156770       0.60054218467007658      -0.75031661202209521     
   1.8623368186419798E-002  0.86604249998259919      -0.49962341656630749     
 -0.17908858807260522       0.95248815600883441       0.24636069143656780     
 -0.62194633454065984       0.78282119103860370        1.9332351444826902E-002
 -0.89982338292605057       0.41985275010715845       0.11849703695460267     
 -0.75960828213499476       0.46261848838115321      -0.45714263848378217     
 -0.48224100246571577       0.45331214680618548      -0.74963438628365109     
 -0.45045488455982452       0.44998251168878822      -0.77110708474924261     
 -0.57263580728883112      -0.37770944566276859      -0.72761515024623447     
 -0.75556200164251219      -0.54088556575490954      -0.36955225128794544     
 -0.45953193979101703       0.23474718999895244      -0.85657699776466489     
 -0.55644989800980649       0.13858262165012164      -0.81924255747702446     
 -0.13477855382882242      -0.70213101652417176      -0.69917578409337988     
  0.24333360462284914      -0.69124243079960634      -0.68042094230227257     
 -0.11371936185590358      -0.85717839996006551      -0.50230777157137740     
  -8.0218676128242933E-002 -0.92149339860833812      -0.38001957886616022     
 -0.63508926181718828      -0.75707260811601140      -0.15330588887897201     
 -0.36884364585885676      -0.90818694749791662      -0.19786569511676055     
 -0.65503476166881658      -0.73757038231049354       0.16407130201194245     
 -0.75207524884699306      -0.62243424501162026      -0.21669894025727029     
