  0.21866127926308185       0.64694657392558896       0.73051172162878286     
  0.26229480516652443       0.90410150135330458       0.33734538744940540     
 -0.20520696499243535       0.84472521486528840      -0.49429688739606958     
 -0.21133789351830345       0.73742499890145852      -0.64151435350930386     
 -0.32568824940374391       0.22707085195144960      -0.91780498603700611     
 -0.65644825020511832      -0.32236033381214785      -0.68202603321808841     
 -0.40089325507179163      -0.41875774981640601      -0.81481687820434967     
 -0.81134464031649101      -0.12142558271917468      -0.57181789276920736     
 -0.68589157833021352      -0.40636910446617758      -0.60366952358977599     
 -0.76806473176775925       -7.4700988599537527E-002 -0.63600025952575190     
 -0.53608388157026665       0.22820831616359785      -0.81273306586749039     
 -0.51347752787629830      -0.28475639180058576      -0.80947799580643953     
  -8.9446068874651535E-002 -0.98790387266080359      -0.12667019832879128     
 -0.43891052562960658      -0.83151087636479393       0.34051022448471230     
 -0.76207422419250703      -0.37646118428004893       0.52680153146311715     
 -0.88901620981995833       -1.2081394869510369E-002  0.45771630796314244     
 -0.92995817693362948      -0.32783199471671626      -0.16644510324547673     
 -0.72239204182269723      -0.67737386937662869       0.13897618140169038     
 -0.72635308621007855        9.1380729195653862E-002  0.68122004997269670     
 -0.58218670080769008        4.7213361999961206E-002  0.81168315484021214     
 -0.45463431604955529      -0.43115624115021206       0.77936636724163388     
  0.36635609177342959      -0.18881568734872087       0.91111571725634688     
  0.53530848589741287      -0.28754461713385704       0.79420584112908976     
 -0.24793850616738169        9.4538844215130605E-002  0.96415190924148131     
 -0.68820303459607157      -0.44474613893631038       0.57321676098489927     
 -0.87537647360696580       0.25146036449984138       0.41289673592935155     
 -0.50154893203002726       0.71382387753230570       0.48877821212116196     
  0.40124164349382685       0.91303977450572471       -7.3236013661004851E-002
  0.73692844661938772       0.67340979021005809       -5.8785363930290442E-002
   6.1915084025123260E-002  0.91370012945383983      -0.40164486279080447     
 -0.33878104679076759       0.65638293702259454      -0.67408370572283050     
  0.22521133351943221       0.70411835575574244      -0.67342200464662372     
  0.12304572460687108       0.36791295209942487      -0.92168313933451684     
   2.8038972708537724E-002  0.61022006165943765      -0.79173562024064748     
  0.11544411767397246       0.52305128015548630      -0.84444657262743361     
 -0.26452324492530160       0.84778149596244590      -0.45966725791371810     
 -0.50770260981722626       0.82706081484204608      -0.24126431260680936     
 -0.98001940918169950       0.18401596637680603       -7.5498885724387288E-002
 -0.90873726377266384      -0.32999946505473665       0.25553265641523060     
 -0.97852838588121549       -4.4485548352634283E-003 -0.20606408805185608     
 -0.89753326937923861      -0.15878184228024453      -0.41136645089210561     
 -0.86746520582043973       0.37573943155111911      -0.32607360559937504     
 -0.38193452218959850      -0.14540065817416803      -0.91267993807379355     
 -0.86747834786270084      -0.30952526917252104      -0.38945529105810539     
 -0.83404351871537130       -9.9773226913184299E-002 -0.54260179881775039     
 -0.98786836553736901      -0.10639270125063441       0.11312243584346765     
 -0.59766572631656423      -0.37000019204392393       0.71126333904819528     
 -0.99907148531022805       -2.9089084528896459E-002   3.1780377614297667E-002
 -0.91929927635536846        9.9119402044697838E-002  0.38087292451788929     
 -0.92373639214624148       0.12777929503277519       0.36108659568804080     
 -0.96691425383174823       0.22896016453268539      -0.11249030533425217     
 -0.75362050312900208      -0.65716974431294928       -1.3567034431348293E-002
  -5.6931506119577022E-002 -0.92646221608335355       0.37205720767223649     
 -0.15027682556033642      -0.93043948612913485       0.33421435988191667     
  0.33439281161058271      -0.94160098170177919        3.9611094423076462E-002
  0.28144179461720359      -0.91949790265301712       0.27443418748283294     
  -5.1511015913868828E-002 -0.97423313592557059       0.21958235836285056     
  0.30002357443683059      -0.94484876321996358       0.13132657546702825     
   6.7063939013585497E-002 -0.98715401619476484       0.14501509023042247     
  0.21535856119482910       0.21958040312004379       0.95152779081104699     
  0.68929065264186296       -9.1889409287531532E-002  0.71863393507500017     
 -0.18225778033174658      -0.52929259179669608       0.82863227898608804     
 -0.60003417000854953      -0.42206263638876440       0.67957495965254677     
 -0.69307777178885133      -0.46513788320657318       0.55071766982580905     
  0.22159757277137931      -0.51440738295748867       0.82841991773539625     
  0.29850925398775641      -0.47102560004490401       0.83007656838753319     
  0.13153406006261900      -0.50075454058112712       0.85553707174549964     
  0.71036383209447429       0.26268741407392682       0.65297668299815681     
  0.53320297123808169        5.7073919474785476E-002  0.84405992629594906     
  0.81873299902511398      -0.36802581764137143       0.44071904185866806     
  0.84421652762846677      -0.29646456407529148       0.44655035183798214     
  0.90039341062228051      -0.41559510280489353       0.12873389853713912     
  0.82720955145208352      -0.28161384738094336       0.48622834034002299     
  0.86820926232388984      -0.34845155851508042       0.35326220882439913     
  0.76343633622802076      -0.63730421017583327      -0.10492046615861375     
  0.66166594979732274      -0.74454456616140219       -8.8609028199543097E-002
  0.39349578048944467      -0.86148155961337858      -0.32095263386232037     
  0.20187483868203518      -0.97931616848319369        1.3652532900794614E-002
  0.33816328219545327      -0.93248041677931859      -0.12698766435331602     
 -0.24950425141108767      -0.47974657547481281      -0.84118419614734552     
  -1.8437402883421591E-002 -0.32468152483759516      -0.94564368004239052     
 -0.45844467619388685       0.30672665888914397      -0.83411464175870342     
 -0.83376420304778354       0.50543231852063242      -0.22220581700520184     
  -7.0381847143012669E-002  0.52634769415170368      -0.84735146217727897     
 -0.23967063610065489      -0.43601935199327652      -0.86743594050424988     
 -0.21560849500111273      -0.82839787440569013      -0.51698156501321713     
  -5.6206509504568916E-002 -0.85769092730883845      -0.51108424110070028     
 -0.34472483269550136      -0.92700811694290663       0.14771845126799402     
 -0.33709310477813204      -0.69252461993636805       0.63779141534914063     
 -0.27082541557577178       -9.1879354481806369E-002  0.95823367635366707     
  0.25793862688483621      -0.17952094190625889       0.94933655579981824     
  0.73744288693942928      -0.66603165663671937      -0.11215980055363495     
  0.81172119331889481      -0.37736314258879061      -0.44576424591093089     
  0.56139584926726149      -0.79592799921563562      -0.22656857789667328     
 -0.32618979868153258      -0.91654881583799985       0.23138384434118936     
  0.11851523454630186      -0.80543482988418214      -0.58071410693209979     
 -0.21352517217000150      -0.77928083757742594      -0.58917601532519326     
 -0.48338735911263886        7.1490287930715046E-002 -0.87248254984369111     
  -7.0435828581665680E-002  0.75399325219020474      -0.65309491630519267     
 -0.53585499715099938       0.84346924730955564        3.7670291629474495E-002
 -0.20762068706254644       0.95407265793993767       0.21596067622407977     
 -0.63307846481793384       0.60218454783371944       0.48640048081192644     
 -0.86127413425982802       0.42669452596486401       0.27593232352631769     
 -0.94180537392684571       0.31234484624246850       0.12427121415810208     
 -0.59183204717456517       0.80473993497535135       -4.6135290105268151E-002
 -0.66587858628553642       0.70149362101030810       0.25399292905173732     
 -0.95238554153962807       0.29873772582290448        6.0971726533318060E-002
 -0.92343456841807381       0.19241425134843443      -0.33203215767237448     
 -0.72634491161015269      -0.65275430891779362       0.21525538684860060     
 -0.85126986295451412      -0.42001188307738530       0.31453082281272449     
 -0.66839353556272796      -0.69703509304489286      -0.25960000131335964     
  -3.1527864787742332E-003 -0.77002117205435372      -0.63801054421186065     
 -0.16577817713260989      -0.60697927547762975      -0.77723468471709656     
 -0.58881520752349314      -0.53221820865516323      -0.60830948518411598     
 -0.64369263177315206      -0.66668098299320300      -0.37576091163952402     
 -0.10921649885994872      -0.64251719747250413      -0.75844802546309342     
 -0.19487774219546344      -0.52384812405617898      -0.82922000007215346     
 -0.68093838033784204        1.8144032204228694E-002 -0.73211591724144220     
 -0.34201667381322981      -0.16032557905124248      -0.92591592681823165     
 -0.88251708524121242      -0.37663046388459714      -0.28162579415151845     
 -0.64557498102736288       0.10173363551807713      -0.75689048829786509     
 -0.97401555162901032       0.14533124594482294      -0.17370242985342588     
 -0.87788779774240833       0.21807716323764434      -0.42632776762628555     
 -0.90341283725965815       0.16167913353852748      -0.39712101839703340     
 -0.87654818730296369      -0.34326880003344756      -0.33738673100684763     
 -0.99079189596350570      -0.10575992842707307        8.4535533547498556E-002
 -0.97725408830604266        7.7223322390840482E-002 -0.19751203853964655     
 -0.50967651464236541       0.81167976939222264       0.28531702084076327     
 -0.43375957468146276       0.89984295627074939       -4.6209148683718337E-002
  0.13561122040584819       0.95146331203134504      -0.27627370985745925     
  0.42697095206971486       0.67770314864197179      -0.59867708191439384     
  0.79761603666712377       0.58301879425056091      -0.15458895045282445     
  0.84192642062786227       0.15987501264850651      -0.51536383514899631     
  0.35357566487656006       0.22593886016081993      -0.90770913880846671     
  0.57032967937149848       0.60230012553654377      -0.55853255554781767     
  0.14788399953838816       0.81518781402730356      -0.55999924155486536     
  0.80852808593784198       0.57885004162357756      -0.10590072503115724     
  0.33598936358327447       0.89460634450339283       0.29460250496770224     
  0.48867082092145464       0.61844250485597918      -0.61541018594712782     
  0.20592142308638023       0.37646435677405143      -0.90325575314682316     
  0.35179402148104899       0.60810913264175470      -0.71164896490330332     
  0.51803717046280051       0.63875943382835421      -0.56887949138124561     
 -0.17979051679301333       0.66282529300642279      -0.72686862707254174     
 -0.83504620135532348       0.54963976894408173       -2.4371417627364389E-002
 -0.81709099678975095       0.55971821628424068       0.13812248667312457     
 -0.64299435034438757       0.76417178981059930       -5.0987656181883563E-002
 -0.39011267670313893       0.81453900275513857       0.42934637819155125     
 -0.48143492280918221        9.1114359804246731E-002  0.87173309478146765     
 -0.34107863922250575       0.57528744498245976       0.74344449524609091     
  0.12691532544511769        1.9966175932876626E-002  0.99171258537231677     
 -0.37849317317905495        7.4916384732947011E-002  0.92256731632734068     
 -0.23225739123833275       0.13392101763054640       0.96339071266646836     
 -0.48071272785292968      -0.14767378398568898       0.86435393607224009     
 -0.34518925444662207      -0.46646386938268958       0.81440520453591148     
 -0.65751833167214546      -0.22876755617919037       0.71786840629387294     
 -0.55978510839109774      -0.23170701360035389       0.79558311462223841     
 -0.51169313840916375       0.15727972466635223       0.84464976192141228     
 -0.37466842793101007       0.46768474416301342       0.80055889801370761     
 -0.68628170412633094       0.32682732693773214       0.64977020626389470     
 -0.99795124090680609       -1.2368893524464228E-002   6.2772057841170015E-002
 -0.82293503177749594       0.15784530408101030      -0.54576807661589910     
 -0.57187437712700329       0.75479371992057820      -0.32131936940389211     
 -0.68272769033665526       0.40875073152627933      -0.60564489622581053     
 -0.74797630590993291       0.26666269771548573      -0.60780132563570122     
 -0.52677979094322147      -0.39017034741500012      -0.75516233476777672     
 -0.53669562298241846      -0.53150447430438197      -0.65533258889355428     
 -0.45826604095997248      -0.56397695778727031      -0.68696595751752210     
 -0.20885794671209545      -0.84209038404205006      -0.49725460601099591     
 -0.69603018669924543      -0.61631504911232904      -0.36837174082866347     
 -0.64034120818964357      -0.69538670232383082      -0.32619085107570317     
 -0.15311886088525486      -0.67794675198444876      -0.71898735448894846     
  0.16821740499487237      -0.55380560099369769      -0.81547670780031722     
  -1.1247330862629986E-002 -0.83159794518766461      -0.55526422098687234     
  0.39638733530188830      -0.58676100140307141      -0.70610807079712878     
  0.79639440424795405       -3.1372532750078563E-002 -0.60396334083406944     
  0.89366037430960821       -9.9775331453651646E-003 -0.44863301731059224     
  0.77526721636258877       0.62806695100674570        6.7027220489920186E-002
  0.47353317319372140       0.11548537216113566       0.87317206935515790     
  0.32986257929018392      -0.44131989397619953       0.83452227649412292     
  0.26657726135782533      -0.46442911754474120       0.84453665314395587     
  0.50831207580212734      -0.61202298317663362       0.60584379311614922     
  0.26448702420236642        1.6956087833506332E-002  0.96424016983014338     
  0.52788868104697884       -7.1916969438593562E-002  0.84626325096230959     
  0.45910540841540792       0.11516925543472790       0.88088493378327914     
 -0.15202046892318030       0.48997864917710005       0.85837678229260173     
  0.42142173211586942       0.11757715851252008       0.89921039556748272     
  0.67534662828537528       0.18337910985991698       0.71433817882750061     
  0.71024559988477731       0.55554219558864637       0.43234714844079403     
  0.38642054362128136       0.72410308092740272       0.57127391998841603     
  -9.2301736876668219E-002  0.82777371813516276       0.55341761892288044     
 -0.54931591538918212       0.39381262666163919       0.73699636375088262     
 -0.48238261394891696       0.24522905062461192       0.84093384192194154     
   7.9398585899272539E-002  0.36591396150603894       0.92725554046993941     
  0.28222307667985275      -0.17609013358228146       0.94304952141673959     
  0.35741623644333093      -0.26078490947982852       0.89679700318092870     
  0.28597864848679277       0.35514400716637823       0.88999379030619974     
  0.26883925371856038       0.93874758766452349       0.21558854866186763     
  0.18786920454371403       0.92107462209456836       0.34106700590577516     
  0.42250415872190322       0.76016921362373713       0.49359193927922490     
 -0.27881770355933783       0.66597307702144037       0.69191079545311485     
