 -0.61292009208565190      -0.61928063845105186      -0.49073460399430258     
 -0.78684698260464714      -0.57635996959868996      -0.22063773795565836     
 -0.94361594487193745      -0.20788467477189959       0.25762940550037872     
 -0.93635357952534659      -0.34211573924585592        7.8732427057456145E-002
 -0.99906986007306042       -2.9317870361332848E-002  -3.1620834446513667E-002
 -0.68598030997539694       0.72334094510447466       -7.8796519348665994E-002
 -0.63400619828348259       0.73070294316727447       0.25319824127518170     
 -0.89575208455899435       0.23271763310626242       0.37877527143365125     
 -0.80726085866959141       0.59001635685421994       -1.4512226037609842E-002
 -0.81781486274901050       0.50853723913820414       0.26938583236050045     
 -0.99959390778091317        2.0176754000830542E-002   2.0122577501757347E-002
 -0.94184196819198873       0.31529465741116008       0.11628837414064086     
 -0.34531199712305694       0.70214893695905500       0.62269293794787384     
 -0.26082150103047963       0.96301867925100937        6.7580825785731075E-002
 -0.68934463123281342       0.68041912469383015      -0.24866401859016879     
 -0.58170819048149858       0.69719314060945980      -0.41897172436085217     
 -0.87640971055793682      -0.14613691709297807      -0.45885729884395515     
 -0.94984475035037752       -5.4327870531355633E-003 -0.31267464728802724     
 -0.28426645787330423       0.35769928852983451      -0.88951885866093527     
 -0.55400901853104112       -5.7831607490601261E-002 -0.83049955602719372     
 -0.52836614709117224       0.40824922618009635      -0.74442043492332099     
  0.16975619019069982       0.61182442158140526      -0.77256308030382614     
 -0.16084650169253173       0.76809286581662994      -0.61980783503830650     
  -9.3487794853370026E-002  0.12770551911281772      -0.98739623890392525     
 -0.36656190587533977      -0.11273742128863425      -0.92353811128845265     
  -3.4521726571180453E-002 -0.25801689713827508      -0.96552344931946366     
  0.40665834881682256      -0.14771340475400413      -0.90155961388786188     
  0.94601193131710382        5.6871770179384565E-002 -0.31910347469496092     
  0.66906445475571852       0.51126131910994632       0.53941136339942597     
  0.71170385504156053       0.68673060523428886       0.14791449744220037     
  0.82617131939058908        7.3930254843806970E-002  0.55854746301028513     
  0.35159324867955938       0.45647971991176672       0.81731784074023184     
  0.49949215141219067       0.29881660447792002       0.81315203225840960     
  0.79902100017238131       0.17439959762016508       0.57545653322687684     
  0.64381294435531400       0.41478059902227654       0.64301006784909565     
  0.62940388591876995       0.56380334559220946       0.53476774013532047     
  0.97929975851968420      -0.20088527261807732       -2.4841300459090304E-002
  0.86956467577578855        3.8402921152054403E-002  0.49232356259882476     
  0.69517222323830397      -0.41781820603685682       0.58494745639426604     
  0.80374031702084237      -0.28308794173661611       0.52331894676060087     
  0.71806219527752724      -0.16467427229806025       0.67621673134904758     
  0.75145403189312399        4.4322148021347874E-002  0.65829505933614241     
  0.17363681790974933       -6.9154916952896495E-002  0.98237867084311392     
  0.38410378879622642      -0.68392262518651825       0.62025327261566987     
  0.43405743511368006      -0.68279250944677949       0.58769765361617110     
  0.46424209535965355      -0.87598711740362012       0.13086575961272262     
 -0.40056683171702062      -0.86455243677646931      -0.30347207020102129     
  0.49829914072974540      -0.85119871620408072      -0.16479900448893633     
   8.1385111610919145E-002 -0.70974360891687327      -0.69974314802629034     
  0.36727909263217418      -0.84837098739147088      -0.38127776733992436     
  0.45043948242443327      -0.82141234689785447      -0.34983714645103864     
 -0.25608588613815053      -0.77384658926429328      -0.57929394542397672     
 -0.67445803491864442      -0.66640611808509309      -0.31781951625478433     
 -0.88759473205545991      -0.44290921051895910       0.12651886367214540     
 -0.46921364961358558      -0.47015994329169597       0.74752135671178688     
 -0.64747885972109687      -0.53898593254352889       0.53876274067019625     
 -0.74569928906736482      -0.52269300298236077       0.41318832863205346     
 -0.71822949179544482      -0.43898749130652776       0.53984847836379446     
 -0.74731540538454078      -0.35364000148037344       0.56254638406793844     
  0.14954270783138696       0.80233055359752647       0.57784311131860411     
 -0.23967786102171801       0.44311011970805469       0.86383328527465653     
 -0.92516791038001889       0.36842158872423170        9.1268124583447241E-002
 -0.80619830911977242       0.59052676673291060        3.6365150136400765E-002
 -0.52152398867705696       0.62735981007008590       0.57830130377102174     
 -0.23118622928934573        4.8396559251903185E-003  0.97289747924309067     
  0.13371664937397393       0.17576064257834143       0.97530920953339661     
  -6.1630995227779678E-002 -0.25199172205338682       0.96576487430628843     
  0.96194441264271202       0.20221401121851965       0.18377279627968943     
  0.74072432188952630       -8.3119365586743155E-002  0.66664732057199194     
  0.87766751051989167      -0.45692851629941966       0.14462389833741804     
  0.65518711377759986      -0.75499289389150315       -2.6750254450396291E-002
  0.64742247427805766      -0.75127840562389669       0.12815965450523886     
  0.90031017331706942      -0.22422469306054271       0.37304809186452359     
  0.66088267511637500      -0.60185895344368667       0.44833011262994049     
  0.40226707500008368      -0.83879303708298314       0.36688886779518004     
  0.38839270180445740      -0.83771758097818894       0.38390150260870176     
  0.48499703029411223      -0.83465517619843876      -0.26101459241029001     
  0.39269199216374484      -0.80047761883144664      -0.45280081828605284     
  0.30674009559689031      -0.66852466267890820      -0.67748453055646518     
  0.51050399198913965       -7.6515980692245744E-002 -0.85646423092966251     
  0.51071945677899566       0.14020577887220587      -0.84823815997529783     
   4.2389522118809003E-002  0.45810830159505955      -0.88788507838812991     
 -0.38049672281603242       0.61511907985244985      -0.69054381579139346     
 -0.22708260903707408       0.31977831785002486      -0.91987788108312396     
 -0.68904010534255411      -0.15221145577884670      -0.70855868208584760     
 -0.51744918882154434      -0.35239047235768406      -0.77978669646223486     
 -0.38213287267528373      -0.61031138677851671      -0.69389803198271538     
 -0.37073602464046379      -0.66657597725203332      -0.64670802266887095     
   4.6122180903409138E-002 -0.97488234205007063      -0.21789255055581136     
  0.22770054224203423      -0.95749788026156046       0.17706008120791406     
  0.56917132855274621      -0.79990511315447677      -0.19025196110115819     
  0.55189874671246908      -0.39797060536598056      -0.73282137703664996     
  0.84771459233002600      -0.19960432666681385      -0.49146524060884461     
  0.53901700490358340       -3.1378456787779806E-002 -0.84171020005369324     
   2.9088615229177488E-002 -0.89930044277703047      -0.43636288348705615     
   3.3689838814142073E-002 -0.45621502096121441      -0.88923160616911712     
 -0.35727183703631049      -0.59567629771481578      -0.71939320458393974     
 -0.87731348375341434       -5.0558208047906575E-002 -0.47724723029421212     
 -0.68101402810257294       0.64978608577760821      -0.33763580416976335     
 -0.47220852706456085       0.81012752560933177       0.34743704353122301     
   7.5752589062537026E-002  0.72598442037870847       0.68352627353875806     
  0.23390574050388413       0.34580548100152864       0.90868403412222731     
  0.51896433474208425       0.71496083536554933       0.46851576617989954     
  0.31149092417272600       0.75076136149026795       0.58252105734587256     
 -0.25010286309291541       0.75531849395369033       0.60575781510792559     
 -0.85685348027819463        9.7957327010897821E-002  0.50616842594149114     
 -0.60600905722402176      -0.64439659422874862       0.46637544093666561     
 -0.18581319283547346      -0.94154660435149296       0.28100435797775553     
 -0.89811446399803063      -0.43016949671677468        9.1348856873086193E-002
 -0.76089582367321384      -0.59627327923781070       0.25592131990850847     
 -0.85954857033542742      -0.49042661572714374       0.14372887608545895     
 -0.73715154099911073       0.12689006875516201       0.66370664909582300     
 -0.55724982012616819       0.14333922383568060       0.81787927280228079     
 -0.44917808149084115        3.7892319747866443E-002  0.89263834962001631     
 -0.47381279410044974      -0.13464001664246839       0.87027208507755860     
 -0.33943608972267209       0.58637864282352192       0.73548842834829076     
 -0.91345187612372736      -0.40116648579681047        6.8345597367530042E-002
 -0.10763017639351094      -0.96126287055245629      -0.25375074152953231     
 -0.46137684214222507      -0.86211584360340421      -0.20949387041847017     
 -0.45059437152534082      -0.87667607597441544      -0.16853418099553075     
  0.54429643867598654      -0.82797028457216693      -0.13493181504046381     
  0.86617744301605992      -0.43064426137621514      -0.25353926195743864     
  0.63993209143891761      -0.75694877214399647      -0.13234604148337575     
  0.48039939832650141      -0.85078998332027278      -0.21300897250923284     
  0.72120390565066783        5.6287014622683498E-002 -0.69043225479339831     
  0.30185363832378997       -9.2855331165371327E-002 -0.94882151562075712     
 -0.12200629979002790      -0.71881682026236871      -0.68440984922740788     
  0.73056451960624247      -0.49082705160721918      -0.47472548710081897     
  0.97964844659001427      -0.18122697817619937       -8.6288489816959385E-002
  0.80262047581732476        6.6645287770682168E-002 -0.59275524242030642     
  0.36234580067201660       0.85148233016145691      -0.37905588263244960     
  0.50004633667320642       0.74782455873583042      -0.43670595431172865     
 -0.30677789451013776       0.93828212900085395      -0.15973092949594059     
  -9.8158505738539722E-002  0.99159894229107848       -8.4240402411627696E-002
 -0.58840689346764663       0.70428210934793367      -0.39719521418603249     
 -0.29407508909408603       0.67473296142504602      -0.67694554636322390     
  0.11038512289645470       0.68073453274785611      -0.72416546490960820     
  0.42912774802866688       0.44127701701721206      -0.78811418596818805     
  0.29421216128360400       0.19244241084105523      -0.93616511506388556     
 -0.25752758900038980       0.49185087042682241      -0.83172246703096675     
 -0.26754571294653029       0.82265834525203752      -0.50164981657643959     
  -5.3441597756958698E-002  0.96449186034222945      -0.25864927404263177     
 -0.41707860862853924       0.90563959963709284        7.6565983267490922E-002
  0.10577116651542445       0.96473664926428082       0.24103040866312839     
   7.4125672161832384E-002  0.86368909982709619       0.49854440480910145     
  0.14404728325956229       0.96289769276464177       0.22820695312397482     
 -0.22673209871675304       0.67585745118206608       0.70129113861020875     
 -0.42392026040129471       0.75297403228245041       0.50331075840846085     
 -0.19057125364704558       0.94624805591141747       0.26133735662413821     
  0.36558381775641974       0.92792191202688601        7.2865611745712003E-002
  0.79985432518615496       0.34246703567867598       0.49289896323130955     
  0.99810461826829655        4.9087580277955782E-002  -3.7115770960537225E-002
  0.99582446618184073       -2.4172577279195355E-002  -8.8030216751790180E-002
  0.80736630080488991      -0.57366536671696777       0.13808585501123591     
  0.71581457510999980      -0.69725479878197916        3.8016307495883472E-002
  0.60562463779668163      -0.75568515920493795      -0.24931654227327049     
  0.63041007617138578      -0.63598285969232915      -0.44509430241152403     
 -0.10510906555368185      -0.94132822019623019      -0.32070744643783300     
  0.39931803390434972      -0.75589973778176056      -0.51880699129855912     
  0.43540943334145171      -0.28857518481561123      -0.85272679567724585     
  0.96125647418546389       0.19298408415929477      -0.19683275666871297     
  0.66846539383192582       0.38143492177746985      -0.63848368632080288     
  0.98530981210712443       -6.8619254289905562E-002  0.15638405323493743     
  0.84521425110370618       0.31555172445380325       0.43132352002356678     
  0.76190825842705490       -8.8528305632915971E-002  0.64160622257149758     
  0.65304238801025261       0.13147362682903685       0.74582191232912853     
  0.24560308950351092      -0.12883927748212090       0.96077029669130010     
  0.32721156034443455      -0.27347268853088919       0.90451383814991004     
  0.98896188349464753       0.14448421233532671       -3.2843650537361241E-002
  0.71528152744446216       0.24540356660164547       0.65433128153557218     
  0.75299887320045711      -0.37907325845597384       0.53786258624530559     
  0.51621334033138466      -0.66197891604713877       0.54342221335993734     
  0.50979005295229074      -0.55166811704727359       0.66013361567523310     
  -2.4472096910576436E-002 -0.93871028774796206       0.34383733384996540     
 -0.80412537068619261      -0.57906154760610840       0.13442511782726385     
 -0.94298732283095521      -0.33225290436811955       -1.9568252837632721E-002
 -0.66959506621548281      -0.58643108962456614      -0.45578616084929147     
  0.62372786909414368        2.4503580661296626E-002 -0.78125739666907235     
  0.97345559670092452      -0.15581740026022872      -0.16764587387663329     
  0.86416019607440753       0.32602424899475851      -0.38332146377168064     
  0.98418951089231821       0.15961820068130644        7.6766116619631092E-002
  0.71927001714689631      -0.20696490498958067      -0.66318637692300453     
  0.59684990796981663       0.38807975319148702      -0.70225657171670941     
  0.32609719745016486       -2.3069013441657488E-002 -0.94505472774544674     
  -9.6228108940257989E-002 -0.49363110762631712      -0.86433123317015370     
  -6.8075331055904034E-002  0.38183018048767181      -0.92172200937724846     
  0.29382302579225339       0.26123485080847642      -0.91946962007310917     
  0.43057419255326823      -0.60989303254094263      -0.66530921650397934     
  0.21569743158648982      -0.39514478119353874      -0.89293629106591610     
 -0.21021334477369635      -0.19975689222846513      -0.95703058137465691     
 -0.27320349439084596      -0.39404885017760571      -0.87754507253266212     
  0.10156451431461161      -0.63668734898806656      -0.76440425762198561     
 -0.29362442687136497      -0.70165213238652180      -0.64920642407631424     
  0.11193118318540400      -0.23325308067651734      -0.96595259230753272     
   1.9581044870439240E-002 -0.14198471821328074      -0.98967516007813983     
  -9.7595342913685768E-002  0.10396089839934197      -0.98978143074402158     
 -0.30947225207572443      -0.33218011017516486      -0.89100129045879650     
  0.32887597332489221      -0.41267190243322438      -0.84943657509658665     
 -0.10414983748272652      -0.84952707767736058      -0.51716202069113915     
 -0.72454561291720831      -0.13334474044723293      -0.67620472861224368     
