 -0.50718471022069200       0.81344266530691034      -0.28473619365442920     
 -0.98881399074098630       0.13985610187347350       -5.1837847984566060E-002
 -0.97975811588309025        7.2012255087926975E-003 -0.20005543409875692     
 -0.92285743027582390       0.23116566599498109      -0.30805291469132823     
 -0.59460798790323677       0.67478551883740223      -0.43715654437400864     
 -0.20245698426814093       0.97927974566287335       -4.7274999257432976E-003
 -0.75686330368939869       0.65110726611637626        5.6720962076305517E-002
 -0.94981405742655778       -6.0015542117516155E-002 -0.30700389414343610     
 -0.95805568911493888      -0.19316693612139535      -0.21169749961685003     
 -0.99797909335753743        6.3454955097593413E-002  -3.3463255783942950E-003
 -0.93584405006902360      -0.34884835288830635       -5.0007405827129439E-002
 -0.34453648538109627      -0.93733872484682790       -5.1872200105777366E-002
  -5.1258015062867576E-002 -0.91073096785781993       0.40980693024468273     
 -0.54116018756139206      -0.58986483866890926       0.59933723687140317     
 -0.90454202637237324      -0.32693443714466203       0.27371078958472184     
 -0.83014562565103944      -0.27931283417547936       0.48253764710885638     
 -0.97865565004929245      -0.12486840412779147      -0.16322071031957969     
 -0.94743418447012950       -9.0049264055631975E-003  0.31982397877250657     
 -0.76248520340119852       0.59077220698023913       0.26382667426543849     
 -0.77683615873624934       0.27850141603005452      -0.56476769007194605     
 -0.88291689817909846       0.39549467308814995      -0.25306464484146007     
 -0.80936825595610629       0.22948969478095343      -0.54060845927522283     
 -0.81625554694384073       0.23103009982020251       0.52948274292980924     
 -0.92878996348395459      -0.33941634280812288       0.14881448170881045     
 -0.90034938514473706      -0.43429375896518907        2.7566566586898461E-002
 -0.94977710102691948      -0.31080651478540133       -3.6369887708401674E-002
 -0.85995964511031475      -0.24211753148465770      -0.44927553876167053     
   7.4427342394392415E-002  0.13168509810383366      -0.98849360424918298     
  0.90968069614151403       0.16955972382933535      -0.37911809653780087     
  0.89540858535071133       0.22196862179818277      -0.38597071937816518     
  0.98952917874912794      -0.14311508395692479        1.8710348691655956E-002
  0.62654876964339390       0.74067411364283686       0.24256647880074644     
  0.37035688894623553       0.40735061044556775       0.83480611819737049     
  0.63428992370076132       0.59185072309944320       0.49738216117829620     
  0.71907850121407701       0.64725594664281649       0.25295424216102741     
  0.75599296629533508       0.28286340617585171       0.59030748628035234     
  0.67743971227203859      -0.37587899900248373       0.63228981831571396     
  0.65571205421322298      -0.49714080570852437       0.56823650116744029     
  0.22460100605741662      -0.79559318559898740       0.56265964055236484     
  0.54449703870128585      -0.78070288690380296       0.30663655559255076     
  0.39858239275635299      -0.48688040684265727       0.77722554359556184     
   3.4614620863334201E-002 -0.55721495360169260       0.82964650514853888     
 -0.22900029933750216      -0.41260147739154290       0.88165689684691162     
 -0.33940387501394609      -0.93558024630151237       -9.7440301497896314E-002
 -0.26298494837163122      -0.96285640039086640        6.1208407562764702E-002
  -1.0852449625789882E-002 -0.99952982745990160       -2.8676616870588575E-002
 -0.35866513237887576      -0.75247219696061374      -0.55239923571358285     
   9.3657564801755896E-002 -0.96417544245714504      -0.24818133837579451     
 -0.16888003584103217      -0.74598237593357231      -0.64419704151047608     
 -0.32746755598622984      -0.84849153691199042      -0.41572480268219048     
 -0.29818947292894882      -0.29904322446014892      -0.90645252944590404     
 -0.67141131338771853      -0.18451874601509152      -0.71774625086030353     
 -0.93202073243740524        2.3282405004904909E-002 -0.36165630635179502     
 -0.93720345482539380       0.34858272002015200        1.1822502557666412E-002
 -0.88191783487723652       0.20857091507591893       0.42275182543642786     
 -0.89184651188766928      -0.32465162547047555       0.31497796956802099     
 -0.82264278245598277      -0.56834073827106568       -1.5737143788579183E-002
 -0.71073201368546879      -0.66053489043831970      -0.24197864210770195     
 -0.90793353648526587      -0.40221697380120064       0.11780576943247970     
 -0.53108899557945810       0.84709956412013887       -1.9152212454345563E-002
 -0.57890409074190541       0.80307637977999591       0.14120333551933942     
 -0.93814788001274552       -1.2168609771496967E-002 -0.34602092445952326     
 -0.93655818089931975      -0.19644314450189013      -0.29029100015125819     
 -0.94815341617694904      -0.26418399010596583       0.17666895246121384     
 -0.77777358856989398      -0.36484470291544707       0.51181694743112371     
 -0.77946007806279038       -3.6718773206588069E-002  0.62537486230306116     
 -0.51440819237179392      -0.34004092797657126       0.78724607266194724     
  0.25539744746106141       0.57663794728118212       0.77605465115918082     
  0.18389976395225480      -0.22957189585891674       0.95576023219744455     
  0.89615801864973033      -0.17164471084919422       0.40919298484624217     
  0.80624612844657662      -0.20772486029637921       0.55391115061877216     
  0.78166670853897935        2.9325862204186981E-002  0.62300654135236500     
   3.3542457351685144E-002  0.15173735576186845       0.98785154675248665     
  0.48333554000405815       0.14821447521197467       0.86279732562561251     
  0.14971382933069691      -0.23926256157114173       0.95934310647317789     
  0.24275115949705800      -0.38725001172043272       0.88944325450559070     
  0.68524444410499152      -0.71509026956536637       0.13815193880740811     
  0.87936441078113214      -0.21212463924291267       0.42628789623648988     
  0.80590120864630466       -6.6131905727351392E-002  0.58834497783813200     
  0.87973347790439282       0.27753395778753198       0.38606205476466832     
  0.91724858625456251       0.17031775927665085       0.36006512173364619     
  0.84295978210868094       0.30963521241230318      -0.43993731483217513     
  0.20832584089914413      -0.14742578190923578      -0.96688467918471122     
  0.67577098703238347       -6.7766340798557020E-002 -0.73398998367832835     
  0.67663067652280018      -0.36627263717753578      -0.63876073990450177     
  0.94514598745929934      -0.17998594746786392      -0.27258782273557092     
  0.97590000524484155       -7.0218971130043786E-002 -0.20661189669675267     
  0.92159717736656521      -0.24237588620180914      -0.30317086347120503     
  0.91813507929830673       -7.0585310558295117E-002  0.38993036570049744     
  0.41362884129726352       0.32047727849240643       0.85217691567962561     
  0.72378698925651785       0.55737666843399614       0.40677222578295635     
  0.86259351080154600       0.50532525483519508       -2.4058718770195886E-002
  0.86042864818322407       0.24657443136392165      -0.44594124185058126     
  0.94404535386007371       0.32524451919259417       -5.4720860651394809E-002
  0.25842845784518631       0.57583081245294443       0.77565044163308394     
  0.47841239813376135      -0.27514774913621393       0.83391563929288293     
  0.32223194328896965      -0.50293079417691611       0.80201445809466265     
  0.19668121026487803      -0.80669138297737164       0.55728405159206884     
  0.49429392445143233      -0.78596266429784933      -0.37139763943820137     
  0.70820952301990847      -0.69539344928731117       0.12193121910449928     
  0.35090882365450704      -0.82009935038130666      -0.45199563381258878     
 -0.14421423141816742      -0.83468719294080707      -0.53150686298210692     
 -0.26165776244671235      -0.51690107390428208      -0.81507576037324347     
  0.14709104497926151      -0.93934673233119204      -0.30982566218065133     
  0.44928138575108922      -0.84426404756878048       0.29217196032548931     
  0.95230375454077232       -5.3138430682281086E-002  0.30048937796906661     
  0.66504706586498941      -0.74582500052075407        3.8176809487097507E-002
  0.44426355427726677      -0.82717312298529766       0.34411410745814103     
 -0.28794885696264327      -0.78451922021665044       0.54919490974026886     
 -0.28355126503362993      -0.82519453042884927       0.48852089724822156     
 -0.55966387300939602      -0.78894690396420286       0.25365159564541956     
 -0.21032072001416424      -0.97457726842246739       -7.7229156456525339E-002
 -0.45470590919567833      -0.88878027148871830        5.7551413145335711E-002
 -0.32857625639750204      -0.69268537521574269       0.64204720597012588     
 -0.28892488716982567      -0.52715142046424646       0.79914566223963890     
  0.38045521986106567      -0.49943849683324648       0.77834119354010367     
  0.58778809812011779      -0.35423173623984672       0.72734106769031470     
  0.76883699054648691        8.6984073925947925E-002  0.63350094936843260     
  0.56341785831129521       0.31917733747353672       0.76202765315917043     
  0.56991366654841402       0.73229369153150914       0.37275241384134716     
 -0.10377347113295851       0.92563755046929042       0.36390409705061322     
  0.18122955707098773       0.66357069478638353      -0.72583040764671836     
 -0.13202157762801559       0.45893325460117657      -0.87860717665051968     
 -0.56020168061741704       0.47343091602731913      -0.67973321588912516     
 -0.36053970199948721       0.49292657788413408      -0.79185510802012804     
 -0.21242028347935693       0.26344112008512527      -0.94099755547762243     
   6.5089452310347545E-002  0.60375277289668094      -0.79450988188791460     
 -0.72980667348569606       -6.8588591002495453E-002 -0.68020425205969426     
 -0.48467677743784188      -0.58340187726563031      -0.65171364188223579     
 -0.49929141576471858      -0.80604508033040201      -0.31780404437144355     
 -0.49250976275742087      -0.86864785723061666        5.3712509877865494E-002
 -0.32424282599973486      -0.93806893835787564       0.12203793129960344     
  0.35525755480183507      -0.92045696066620819      -0.16294493952694061     
  0.30984571721578935      -0.94892029493511776        5.9547505265696410E-002
 -0.26123173852871207      -0.92929143910485923       0.26110419374609439     
  -8.5935141209917146E-002 -0.97140436801503827      -0.22133392262969664     
 -0.22227792058753673      -0.81849242997323701      -0.52977605466446265     
 -0.47979780113801124      -0.69399201620257367      -0.53681388904376226     
 -0.34078612486767218      -0.91351512946512436      -0.22215968431752237     
 -0.33124207633146463      -0.93856335915107492       -9.6837532634474949E-002
 -0.52074970216188043      -0.85370475591950890       -2.8173425049203837E-003
 -0.88340610055814783      -0.18265590905453549      -0.43154429712848708     
 -0.96746797376977645        3.9462729611658712E-002 -0.24989680410415821     
 -0.72468903816906938       0.57790060449411773       0.37530879190733962     
 -0.25593379048525938       0.95928494372188111       0.11945832594005501     
 -0.58706824549796732       0.72787334590489405      -0.35433214283947456     
 -0.61322619448873894       0.65936073608081813      -0.43496787709880735     
 -0.79746203215596467       0.12440945654628791      -0.59040375540102230     
 -0.88470326107018460       0.26494810942532171      -0.38353961876676901     
 -0.95690644982725048      -0.28938024462952172       -2.4271800452980628E-002
 -0.77578235024963871       0.28184004237139282       0.56455994859472214     
 -0.79907152128419145       0.47045260358831970       0.37437822005236265     
 -0.91924065161399615       0.37923446743378347       0.10572531925001868     
 -0.58647352226794336       0.68920722248416078       0.42549055471815872     
 -0.59294084151439119       0.44455764554979232       0.67140871177507022     
 -0.84125904688160780       0.53243427377483898       -9.3792111340759265E-002
 -0.96011542901006797        6.4400532005273459E-003  0.27952976351657932     
 -0.56126047603494567       0.82614445483604371        4.9719390429942723E-002
 -0.70276947034118031       0.70615285865870925       -8.6389882304238746E-002
 -0.92057294008264989        8.4338816327741289E-002  0.38135603580918315     
 -0.65451034290023724       0.65974100161330795       0.36926687074114473     
 -0.79678148975150509       0.18377653585512937       0.57564350292391775     
 -0.69758994097620541       0.67041262878826013      -0.25281451977703506     
 -0.60250725012629025       0.78950598434311026      -0.11689873494506309     
 -0.81912477421831009       0.53735447893422750      -0.20071065799099341     
 -0.80288210017368355       0.15302795846989861      -0.57616211012806107     
 -0.65715349671660361       0.69359387372065351      -0.29508781759061525     
 -0.85065829602546073       0.52019041241986541        7.6042081964791897E-002
 -0.73587743525174187       0.36122508063471009       0.57271357711147663     
 -0.90317064473459718       0.14285345701116289      -0.40481560778918252     
 -0.85496973333252790      -0.35101174121928957      -0.38186059316402649     
 -0.71225993656513242      -0.17998266925416531      -0.67844824528656700     
 -0.51013625776792426      -0.58462152315644322      -0.63085550895020226     
 -0.77093937782937982       0.17134763932252062      -0.61342681895297224     
 -0.84957057729068108       0.51889334502094120        9.4760385684197423E-002
 -0.71942369457795330       0.24781745599336127       0.64885750067703007     
 -0.91781617221491851       0.39610924946944603       -2.6663392612610887E-002
 -0.71109118451011155      -0.13630199224710299      -0.68976162130228458     
 -0.21758254887007211      -0.94339276356799096      -0.25033563085351018     
  0.16256515119511691      -0.69213176714215741      -0.70322556020782256     
  -5.2681729855716758E-002 -0.90692218023450255      -0.41799138069840813     
 -0.85842247515441561      -0.50943308650289210        5.9906464809778716E-002
 -0.99177511357013404      -0.12389030700500726        3.2145231888976361E-002
 -0.81811247817003274       0.15420323984052378       0.55399759375399316     
 -0.61178103583465671       -5.8570433288620605E-002  0.78885579704879893     
 -0.66733474947195959       -2.5130566892624884E-002  0.74433378719153587     
 -0.41734085020128148      -0.15066577565354689       0.89617321919370518     
  0.42405889947468101      -0.35359791399436502       0.83375210044423576     
  0.36699273067008470      -0.20340846648799280       0.90771214126305666     
  0.45123411986186818      -0.14232569656523630       0.88098306747049993     
  0.77605842091942934      -0.14540090916220666       0.61367084250016157     
  0.92659184007110562       0.23010899871755214       0.29745152650957096     
  0.86047633262638601       0.44139665165466052       0.25445918513178545     
  0.96488600457112361       -2.5755276461117006E-002  0.26140325919389307     
  0.77529232179943763       0.46519936856733879       0.42721348672928694     
  0.60330156938714963       -2.9607719569134328E-002  0.79696336133917356     
  0.46455530817493407      -0.18736105288831484       0.86549650577406223     
  0.80546595295977397      -0.45719343466483242       0.37709251109249509     
  0.36928628011581532      -0.90393894327433344       0.21568966166777184     
 -0.22780467832873241      -0.34195045873299607       0.91168794677998477     
