 -0.16796621741860690       0.83089580669966390       0.53047102485910258     
 -0.27824546738751410       0.86321319140112629      -0.42123917917189457     
 -0.43058522843324154       0.81251364288031025      -0.39296048298589714     
 -0.53119550168079910       0.83633960483561454      -0.13552639734572419     
 -0.68279154231687211       0.71169625344256482       0.16517915297150465     
 -0.65547637666242464       0.24995852988859055       0.71265100362903666     
 -0.97103310674968002       0.23866669562326159        1.1528833261439886E-002
 -0.62774719857166672       0.48341814790608806      -0.61011502928584060     
  -2.2866153804665723E-002  0.34334824700141547      -0.93892977388688992     
  -5.2707625432506983E-002  0.20835052036260687      -0.97663297450267372     
  0.24665566633291636        4.4303715776614225E-002 -0.96808995606517967     
  0.67735589575638799       0.22621688911765431      -0.70001064960615955     
  0.99237027513970077       -8.4035413011490256E-002  -9.0217993655000411E-002
  0.35423758129862765      -0.84438377791210439      -0.40191015363461802     
  0.17350623273376606      -0.54690713660858947      -0.81901658782295284     
  0.53850731475006863      -0.67243461398890170      -0.50778101763487449     
  -6.6298884048584472E-002 -0.37667319771836727      -0.92397064893565684     
 -0.53208319462236131      -0.56770285353934935      -0.62817270243441814     
 -0.85661940082410692        7.1768941877853154E-002 -0.51093289296492406     
 -0.41253524175018963       0.29433606310106297      -0.86207943733295722     
 -0.52115934846551515      -0.16136259230607236      -0.83806625472649454     
 -0.55679413314828607      -0.15912435820424392      -0.81526666307272810     
 -0.32954320274190585      -0.86605252195621452      -0.37597115147292015     
 -0.23749543299407078      -0.25916731396816628      -0.93617745255774154     
 -0.23884247686873822      -0.42968477521367660      -0.87081873268366294     
 -0.39988683189978502      -0.40512197890538543      -0.82217194301496332     
 -0.69161562551202183        4.0420865212806897E-002 -0.72113381573958091     
 -0.79053627473209453       0.40316784977552866      -0.46098599028617115     
 -0.25302497559261516       0.91070334617446180       0.32649314999403001     
   6.4503482312170846E-002  0.83289571229198411       0.54965810574872154     
  0.13970489079540424       0.18472912351931925       0.97280917677194312     
 -0.68028939735818239       0.41993183993326832       0.60071922364141284     
 -0.82327115150053354      -0.18797399471021792       0.53562149734652653     
 -0.52994286567244520      -0.37638286869532878       0.75993190173567016     
 -0.28337758988048967      -0.20014731878578362       0.93789028800623131     
  0.20473406422599921      -0.40176051697904425       0.89256509563296393     
  0.97199149857869094      -0.20399434528040059       0.11669975914461628     
  0.97848399624311511      -0.19257660621681674       -7.4049441822160805E-002
  0.69950165918542917      -0.66303018060217600      -0.26662409569943024     
  0.84887099066522642      -0.14512630943131655      -0.50828770939099144     
  0.73668614992852188      -0.63211904152214560      -0.24024785919686856     
  0.40927205932053912      -0.79179466432694867      -0.45338459502162576     
   9.1996656425670884E-002 -0.75882329001754090      -0.64476649240909056     
   7.9281648977942071E-002  0.30535793344726458      -0.94893147941051659     
  -9.4440210910683386E-002  0.18208094703380778      -0.97873774592097373     
  0.23611545542536758      -0.11622926006705210      -0.96474880192388668     
 -0.23234918430227983       0.46874831102115538      -0.85222583712822975     
 -0.18321215686307529       0.67052762051538906      -0.71890612440260593     
 -0.60653252302232485       0.76862000606718173      -0.20332630127326820     
 -0.23044996183693511       0.78482877641069404      -0.57527089862694292     
 -0.50405552496748274       0.86291432725015349       -3.6150955398327439E-002
 -0.97784058887160419       0.19964463946612093       -6.3006354343770388E-002
 -0.74131885979159551      -0.67111039199829192        7.5623983743397863E-003
 -0.64102101615164508      -0.73454363970425651       0.22257065894218320     
 -0.12689114389411205      -0.89705595294810514      -0.42330751810190759     
 -0.54499113009505229      -0.72488499950517171      -0.42133882518718430     
 -0.53765143350663092      -0.16141228426731030      -0.82757296387443080     
 -0.73117943726687085       0.25567167704337812      -0.63246234992762485     
 -0.30803745199515453       0.51114907747651783      -0.80239612957893014     
 -0.19962823342484437      -0.73211641300159769      -0.65127116183151290     
 -0.33752888014573945      -0.64111798705341816      -0.68923289368991569     
 -0.79324181650061276       -4.2682520358210116E-002 -0.60740894215567143     
 -0.78089032827311533       0.27624590963779100      -0.56026644787809798     
 -0.21227083513936271       0.45356905011698201      -0.86557276373814052     
  0.10581131964332241       0.42457297745385164      -0.89918949696455586     
 -0.17033276549818896       0.69694647048105562      -0.69660057872625480     
  0.46029599543351024       0.57656137024112364      -0.67505894774722441     
   8.4521048383338349E-002 -0.41048180142467799      -0.90794321577916193     
  0.64634323145295591      -0.57916035662137499      -0.49680349080216174     
  0.53124984195219394      -0.70513197620950663      -0.46964082185510042     
  0.70817516245054335      -0.62631438628239233      -0.32591138185695590     
  0.56885039438982332      -0.45239416822131034      -0.68683967951910518     
  0.34953337294556830        1.8135228879682386E-002 -0.93674838386348380     
  0.27582681461120551        3.0047420752157425E-002 -0.96073759208623533     
  0.76697259439030352       0.10328462386170945      -0.63331297628265937     
  0.71942317383228294      -0.27088595269126076      -0.63957102622599049     
  0.45532020313376198      -0.87556809942310043      -0.16144353777998643     
  0.22177665039220604      -0.86364563287410945      -0.45269342623723424     
  0.15132449442096069      -0.88651476365552695      -0.43725561312472350     
 -0.46751259546609086      -0.54277582035177774      -0.69772944750963539     
 -0.61394178344142969      -0.51141633969655642      -0.60127266197309015     
 -0.81857779606669057      -0.56979368056681001        7.2564132826039685E-002
 -0.41839659575978549       -5.4981474699884583E-002  0.90659876797646732     
 -0.86724650904247724      -0.49272820150955926        7.1431169602964806E-002
 -0.55061223123307668      -0.78359753076925220       0.28775176904563526     
 -0.44317641485970349      -0.89403959746652151       -6.5481779710332519E-002
 -0.67952868885587236      -0.73084664887259543       -6.4061976660009248E-002
 -0.17767460263232879      -0.98403571805174161       -1.0268455475001714E-002
  0.12236858566370513      -0.90559576897088312      -0.40610618373121893     
   7.9348735655510025E-002 -0.67472290858310646      -0.73379341424073752     
 -0.12339400527345448      -0.96150449297140816      -0.24552602603060059     
  -7.2746687079999955E-002 -0.82582554362722371       0.55921381511165813     
  0.10519361379828318      -0.30564958649343349       0.94631529306702689     
  0.54913328422981000      -0.46224759879744332       0.69626129689723371     
 -0.31514036980656679      -0.69192409777361186       0.64955953556114077     
 -0.27254467490431766      -0.95365264476653955      -0.12753836015551109     
  -9.6789797225675475E-002 -0.98650890910749256      -0.13202994889280872     
   2.1304858446480515E-002 -0.81759807499396875      -0.57539507364314946     
  0.10876840840018759      -0.35184647859978441      -0.92971688638588146     
 -0.20462649580839010      -0.59717373504238069      -0.77557174225780612     
 -0.84875863194608059      -0.11557094651941562      -0.51599626066251070     
 -0.85481860463148185       0.31102972793075839      -0.41538615951812657     
 -0.95384571684148067       0.18702236637212682      -0.23494889431484250     
 -0.70956498354578190      -0.63173699267602457      -0.31213123235329171     
 -0.34952627108025230      -0.93626302719071641       -3.5255208700020225E-002
  0.45590709061024692      -0.88732434525214399       -6.9312560580384083E-002
   6.6906776508083465E-002 -0.71273804181741152       0.69823202948848018     
  0.42834653422517194      -0.71377435605740258       0.55411678845903112     
  0.19320999494141256      -0.56592686086426669       0.80149652900502621     
  0.28772518955880755      -0.67560854933679138       0.67879842615937647     
  0.36665489016492797      -0.67606241927613508       0.63914301745437552     
  0.53662217443432736      -0.50396024300823361       0.67680182873017658     
  0.49171808556395480        1.6319596498515221E-002  0.87060151337996816     
  0.49970761145066223       0.45136700200983759       0.73929705298677650     
 -0.17875953639095146       0.29157727258594662       0.93969554764329377     
 -0.33650105548918541       0.50998158386617198       0.79163490560486471     
 -0.37028511608779657       0.92411094671881866        9.4381624050123333E-002
 -0.71884022945310089       0.68999227922075590       -8.4731217007622872E-002
 -0.81412839128842462       0.51065980074336470       0.27644444361013537     
 -0.77444582992967947       0.13027159853632522       0.61908235891468277     
 -0.80759546495358192       -5.6260080962449652E-002  0.58704716018093073     
 -0.71550149825651721       0.31490499346186879      -0.62361242056703969     
 -0.71253145564669240       0.11703843738708056      -0.69180989360373313     
 -0.82430707111916934       -2.0010548764075320E-003 -0.56613942477302437     
 -0.89165613645249697       0.29658746661805158      -0.34203100586306040     
 -0.85067622411843180       0.16281669302751942      -0.49984066080222223     
 -0.80373698401000659       0.43083842651309334      -0.41034754876111201     
 -0.63184894069358422      -0.63664695892697132      -0.44209452137917860     
  -3.1376402948084803E-003 -0.50676309987926638      -0.86207964586465435     
  0.76305928812952084      -0.55601635008004635      -0.32952441676293998     
  0.90319695849138770      -0.27647731007004928      -0.32832232819049312     
  0.68931689081835812       0.28537253118643896      -0.66588643361822863     
  0.15887745181387258       0.92697153320954284      -0.33982603185213911     
  -9.1088825425686790E-002  0.92914144746840477      -0.35832805706358811     
 -0.13315448486236020       0.88565683216390800      -0.44483913811909431     
 -0.44914628010305147       0.88531841209693840      -0.12032841838840852     
 -0.26208160331545743       0.83980322852260791      -0.47544060677087052     
  0.13709906990843912       0.87604494052847659      -0.46233008468492759     
 -0.57493418390443607       0.81799618838420751       -1.8246094571515076E-002
 -0.92652796669172266       0.34736031002566808      -0.14452246177337508     
 -0.23870337588063975       0.67763391447478472      -0.69558103503246105     
 -0.25033183700292361      -0.54987196585683040      -0.79685305580608523     
  0.49878721607231880      -0.19058693850651937      -0.84551045644250289     
  0.76779502485875961      -0.29771218391804938      -0.56732552855385054     
  0.75288810810190032       -8.0933968244212798E-002 -0.65315326644136928     
  0.81682638323990020      -0.57217840949403154       -7.3529091876389063E-002
  0.49348327247951718      -0.84100667854132027      -0.22177021087565169     
  0.89156786358027040      -0.43829096825321884       0.11405161892172200     
  0.40570613712005915      -0.78370262211890018       0.47033257423562863     
  0.32766679247495462       -7.4361792267491011E-002  0.94186240872008664     
  -1.1795402334683097E-002  -6.2759403476839351E-002  0.99795897999819172     
  0.17815709625421941       0.23147447458039971       0.95638884177515759     
  0.10067546775854264       0.29907292195245438       0.94890454606691066     
  0.52282474147767399       0.35542046078837258       0.77481003204130638     
  0.50016414932439790       0.80190497416674622       0.32677857355900908     
  0.30597716987129325       0.90523094427840090      -0.29484726391546806     
 -0.15125848364934746       0.94018529556845365      -0.30524167657940338     
  0.38153121149950397       0.86320726052128727      -0.33061633358788772     
  0.54265621244858653       0.46391726648399623      -0.70021782678606470     
 -0.10915294465564072       0.46621225692702123      -0.87791330219110497     
  0.57577707172098069       0.44947871893362912      -0.68297118892840070     
  0.21717419901860174       0.60856383306955819      -0.76320732986546569     
   1.8755743445279638E-002  0.59491350114662422      -0.80357087319124632     
  0.23837354924332654       0.97006507625257854       -4.6387485988135968E-002
  0.36317634611603977       0.68704123326659416      -0.62934671319819235     
 -0.25866177976395982        4.0312299422835429E-002 -0.96512641773219310     
 -0.24469333549474062      -0.35251315763558072      -0.90324949225467333     
  -9.6568338007427576E-002 -0.17555012627111211      -0.97972277163527843     
 -0.14498138128771823      -0.15179153907537238      -0.97772170260514080     
  0.23799412383736279      -0.47137152434388924      -0.84921592251716549     
   8.4377858743589773E-003 -0.54087868219449786      -0.84105829460100856     
  0.32367829520144881      -0.18337680324566982      -0.92822697076034544     
   7.6724404236953814E-002 -0.11591380621063088      -0.99029155066792940     
  0.34280303166535397        1.9546422875221126E-002 -0.93920392824665111     
  0.20033412413129295       0.80549988251388271      -0.55770617530984445     
 -0.19286682975900313       0.87183960386545534      -0.45022004743290750     
  0.59059736031260002       0.27761131706064796      -0.75771149828397888     
  0.63010200418163798      -0.21838035897146740      -0.74517211645489079     
  0.78557392434720008      -0.43207340283280493      -0.44292909584977225     
  0.99859195506522835        2.8093798845689355E-002  -4.4998286027857881E-002
  0.79427218251099230       0.24571288460864749       0.55565895873870430     
  0.59575869184661623       0.80170321865838312        4.8410022537682590E-002
   6.1513137224263444E-002  0.93158680706049946      -0.35827664570788664     
  0.58364952322776753       0.18627496484739184      -0.79035110647556284     
  0.19550929719962959       0.37403353399458267      -0.90657323485533536     
  -1.5374779786254664E-002  0.84807233265371529      -0.52965737485080833     
  0.22196558227852423       0.44912294447669671      -0.86545933528292163     
  0.26318843560276733       0.69872604507187575      -0.66521707833097499     
   3.8184520286616272E-002  0.76914652894470525      -0.63793068543756126     
  0.14659607203854219       0.94056239389487795      -0.30635269682774691     
 -0.36267539236124524       0.82451532989522325      -0.43432825206679737     
  0.35782657457464961       0.80862287619060835      -0.46700019981733248     
  0.92432828299703385       0.37388936302746906        7.6314936065646877E-002
  0.75033734538739594       0.65777318811184893        6.5789825339335750E-002
  0.22075742500421738       0.80473173157413269       0.55106533142923875     
  0.39551314168160201       0.43263871364480366       0.81018090462133197     
 -0.38725562811985037       0.59647022977954245       0.70303367165185326     
 -0.98016889754550063        5.4951207539859402E-002  0.19039248166464337     
 -0.55383414838370548      -0.30542551763632414      -0.77458568877867551     
 -0.80850178469498135       -9.3619477946528418E-002 -0.58099936101007899     
