  0.89461621159055360      -0.44556771063352291       -3.3634048228492759E-002
  0.58701121747886209       -7.8163704521868493E-002 -0.80579666532533789     
  0.70497243393790643      -0.48157660713488643      -0.52067056652759858     
  0.61669533182697744      -0.67970099353886981      -0.39710631710552224     
  0.87052272278796128      -0.43531007905185870       0.22955462135562552     
  0.92931931716747984       0.35565928236830241       -9.9358349446224958E-002
  0.70806325180858765      -0.29117461472252520      -0.64332245039286062     
   6.5277979634142086E-002 -0.86293707708807532      -0.50107722594582949     
 -0.59867063179484592      -0.46928125620492950      -0.64912909132247232     
 -0.72274402681978267       -8.4898966284071398E-002 -0.68588135797692507     
 -0.84194097420057745      -0.21883967659635770      -0.49319832918352435     
 -0.89419574140251623      -0.43004367067916133       0.12440424979254608     
 -0.67052182644729108       0.15074002857030622       0.72641442995331895     
 -0.86549092005257100       0.47537187670182152       0.15794633945604797     
 -0.85687725157735539       0.43137624340913483      -0.28226921963169438     
 -0.96651946746049877       0.25633458996100400        1.1519418797801016E-002
 -0.69231836676432823       0.30368574383736885      -0.65457638823193653     
 -0.47600839885568413       0.70093298376857427      -0.53113930045153934     
 -0.17895923896191818       0.54827967934495314      -0.81692287518932438     
 -0.30340428553667442        5.8383296135298891E-002 -0.95107162204031104     
   3.6744295272025912E-002 -0.21009951811810568      -0.97698927796139734     
 -0.20618251522172576      -0.20700267450012119      -0.95636743104658639     
 -0.69978154140261450      -0.11714207008080273      -0.70468683096064277     
  -4.8361582068940812E-002 -0.24003029697005068      -0.96956001047705975     
 -0.18063213055964333      -0.41571803345569902      -0.89137565036813304     
 -0.32286294940387283      -0.27250511453468368      -0.90636663577976895     
  0.37539683326012674        7.6593785093920605E-002 -0.92369400218000874     
  -8.8864870548061081E-002  -4.7392132883530775E-003 -0.99603241646039087     
   4.9836706038719318E-004  0.60237726862494245      -0.79821136165445350     
  0.40222256169517528       0.46142091911785355      -0.79076402691564629     
  0.48000456918786899       0.82563841423361883      -0.29650771069339543     
   1.9163221189618156E-002  0.42392652455747215      -0.90549382810171586     
 -0.57328714653100654       0.65783532798162137      -0.48846138934588840     
 -0.39341713332071582       0.72822656367428795      -0.56116756068832352     
 -0.20654818212678278       0.78665707986167444      -0.58181482205565238     
 -0.35204080022214723       0.93434255525344878        5.5418989718774798E-002
  0.11667479725989728       0.43106803092992263       0.89474428994802691     
  0.27322956493995065       0.38159647069801789       0.88302306787172680     
  0.24924164842157440       0.32753433192311215       0.91137251555214172     
  0.65084960079993059       -1.4517115422244337E-002  0.75906788266823932     
  0.33041848515784011       0.24228026603225458       0.91220825328287691     
   7.5293527717087166E-002  0.31413176473185084       0.94638898930111903     
 -0.34754877989264393       0.24910848147889614       0.90396615536782232     
  0.56785582999344208      -0.39037405399828468       0.72467085929232777     
 -0.32655300548927990      -0.28412195076598301       0.90146428198731243     
  -3.5184146540619958E-002 -0.13177510260026534       0.99065503489707962     
 -0.47466264090284294      -0.60520929519069677       0.63907518051161105     
 -0.64193489437969364      -0.76388793738298133        6.6293366927072148E-002
 -0.87474642105694755      -0.24173298178568814      -0.41998079047150361     
 -0.49735488146029289      -0.86413460163200251       -7.6873351363893394E-002
 -0.44038267482170013      -0.85581011143228225      -0.27138930134990624     
 -0.82789603911346465      -0.51355807033510625      -0.22549114575506063     
 -0.74862614526377225       0.28904942700979741      -0.59666516856004981     
   5.6508923535986570E-002  0.82966005564054968      -0.55540159671659861     
 -0.34097770379783987       0.92177088307378829       0.18458776944885019     
 -0.49457752433922053       0.83821304440427757      -0.22976502042089142     
 -0.74536432301976452       0.47806481472004753      -0.46463540426447586     
 -0.69672442908186305       0.53257209849153697      -0.48056428272284007     
 -0.47152742729254282       0.72773548447649061      -0.49805918317469899     
 -0.86071459278231444       0.33848436627848583       0.38026138846410151     
 -0.74038998500916353       0.27412475255354868       0.61374122408033172     
 -0.26496335934757692       0.91853500401714450       0.29340733562482824     
 -0.25250455805940586       0.96209146381455690      -0.10306048425284030     
 -0.25456719122120747       0.47045720586082901      -0.84490565308052645     
 -0.37498400796581643       0.44247354869044875      -0.81461902290532906     
  -4.4129897548741165E-002  0.78389028169615749      -0.61932913576277504     
 -0.42273987786110295       0.63043984911393791      -0.65102733607368957     
 -0.68900845502710617       0.61149785933029943       0.38902148647046397     
 -0.96953228210202813       -6.8390462668669397E-002  0.23522308257918562     
 -0.91804706126405755      -0.14633783267026079       0.36847636563813235     
 -0.86919160805829854      -0.30105035723040174       0.39226856985046410     
 -0.96136713088054304       0.10724528958576514       0.25351861376275842     
 -0.56090569351706165       0.66345290401141133       0.49519192959805375     
 -0.50157391926462314       0.47932540423198733       0.72018800349036816     
 -0.84553876453734800        3.5745257239416094E-002  0.53271612914345690     
 -0.38825612408816756       0.14031518250225142       0.91080669281001914     
   3.7015332629944830E-002 -0.59815815614667012       0.80052275756881031     
  0.37490621551980874       -7.7616126320324233E-002  0.92380791645219962     
  0.68743225335074909        7.6178421251797315E-002  0.72224216519720286     
  0.48099662032468421       0.53798439850276281       0.69225359385411267     
  0.29138517982650075       0.44302479810412454       0.84783471575676028     
  0.89644682500303441       0.20738183416021241       0.39163230816978223     
  0.70509256094667550      -0.51844828566984047      -0.48379319505720653     
  0.98784176000537915       -9.8138232172297404E-002  0.12057174036904181     
  0.67953518296279802      -0.37142546168191370       0.63267294989601142     
  0.34590999864997474      -0.32930768932358540       0.87857994433424380     
  0.36713822781078065      -0.17168460904741789       0.91418483727103117     
   7.5321808230379053E-002 -0.63990909368222815       0.76475027102165483     
 -0.47493785513472242      -0.69388046684232174       0.54126142620247630     
 -0.35945896749781642      -0.80115262129650655       0.47848064545516422     
   8.2272169755702479E-002 -0.89791164126310086       0.43241874909385658     
   4.6118875740089925E-003 -0.22781297326268946       0.97369398668486418     
  0.58720693170445071       0.52362446326964784       0.61725638176036102     
  0.76132199705214487       0.26505566270200909       0.59172148218073350     
  0.18565219915167766       0.27681515459073547       0.94281845078418891     
 -0.48314543288762446      -0.13048019753099482       0.86576290561109437     
 -0.14853402730939905      -0.41145258551022545       0.89924658053743811     
 -0.74269753813965533      -0.30494751573239143       0.59616053164395699     
 -0.92215200954699506      -0.36746991393997752       0.12083680580608366     
 -0.79082231110763512       0.18050806992304230       0.58482211735460898     
 -0.87401104688762854        2.5287950691038740E-002  0.48524757543784369     
 -0.92046926371649340       0.38946298007435060        3.2479558261024374E-002
 -0.94722107422039659       0.24577745865065451       0.20582924323820906     
 -0.84450287784683353      -0.48473696254255189       0.22769489773266824     
 -0.86016155295183783      -0.39736078107193079       0.31972881085297461     
 -0.80863700373688785      -0.41132802793038492       0.42061318289656346     
   1.4800382148713407E-002   3.7328142965799380E-002  0.99919345395723624     
  0.44185455464410217       0.28143360130962075       0.85179791065380073     
  0.33064906168104674       0.78297447116585783       0.52689863874565968     
  0.29516978723713849        7.7559738329130018E-002  0.95229159593727142     
  0.59026151846469177       0.33898262475842877       0.73258591300384746     
  0.16876530958222247       -4.0580902678034388E-002  0.98482052203409143     
  0.68543793698471900       -1.7387531323331019E-002  0.72792342200031912     
  0.93225991977364808       0.28571664111090006       0.22194017882289563     
  0.62937686418781513       0.76323613394789136       0.14613475514531127     
  0.65297184853646784       0.71050495911264366       0.26231749483252081     
  0.99491028166563777        7.4400032098039456E-002   6.7957094256960102E-002
  0.71510574681316785       0.69522122680028053       -7.2740749797640253E-002
  -1.8547737248488488E-002  0.63790391648556444      -0.76989257352918106     
 -0.10523993695376677       0.87125426667149253      -0.47941689423374717     
 -0.38548995734374419       0.67589809527991873      -0.62813952079461077     
  -4.6444813373096236E-002  -8.6721506385420158E-002 -0.99514936549294153     
  -5.0321354091659831E-002 -0.52171400115705979      -0.85163505230766745     
 -0.24001966248655859      -0.58821603847973325      -0.77226449723851820     
 -0.41354003179353394      -0.69168878332314032      -0.59207370244688262     
 -0.14696100847011839      -0.79637372800509310      -0.58667823151428400     
   5.4003088199266303E-002   7.3501050888680336E-002 -0.99583194464891112     
 -0.32785423523621565      -0.74998906445684366      -0.57448063817057871     
 -0.52047995237978051      -0.83472074768781757       0.17983851798272715     
 -0.91164062810902768       0.25867551294563723      -0.31937179616132411     
 -0.46684107637334316       0.38346065744141189      -0.79687974852249022     
 -0.23315525864227032       0.93440179392483613      -0.26931749456273563     
 -0.40212397412187539       0.88743763575748935       0.22527927573941939     
 -0.51418436691690772       0.72229351714590739       0.46250028314297520     
 -0.80344774139925224       0.48010074053966473       0.35210084602825331     
 -0.79318606261476921      -0.19893342618169105       0.57557046659935762     
 -0.88030686577066608       0.22194933078638118       0.41928309844369910     
 -0.81961272231013316      -0.12929042870063273       0.55813884515759216     
  -5.0847223899555052E-003 -0.78597164622976967       0.61824163311859337     
 -0.20489751088972846      -0.85966746835299490       0.46796244922729402     
 -0.89139458635812674      -0.44887311812548930        6.2678666512505726E-002
 -0.13295911594648752      -0.94774241509925139       0.29001066895645389     
 -0.42691921170282682      -0.89883293845994094       -9.9193424270846708E-002
 -0.13705751999158677      -0.97336242965809761      -0.18379558412503419     
 -0.43352581271975782      -0.78642417656220154      -0.43999134562418002     
   1.2379093674077774E-002 -0.76138095617916834      -0.64818654537683895     
  -1.3070173115792436E-002 -0.62050379281767265      -0.78409451832902699     
  0.27977870440023217      -0.88288109899607414      -0.37715360478153209     
 -0.25310630239298099      -0.94094258493885052       0.22486496289456556     
  0.16573220113816972      -0.60751224747017152       0.77682797753408284     
  0.41621998356173245      -0.52396081580968590       0.74311909461401593     
  0.30892669573344972      -0.48721555985708370       0.81681411281661243     
  0.30903793760010007      -0.40296200191349779       0.86146223256610144     
  0.55436175964295087      -0.57104273760171564       0.60546943050658797     
  0.72136678605121152      -0.66539580221151717       0.19203746088056978     
  0.35002021963591795      -0.86890234152040591       0.34999223812311236     
  0.64068761644160055      -0.71451214252521122      -0.28105475680452552     
  0.12102671826299988      -0.61442958123201119      -0.77963377503387843     
  -4.8347648492089154E-002 -0.31514254738679748      -0.94781204872689029     
   4.9425638240887568E-002 -0.64547902769812437      -0.76217709955523816     
  0.21632405212923481      -0.94993720814654414      -0.22544002539301999     
 -0.27422579553145343      -0.96148150630695772        1.8802289618470830E-002
  0.31160541447055518      -0.83949413017011121       0.44514230430572843     
 -0.74934452202985491      -0.63525345606525163       0.18691129944728832     
 -0.15412817726230235      -0.98654828293142749       -5.4470087377303147E-002
  0.18289999282407568      -0.80496528953127500       0.56442756424076912     
  0.45099916915857319      -0.73539164786127054       0.50576563117142437     
  0.61341021609486590      -0.76910778439830629      -0.17944671289383013     
  0.81812410636150323      -0.51237864751723494       0.26103844191737652     
  0.82698471597866652      -0.37038774811349739      -0.42297658987840309     
  0.58684206140302742      -0.58096384485455033      -0.56400124639945082     
  0.97257115574958053      -0.22770362597106281        4.7501639167382377E-002
  0.98173285568277613       -7.0797002764965755E-002 -0.17660233427809452     
  0.93288657951992549       0.35948199959285371       -2.2255824416123351E-002
  0.78027618711256019       0.16409336896381904      -0.60352501032454997     
  0.17121508964290047       0.56903477263142610      -0.80429150226452162     
  0.67300318470181142       0.60691945485788434      -0.42274754723869218     
  0.96180572613625270       0.13513397337969990      -0.23805157930626733     
  0.87051159597074323       0.22427640008911026      -0.43807494523609858     
  0.62256983997933679       0.31522844872009531       0.71626658407721666     
  -7.1195835597905460E-002 -0.17939284692342666       0.98119792063899103     
   3.4069279685683268E-003 -0.22868874536293429       0.97349363150779833     
  -3.0294181035422897E-002 -0.63903658625908399       0.76857953655933864     
  0.86324639336550379      -0.37741899585310468       0.33520227611208914     
  0.76710363033358042      -0.35562516939271149      -0.53393141808988520     
  0.67778084119015980      -0.64502526922316306      -0.35292426011706712     
  0.63139060670601033      -0.54451846360820988      -0.55212819575999195     
  -5.1816978365949853E-002 -0.82547426391005163      -0.56205626086290028     
 -0.35268065659821579      -0.86404092248320430       0.35923479610953829     
 -0.52820166921661249      -0.84720004044029418        5.7053379521018743E-002
 -0.18907829689344702      -0.72780186185374895       0.65920698382685139     
  0.25065898880280840      -0.96807513488176544       -7.7753201228615565E-004
 -0.74350315433705150      -0.37384637173267743      -0.55447448077724681     
 -0.93388780005768290      -0.35613584563440859       -3.1950529849903167E-002
 -0.98205733573893816       -7.3281681043731325E-002 -0.17376186159439966     
 -0.89120366997280620      -0.10593533492820351      -0.44105977309291089     
 -0.73867778750845270      -0.38626078106810530      -0.55241083918612122     
 -0.98823049646954131       0.13068442951160841       -7.9511418870842995E-002
 -0.31591841184511255       0.77669020316106729       0.54492924804136833     
 -0.67698250650744318       0.73493579221752869       -3.9548289477001841E-002
