 -0.69662814255990735       0.30839569970705294       0.64776641113583611     
 -0.87334895443883276       0.43601069474997900       0.21715496274382479     
 -0.42143782342569286       0.79230065518187121       0.44119137886482651     
 -0.12108686473314664       0.89035668528596323       0.43886551944270491     
  0.31216744564161170       0.66246012839126578       0.68095379004264800     
 -0.29149862757948553      -0.11352074281685028       0.94981134498890507     
 -0.64602158942781784       0.58889770546293918       0.48564966641981522     
 -0.49019802516560002       0.86369747318832391      -0.11718605263357848     
 -0.18147623165976923       0.55558533412983602      -0.81141315853421048     
 -0.13997667860023549       0.40039799998614006      -0.90558708640041541     
  0.54618406651745366       0.12779592105850660      -0.82785938905305811     
  0.48893034518987322       0.75585731146922108      -0.43546164268633963     
  0.85190455348452798       0.51724831999453680        8.1931722886527239E-002
  0.81993854893984330       0.50666262820619101      -0.26644653711700761     
  0.77514941521414793       0.22434046233376470      -0.59060540215364377     
  0.98569283983863609       0.15622489690407415        6.3272482788339010E-002
  0.83933840656859071       0.14963640438461659      -0.52260882669717201     
  0.83620696654017723      -0.17918710477427860      -0.51831447075333636     
  0.47841849114520185      -0.14096981834362252      -0.86674290169954415     
  -2.4705444272330734E-003  0.37017903838139909      -0.92895714430391862     
  -2.4409126815534518E-002  0.28877980791753999      -0.95708433122021586     
 -0.28954238838317276       0.19157909906828433      -0.93779670191868592     
 -0.50230010744819220       0.49319038158906747      -0.71025196202865715     
 -0.55626062539330201       0.47557924718071459      -0.68146789820805242     
 -0.52687913072956094       0.21960917723287285      -0.82107867520522559     
 -0.86104553629535330       0.27902341243819706      -0.42514294035918987     
 -0.32928580279110842      -0.44460489730922154      -0.83300500920999376     
 -0.76267154490935951        9.4173377999610709E-003 -0.64671742541420385     
   1.5931420707352303E-002  0.21118222924132851      -0.97731686565153564     
  0.44191053044804779       -4.4798006858233014E-002 -0.89593985381871499     
  0.84309418415608450      -0.37788849157669935      -0.38261270833069494     
 -0.13907185785370696      -0.31999970059836980      -0.93715484844827657     
  0.59856649828253428      -0.23702513145977142      -0.76520404742155579     
  0.70752471898142666      -0.37613779195322972      -0.59827178898460542     
  0.97267124750591261      -0.23190064929985379        1.1520986486622656E-002
  0.85883368238333002      -0.36161524477210893       0.36282105886006499     
  0.16077119223829153      -0.13880166539997851       0.97718305420658425     
  0.17258285637763648       0.35489224817219922       0.91883983907527234     
 -0.10255733825307357        2.6129483614083376E-003  0.99472366256733358     
 -0.59355627488743967      -0.19501911460118732       0.78080630983744559     
 -0.55800225739938858        3.5647575776119066E-002  0.82907341718241678     
 -0.29636887513714472       0.28426937178688599       0.91178748297717827     
 -0.13948211942641081       0.83850543133290978       0.52673843602455672     
 -0.66922308599427993       0.63994592024222341       0.37763696897642640     
 -0.35423703369145093       0.92457600216154445       0.14026881402687008     
 -0.41192004009285105       0.67808723205362420       0.60870320049741233     
 -0.40930048717908785       0.87967427183870828       0.24216995408189054     
 -0.31683634156355667       0.83262017019266221      -0.45426686523780202     
 -0.50272613670289357       0.81061109294397349      -0.30029333571021277     
 -0.35725042987070632       0.93400713100821697       -1.6761810734366445E-003
 -0.73991009596480151       0.66940522330078234       -6.6555968229934606E-002
 -0.36872404253443047       0.84153471850588224      -0.39479348779621737     
  -5.8280952970263665E-002  0.29789327539268895      -0.95281841239381526     
  0.28106672961453183      -0.23398127899787852      -0.93072780907327024     
  0.80628892011828734       0.35223925405948986      -0.47521120061934063     
  0.62688778473790518       0.55394117852505054      -0.54786939691926995     
  0.44330265479907294       0.83471278683306038      -0.32670677946059024     
  0.11101961143532545       0.90604904536713338      -0.40835006216002895     
  0.24128132270310707       0.88577201750572532      -0.39647352536894587     
  -7.8318187794696237E-002  0.82036046533690410       0.56645826710605118     
  0.13833113325260304       0.82827847432204493       0.54297262044032379     
  -4.8660403257485656E-002  0.99133958581418380       0.12197536945042819     
 -0.80111712689397618       0.58600184669087252      -0.12170942721114672     
 -0.79746411052329036       0.59746861831780462       -8.4156060701370355E-002
 -0.59771228594923342       0.33665399039937677      -0.72760161762710218     
  -7.6238779282567587E-002  0.74072411519034609      -0.66746942529900732     
 -0.36681473030692663       0.80702044335488388      -0.46277959941765784     
 -0.82600046072428157       0.48732413657577622      -0.28326387837846484     
 -0.93452175347789812       0.28466342370483666      -0.21362543734604161     
 -0.98705728462366804       -6.2342516274614776E-002 -0.14775428093961826     
 -0.95077758989075223       0.12746552278037851      -0.28244382638660392     
 -0.66299032735027974       0.43810414057877983      -0.60704908190994111     
 -0.23958940608764046       0.94253875793508357       0.23284674419203971     
 -0.40274827698862148       0.80851634770330894       0.42906309661781622     
 -0.41231527708518140       0.90576282621471838        9.7927600449210617E-002
 -0.84913279784808549       0.21930649329624796       0.48049781853502277     
 -0.62989174828281835      -0.49612367058057411       0.59757651303823234     
 -0.38918752641866777      -0.41070639652110869       0.82453218562823405     
 -0.20907521903270473      -0.41383839537008632       0.88601655475729402     
 -0.45453840148428298      -0.10457695388686244       0.88456684444531264     
 -0.72294194990472271       0.29911586386023792       0.62280385118845516     
   3.8909832344407938E-002  0.40058996679730441       0.91543088403676232     
  0.59088176984173368       0.21739688955287195       0.77691526338554584     
 -0.40263159696610301       0.10215243093359244       0.90964425902598256     
 -0.46834725511573999      -0.31581119775276334       0.82517521533280513     
 -0.49239182522418012      -0.43458371525235862       0.75411357559049641     
 -0.73071324027523543      -0.48342356835724126       0.48203715006551756     
 -0.52255777888362842      -0.81193256163498828       0.26019009028987289     
 -0.62190496698669517      -0.70533783722552401      -0.34019516077587503     
 -0.22497079835035116      -0.97431896532233342       -9.5233241504205576E-003
   9.2257175175754235E-004 -0.99623626553910649       -8.6674402715314736E-002
 -0.18904239323502905      -0.84260552944102940       0.50426074139815635     
  -3.1530375188750098E-002 -0.78573795135830327       0.61775537815205006     
  -7.1079610772876473E-002 -0.97677480994881738       0.20213525071558408     
 -0.49447808420331946      -0.71787214862124904       0.49005204057994295     
 -0.85996797072905540       -8.1896745607785232E-002  0.50373406910696605     
 -0.93380858577287706       0.32972337565146786       0.13886691717585781     
 -0.58675945586638889       0.48451681760582926       0.64881183282101240     
 -0.15061390956927764       0.70648229150394526       0.69151877923568938     
 -0.15714367954029831       0.68573693263638313       0.71068327910473761     
   5.4154804237990413E-002  0.15318230574339678       0.98671294629448536     
  0.53946407900779525       0.77646522176064126       0.32569965743990503     
  0.55014515616490689       0.82772206886664468       0.11052820390939046     
  0.87961940336283750       0.45047689219103426       0.15277524285551025     
  0.99563708926723415        5.8893620644109336E-002   7.2376293929439964E-002
  0.81861729202330036       0.50710782988608627       0.26964305677822620     
   1.5374091291121706E-002  0.88198860628923337       0.47101988885073187     
 -0.55271596101740605       0.55792304311102570       0.61905326459227539     
  -9.4479719394122350E-002  0.82635734199452482       0.55516405319057327     
   3.2787307503858672E-002  0.49870836024403520       0.86614950435210980     
  -7.6294876209049099E-003  0.54617836670648690       0.83763415800724650     
 -0.42568924018948462       0.27157102875256045       0.86315574905645609     
  0.18355599284469257       0.28147548720753013       0.94184857997032567     
  0.43653782566502630       0.54197566235163130       0.71812053875526671     
  0.54894222142038351       0.63051686649597893       0.54873574569744399     
  0.38803058693882214       0.28800977105216663       0.87548994019256621     
  0.53402223530057402       0.48624843383899879       0.69165216170683019     
  0.52011632271362107       0.22959119182659835       0.82265843184308429     
  0.82565760778797748       0.27434580736779313       0.49297453553057863     
  0.91065839796266368      -0.20355621390618861       0.35953602044898048     
  0.95523044503783983       0.26903474189146365      -0.12310607023288643     
  0.61346179163546155       0.67568423356139384      -0.40879756202792594     
  -6.9987049687370531E-002  0.96223831960861306      -0.26305746359464710     
   9.1848409272155429E-002  0.67803632850224160      -0.72926717116937267     
  0.43548348458052172       0.89537572547954480       -9.3040017624569343E-002
  0.47186109294168110       0.88053750723558477       -4.4730384742684509E-002
  0.15464793062256074       0.70819446438989575      -0.68887198967710406     
   7.9008021359016536E-002  0.98030385097553785      -0.18100301744310460     
  0.63225346836993734       0.77476152629899286        3.5930630723079386E-004
  0.73648003242005877       0.24297471389795769      -0.63131644224807704     
  0.30148976527695487       -1.1533493340008234E-002 -0.95339965385178493     
  0.31203474088083799      -0.62071869716960204      -0.71926533314733021     
  0.25826085344126004      -0.78960258609033973      -0.55662293127334050     
  0.63762635054482397      -0.76049845046743914      -0.12277924876616858     
  0.31409884794334619      -0.85857585728730601      -0.40520292571023381     
  0.18520776674342943      -0.88496011340098313       0.42725130874853479     
  0.43540489927152648      -0.78836941649462988       0.43462194701407775     
  0.13954728814242789      -0.90039330554492436       0.41209034167527497     
 -0.47562939391104314      -0.65117777294796908       0.59139173790845978     
 -0.72238855420987058      -0.30139206919441786       0.62234845333890887     
 -0.83905156043348894        1.0877965887652500E-002  0.54394314849286696     
 -0.87447409197997639       0.44943838129153607       0.18248343452992644     
 -0.74329486931028821       0.49408909499413978       0.45098636727171421     
 -0.53251632795397330       0.80915592248346846       0.24838086394156739     
 -0.83888380186394862       0.30846206829209527       0.44846975304392978     
 -0.97841340408860544       0.20656066681402244       -6.3167733172364640E-003
 -0.68042053975917682       0.36072579453188214      -0.63789089210709882     
 -0.95111636031058400        7.0523458899648839E-002 -0.30067276380553654     
 -0.88789887588751093      -0.19003349529701091       0.41895448065740509     
 -0.60980479271506005      -0.42313811874011448       0.67014345274043574     
 -0.65668655981997837      -0.25227937205581175       0.71071645582957776     
   5.8173159228709619E-003 -0.50919232216106625       0.86063310294671702     
  0.50740583211599621       -8.5893376902958632E-002  0.85741568060008566     
  0.60899811845714180      -0.14415220404938317       0.77996245664994779     
  0.88792136976562042      -0.43937998162598163       0.13616487381079573     
  0.94233194717583213      -0.30448524614158951       0.13892169094112589     
  0.58988594372325898      -0.47122999610219063      -0.65572621128888997     
 -0.36093402237158606       -6.4771463569007232E-002 -0.93033934077938751     
  -2.3858072029274466E-002  0.24899257858359489      -0.96821148940164470     
  0.74798612993583724      -0.10697413538158380      -0.65503685681268009     
  0.80325159621898978      -0.38840610083384336       0.45158340758574678     
  0.34458288169656698      -0.41131612718606753       0.84384932372929577     
  0.27069838661277801      -0.79250365880972140       0.54649824726021312     
  0.76051174011204825      -0.64805084211991049        4.0644792772039334E-002
  0.87717506591648076      -0.39676516436915926       0.27044649762487671     
  0.59700700196701095      -0.79664572909996567        9.4542170004297904E-002
  0.23031319629486766      -0.39057512822960000       0.89129506944722381     
  0.46899645506947252      -0.39002950672817105       0.79241359719130344     
   6.5629619070227505E-002 -0.46239744633877189       0.88424055251957545     
   8.4993922577961983E-002  0.87577181637039569       0.47518392099919093     
 -0.13385759056088856       0.97469022617348378       0.17905616004811725     
 -0.58393304703402993       0.63153701656114392       0.51008155553266721     
 -0.37314722977677062       0.73816201226952682       0.56203023811192154     
 -0.49311661317556338       0.80650888287451483       0.32615859279629650     
 -0.27196450843488568       0.92683941658968194       0.25885131254740523     
  -6.8711671465960522E-003  0.75313496071694797       0.65783015893766883     
 -0.45155033676420603       0.88355507267468159      -0.12422852699384207     
 -0.56174887263715612       0.79413740045782355       0.23191376260377117     
 -0.31652092631503342       0.80899916554078588      -0.49531288430551357     
 -0.64297091114966876       0.19156069098462591      -0.74154764451440858     
 -0.36496294448823768      -0.69570190694595146      -0.61870906395678638     
 -0.74311444342321398      -0.50230634815080022      -0.44211905249977823     
 -0.96365028845091161      -0.24209159513793652      -0.11300345628373787     
 -0.97607023778266999       0.16751136968799660      -0.13866085222645058     
 -0.68753995002690571       0.34392223491275631       0.63953601419281758     
 -0.59502504078347973      -0.38735712705882480       0.70420143208983788     
 -0.57660372356997180      -0.35340312060057599       0.73663721078630517     
 -0.94090444880878199      -0.11988132496276800       0.31674482811406146     
 -0.23969072218156454      -0.95272905827365761      -0.18669681095589122     
 -0.67209169107029898      -0.72599539691595172      -0.14568267725138259     
  0.35212334521594224      -0.82322773569796970      -0.44531477061907820     
 -0.53414467774063734      -0.78461740083595788      -0.31474592538553436     
 -0.65650224051027928      -0.55039856908802209       0.51581607511870231     
 -0.56702184564183056      -0.19791178918584157       0.79957310501678913     
 -0.35993843450952823      -0.16794185765029054       0.91773626702435651     
 -0.50839829281834636       0.35470025232843461       0.78467758146747613     
 -0.74851871091595013       0.43756473294047810       0.49825379466240582     
 -0.98510040900944384       0.17193439400136223       -3.9684164182377871E-003
 -0.53898482228314770      -0.69022048410202896      -0.48279503381290723     
 -0.72220273588475781      -0.52108802266549326      -0.45485215280922875     
