  0.87810129705494200      -0.36781749592111157       0.30602026371601909     
  0.59649382542638041       0.41678873836186220       0.68591709688778257     
  0.69986683871998001       0.61962977609152747       0.35531021465884682     
  0.34661245381560241       0.75711504528132945       0.55374779012525333     
 -0.17921647677943017       0.92116793147175546       0.34544333323837884     
  0.18421737095259577       0.85326443661020956      -0.48785629180694229     
  0.54533022286400301       0.83362057802094958       -8.7702223068457152E-002
  0.64594865318673522       0.75697145818157774        9.8714481940010798E-002
  0.52892232763579661       0.26003330915936168       0.80785137832154297     
  0.21607428039705071        8.3303755448354833E-002  0.97281672974879663     
 -0.13707222755255746       0.54581997157286299       0.82661464000222939     
  0.72512876672870108       0.56495345540400765       0.39372054161503622     
  0.37504657447709605       0.92497921994605470       -6.1265892966507363E-002
  0.42412610186670419       0.79308271793396856       0.43719200842404332     
 -0.23182488671051538       0.79076760576319771       0.56651903372898615     
 -0.76106655114153277       0.62561617650930845       0.17141208949035680     
  -4.1696679393551137E-002  0.42062737676762785       0.90627479102156883     
  0.13897971974398821       0.26258379716077773       0.95484783445768706     
  0.63180537954638871       0.61646756502949973       0.46988264879954028     
  0.73620415822003549       0.65898975800070958       0.15406471455115800     
  0.84637094004401181       0.43832750553980437       0.30253136983840673     
  0.84301411829893702       0.47123013521640461       0.25936336675137167     
  0.97830820624626624       0.14045285627898163      -0.15226965802246367     
  0.83439280258120130       0.47845300557130793      -0.27362633729319980     
  0.79930716761975906       0.58802564152509129       0.12383011225339326     
  0.74751282025786669       0.63833943940648996       0.18370450089315404     
  0.53092076986599623       0.61804652628631374      -0.57977722227626949     
  0.69467869082560485       0.40898052791958084      -0.59174018310022469     
  0.74317203773554641      -0.22820726300151167      -0.62898073693984313     
  0.42775507079491432      -0.23313362393008907      -0.87331226534528072     
  0.71274933796626372      -0.52342424736844484      -0.46692123371667993     
  -3.3480182300615814E-002 -0.50385342770357933      -0.86314008178540236     
   2.8614693561657349E-002   7.7832422590514830E-002 -0.99655572513840462     
  0.52956164927240112      -0.23745841815864227      -0.81435739037938926     
  0.83579455116235735      -0.22505438114081747      -0.50079735799688829     
  0.94809120517849621       -6.0319184047023619E-002 -0.31222533961728871     
  0.61820640102313273      -0.11176788665954517       0.77802878175920909     
  0.51334686469214452        9.4135715649646540E-002  0.85300261637929631     
  -9.1128195440629209E-002 -0.10429494982662457       0.99036266864036260     
 -0.51322276934463018      -0.49653413298807697       0.70004017299299481     
 -0.43859218387780280      -0.39969342013973341       0.80491121630795892     
   3.8663480394845835E-003 -0.32029412068796287       0.94731025942168656     
  -9.4767082340952172E-002  0.30104658439205412       0.94888890505186574     
  0.20731727283370704        2.7913390962056958E-002  0.97787544758515399     
  0.49487199240837826       0.17691879844007430       0.85076521431492802     
  0.76734636907225706      -0.13656677393250855       0.62652140117423161     
  0.61648105113173446        7.2913641301212001E-002  0.78398642495117776     
  0.52327941519908872       0.70415983865212550       0.47993496982229034     
  0.48711716873304944       0.68822113400465890       0.53765094125728252     
  0.42009920993344507       0.54795964912530148       0.72336496787151927     
  0.33494755033639162       0.40336607680121173       0.85153153001499537     
  0.21100187106339635       0.56477692754740716       0.79781278036758874     
 -0.70742171168232670       0.22616119582248323       0.66963096952318435     
 -0.96811149311483558       0.20835912151077851      -0.13909210395358743     
 -0.68211566378792987       0.70190913460748905      -0.20504094217907967     
 -0.81147469389680971       0.46754176698459848      -0.35059024129316202     
 -0.88196505597050423       0.45535217085015040      -0.12162253306450291     
 -0.58359855763686119        1.2918287751498045E-002  0.81193955524151062     
 -0.75141659333959632        4.0005898419585378E-002  0.65861417487445251     
 -0.83785612522029440       0.40648379258256612       0.36437348942882924     
 -0.33395488345092561       0.90238124587396351       0.27236413661541803     
 -0.52793188199530938       0.53542820284990111       0.65924545320069972     
 -0.54584298468312442      -0.29337737938110819       0.78484721401029434     
 -0.40901652007895256      -0.22503260487623516       0.88434484961759674     
 -0.92069696196287742       -1.2405124908957586E-002  0.39008103915516479     
 -0.89622592760554687       0.34948097828939656       0.27320712381169981     
 -0.96991140429562472       0.19611885174784427       0.14425416391360091     
 -0.94994057429756062       -6.3754944132763336E-002  0.30585652257537449     
 -0.64844044624689146        3.5758538629552750E-002  0.76042508808314202     
 -0.63648536948754486      -0.23208148260558775       0.73554371716436528     
 -0.51038865883929940        5.0789597889083882E-002  0.85844267931791807     
 -0.82674099521118305       0.34888111542558042       0.44134033821600965     
  -4.9801533813583841E-002  0.69894381999981170       0.71344049766883288     
  0.28776010429209509       0.69454626982200840       0.65939335866704651     
  0.16690519343953833       0.45915633755498791       0.87253545147806977     
  0.82345284369880112       0.32606175604480492       0.46433731860519306     
  0.99617363037375739       -2.5136524073830248E-003  -8.7360057804463626E-002
  0.89567866367651305       -2.5568107248822927E-002 -0.44396621867713132     
  0.83002664128328030       0.38208961895935184      -0.40627982702016607     
  0.86161163885462921       0.50115472284744289        8.0432130134787144E-002
  0.75586144923401388       0.50615854180841990       0.41530350361668661     
  0.48259794838402398       0.83805191890448116      -0.25449597528469214     
  0.46210346647716682       0.41315488008863588      -0.78470595214304550     
  0.81785012050505512       0.25599138434246577       0.51535385079800866     
  0.92242787422010220      -0.37222531179256019       0.10283547113100068     
  0.93131351929568418      -0.34646270569116949       0.11233308658744723     
  0.54120560390242178      -0.83297863532848182       0.11507861396010136     
  0.81240747934099589      -0.29516580062061326      -0.50286304065301446     
  0.57139299102832375        1.3540125552086932E-002 -0.82056487543872025     
  0.68129299121070586      -0.15142987904960253      -0.71617655075982589     
  0.35937955783520742       0.42402761146176360      -0.83129231809766979     
  0.49998035818159997       0.45292382708741424      -0.73815963604706158     
  0.37995332599540937       0.75017639298838046      -0.54117543317119898     
  0.17840028475540973       0.51377757600950724      -0.83916979258610602     
  0.52282470067819176       0.18522183941444320      -0.83207403670871050     
  0.57112249495243639      -0.78982168555571042      -0.22360858835316760     
   5.8469777079280499E-002 -0.91276717172962407       0.40427388659306762     
  0.55050763405319758      -0.55598018838015428       0.62275787829458962     
  0.43415926707236790      -0.22482288805832878       0.87233044187413267     
  -1.1657904329529019E-002 -0.58968039303896624       0.80755255391344849     
 -0.15144502830706766       0.27433272679699811       0.94963464469724079     
  -3.5474469777332908E-002 -0.17290790258334376       0.98429894809364116     
  0.14704688373629474      -0.28673095439626672       0.94665863634917136     
   3.2820697729785540E-002   2.9962780182875431E-003  0.99945676450690435     
 -0.10786747713703443      -0.14769085131811227       0.98313377513595879     
 -0.25308273766142414      -0.20062540761944661       0.94641353208593171     
 -0.15153302126329254      -0.89178712819093997       0.42632553460915135     
  -9.6008761559264452E-002 -0.87853529354367965       0.46792954138630000     
 -0.22165550443524393      -0.96521236681801703      -0.13868642433614897     
 -0.48600804795895580      -0.86498785249890520      -0.12486870043570940     
   2.9840678811606326E-002 -0.77980419340522955      -0.62531188525063897     
  0.28281087762325208      -0.65165163092702927      -0.70382395484108273     
  0.41668441479481283      -0.84521514674260623      -0.33464227793871165     
  0.36538949344353955      -0.55360006845605403      -0.74834315810763952     
  0.67042149115563210      -0.58560255691735108      -0.45563655420575833     
  0.95313705883751831      -0.28748033870212802        9.4259227295073592E-002
  0.65013795335112579      -0.75714612202717035        6.3642686238496005E-002
  0.91402782149013706        3.2074270318692158E-002 -0.40438148167977733     
  0.85215867767976972       0.27491434296092587       0.44525014552436226     
  0.60442730644040432       0.69312841694757554       0.39273480727964277     
  0.38675166967416613       0.40449590665284979       0.82873771936922858     
  0.13829285681320158       0.52248398671621854       0.84135935805075523     
  0.17215960043461795      -0.11538647131610842       0.97828780745514887     
  0.55078145245760879       0.75998887134490090       0.34504594920183124     
  0.33380745572780335       0.94067113488157206        6.0913040485053013E-002
  0.25482286259756748       0.74566097584228008       0.61567444140837613     
  0.59497267506483009       0.42148292364696155       0.68436807421169854     
  0.88383188846595417       -9.3733041842677056E-002  0.45831791345927175     
  0.99559396808042266        3.4944244573945132E-003   9.3704000552621888E-002
  0.96141895843613090        1.4646396802751802E-003 -0.27508442556822749     
  0.92122827256702744       0.20942807785786155      -0.32783890865485193     
  0.64841853556155182      -0.74478180578785824      -0.15764981607225736     
  0.38450083583275863      -0.90306420674210108      -0.19140048522730943     
  0.63942072489039636      -0.63931615228265182      -0.42710185437575399     
   3.9006612123272388E-002 -0.97449523907345537      -0.22099211124818630     
 -0.79305140848579603      -0.40912421957215672      -0.45131678060788438     
 -0.19413087044079735      -0.94379124443061746       0.26752811455627667     
  0.26955516658471479      -0.69950671984429169       0.66183862161423124     
  0.38724233562958238      -0.80002646597605265       0.45825869029845112     
  0.69757823702191057      -0.48494366512189613       0.52746018322863564     
  0.46919410308226511      -0.67411710620154719       0.57045860564928541     
  0.49654564221121722      -0.82181811924752601       0.27938755175830088     
  0.30411980622414481      -0.90580408997632744       0.29500863384720999     
  0.10899547478539266      -0.97505658786444116       0.19335107172825483     
 -0.46723524419289625      -0.88313336525295505        4.2031961184504807E-002
 -0.40353297771193058      -0.22882163120959051      -0.88589039784250878     
 -0.51994928956875763      -0.59398446985239806      -0.61386902988431791     
  0.38982974989955854      -0.57051784296491448      -0.72287077472531536     
  0.47318116601450017      -0.52257061029305429      -0.70923870550549550     
  0.76977927370938293      -0.54747321489596090      -0.32819650933393119     
  0.39277893090198474      -0.29598938942672182      -0.87069799172061291     
  0.16988092614724054       -2.1322270168613683E-002 -0.98523389696366903     
  0.13157299543186507      -0.27531080672849673      -0.95230903942554668     
   9.3165624048373696E-002  0.26011237929197190      -0.96107321086106179     
 -0.27847601587358506       0.40389556496795020      -0.87138939698759244     
 -0.80215407553236662       0.45560961410476336      -0.38596465983578271     
 -0.83410472104109956       0.36270023282701025      -0.41559337752688735     
 -0.92535602480173440       0.37554827608976210        5.1766009013246753E-002
 -0.52075710004349895       0.71537613487940155       0.46588520946612783     
 -0.50679788289128647       0.86051729539370125       -5.1632259540688896E-002
 -0.39086075143313226       0.76494410009943870      -0.51194569703459891     
  0.22036982400461719       0.28479372186438007      -0.93291461380709595     
   9.2536332113763498E-002  0.46787528948779394      -0.87893671030722265     
  -9.0351182150123416E-002  0.79637359699344845      -0.59801819194389660     
  0.20019961024829641       0.82059783866993641      -0.53529366073836682     
  0.31015664079617361       0.79072605261341544      -0.52778325843892449     
 -0.10171619690791472      -0.28451320949267411      -0.95326074549979278     
   9.0866799059293249E-004 -0.28295288990759077      -0.95913337780281160     
  -5.6338938625918433E-002 -0.42935336447361810      -0.90137761920835802     
  0.98479213674220234      -0.17281899294809425       -1.7833762563866953E-002
  0.75023152819149375       -4.9485456532062287E-002  0.65932074417488451     
  0.25650098902836044      -0.39603136260952243       0.88168384495641738     
   6.6244626975682619E-002 -0.58825945381785072       0.80595438108542294     
  0.47529725465715339        5.1200539076107082E-002  0.87833423280308209     
 -0.36107510737921789      -0.32088750298550428       0.87558893166762464     
 -0.46890942406709424      -0.76774782872520142       0.43667748225530023     
 -0.43517899929639275      -0.51670264915880759       0.73731784931855615     
 -0.54682428330451549      -0.66852018335066576       0.50404758469944810     
  -5.7022129622602113E-002 -0.68985304900462063       0.72170024768763041     
  0.70373503270938298      -0.67903854256827945       0.20895851608459476     
  0.99665621471699473       -3.3515045526760767E-002  -7.4519335674479215E-002
  0.72098888141526207      -0.67515782587874873       0.15600302250383680     
 -0.10441734813178855      -0.98320241093745619       0.14969982142914287     
 -0.61277153907799764      -0.78917081165676939       -4.1478559823175470E-002
 -0.70220020068566036      -0.58256404183035881      -0.40930919281554135     
 -0.99517641926034972       -8.9952491728405429E-002   3.9146440196025617E-002
 -0.48680897105026466      -0.55586462902608613      -0.67381862537531512     
  0.23905290236438154      -0.91185717326136262      -0.33372174853154912     
 -0.76117583590946758      -0.54507163077510334      -0.35143742565600616     
 -0.70703881126243207      -0.68012605014884364       0.19371286812587529     
 -0.99300422069738137       0.10714605825873692        4.9621969698835533E-002
 -0.87700427630500233        4.2750227900214849E-002  0.47857697119401726     
  0.15965173304214680        1.0317655716243018E-002  0.98711948117600135     
  0.11472904947654500      -0.11027799187955527       0.98725681041622682     
  0.83395534498597568       -6.5805539447819486E-002  0.54789425398274072     
  0.80266070878036822      -0.11524785456475135       0.58519545333036782     
  0.34028327362808414       -2.2583651512056990E-003  0.94032026112162415     
 -0.24745291741148115       0.17802640579625587       0.95240414347265012     
 -0.89924315706251934      -0.31283933959012378       0.30576672821138051     
 -0.66408001379941239      -0.74618370402438061        4.6985264931464224E-002
