  0.84606879621307884       0.40228307694192056      -0.34976551871323458     
  0.82999333718984125       0.55294771158684697       -7.3211259184431887E-002
  0.56901399345717429       0.73009295884353642       0.37840103950314219     
  0.43725075563268684       0.18958271177055086       0.87913034988925542     
  0.69597438354172125       0.27500789550504917       0.66331765758467964     
  0.13892940308464785        9.1246810910724147E-002  0.98608957019998822     
   5.9093578968542379E-002  0.57800187554247617       0.81389297871040323     
  0.20288582955363413       0.50882710351899829       0.83661957835732836     
   5.9815265620288965E-003  0.62892439388007182       0.77744345654369573     
  0.30951530811392342       0.90827535399798975       0.28148917450409966     
  0.26813283482518485       0.74394027360155590       0.61209284606362768     
  0.35573236399973290       0.66888584190284894       0.65272215812326950     
 -0.12606527713764037       0.38016259092683408       0.91628813719266211     
 -0.31539763723683356      -0.20401014738331225       0.92677084017036293     
 -0.50743339601683723       -9.0721278816316614E-002  0.85690197699431603     
 -0.50400373076215743      -0.46556605362826065       0.72748092008442067     
 -0.31340138978169779      -0.68820383178815114       0.65433558270588210     
 -0.23145830626924954      -0.96723122724737953       0.10435902211354883     
 -0.80491002767470587      -0.59252475833913665       -3.2159883455327443E-002
 -0.79755442088393635      -0.55905816445405521      -0.22662946517557647     
 -0.65573273060956605      -0.74856354863608210       -9.8321918516244847E-002
 -0.60880296362691277      -0.77056398939724902      -0.18865335863242430     
 -0.42453635837540465      -0.69486773348801401       0.58045474705145672     
 -0.66591147195176648      -0.47196801320377524       0.57776128810740546     
  -9.0526856296492333E-002 -0.56362506624659536       0.82105521920733171     
  -5.0025186484922941E-002 -0.83635060348235490       0.54590763758340666     
 -0.22160901004788366      -0.70822718820982689       0.67030119837729718     
  0.56192365826064006      -0.68053896006427317       0.47022178397181091     
  0.21497607900469218      -0.47709535568815209       0.85215333540189242     
  0.18635658764369514      -0.97577730349076774       0.11458567202805707     
  0.17422893690284261      -0.88921119401378801      -0.42302213888438389     
  0.53769027809991210      -0.81920902173761245      -0.19946363964538821     
  0.58663225239942485      -0.79399970061012948       0.15945869645728811     
  0.86322352050585205      -0.44697511888701635      -0.23464525723201055     
  0.84314440117764922      -0.46407069095429493      -0.27156198658873709     
  0.69905917766802983       -8.9246130685916733E-002 -0.70947261700203557     
  0.58515757957428960       0.45392056824255411      -0.67197226489874384     
  0.64144885092879544       0.31402815298073961      -0.69994977732526131     
  0.83560287679239065       0.26668705904551060      -0.48025602009133816     
  0.90829795606276120        7.8689144513142267E-002  0.41085622977878272     
  0.95451773165244180       0.27725518902923119      -0.10966065893231300     
  0.77198723146520210       0.39892339227101997       0.49486951972584453     
  0.33873323810638623       0.84376975249058295       0.41630805683291527     
  0.87328086990922926       0.46573543064509543       0.14307701035611939     
  0.31451375703425444       0.54697259224104089       0.77582348506174392     
  0.39757777621059209       -6.9837511947725375E-002  0.91490689897300403     
  0.10547472269876267      -0.60272083196682624       0.79095049249929728     
 -0.19494140181421987      -0.59792117995047012       0.77748833587737887     
 -0.27504185499905820       -3.2550727968287535E-003  0.96142674317900922     
 -0.54030011029131630       -2.1133656274312254E-002  0.84120696584829124     
 -0.67376909906334870      -0.45373430218537819       0.58323270155894336     
 -0.32556252568028560      -0.46848616932939396       0.82129760198100366     
 -0.41395497559359551      -0.73700075427448886       0.53429501811278612     
   9.2680480246173799E-002 -0.59399968222087562       0.79910869479867663     
 -0.68356641402453566      -0.24217483492836772       0.68854070827006586     
 -0.59641645157063750      -0.58907109346561859       0.54523633695777318     
  0.48073944186930079      -0.53365099456194554       0.69577741055186759     
 -0.28962221523653653      -0.28670167313164097       0.91319281811949615     
   4.5445675551750775E-002 -0.11097336556951365       0.99278376432525617     
 -0.18622345606628365       0.24508998460321574       0.95144717344577667     
 -0.47721893623883777       0.58882170130543932       0.65234277106967797     
 -0.42290849919722073       0.85828271671222167       0.29068742576838541     
 -0.42615454344131387       0.90108048509525684        8.0288632351483716E-002
 -0.26094571925614501       0.88574379846251872       0.38388182437714180     
 -0.49277409915827752       0.85665423189793355       0.15269975170299024     
 -0.15328572156051737       0.93486489562524966       0.32020480085919867     
 -0.65494396834220392       0.75066142137414715       -8.6924270447008789E-002
 -0.28841084616926305       0.94785529820798309       0.13560795504338169     
 -0.21439116872437941       0.97398241858675916       -7.3448451698661432E-002
  0.10142466986725511       0.99337092269038574        5.4104032156752593E-002
  0.48204735076413052       0.87131138509154560       -9.1906592968999334E-002
  0.92929150657769932       0.36544545469932949       -5.3543584509515560E-002
  0.40069092311872084       0.80525374371847225      -0.43705056041343654     
  0.31942209647382475       0.92484348894147617      -0.20648013281397601     
  0.17229066458194126       0.95096799421547851      -0.25685754977366354     
  0.35064621153295900       0.90332805621268764      -0.24707419370845141     
  -1.3208541583966962E-002  0.63490010443103084      -0.77248132134227487     
  0.18653134463326210       0.94198940453139712      -0.27903766631042382     
   8.9603108371183487E-002  0.98729806062034131       0.13120145755877549     
   5.3680281725256157E-003  0.61005949967391271      -0.79233742252349904     
  0.10017189034044698       0.77826191402764588      -0.61989836712130852     
 -0.26263941987583100       0.91179867633891665      -0.31566391772564756     
 -0.66892130205094369       0.68951847610865535      -0.27768428613669249     
 -0.46967695475236287       0.77408070007879404      -0.42450280086247694     
  0.69225248458229083       0.70894896740957403       0.13482529139053495     
  0.54121261624412820       0.59190175774941955      -0.59727817069717448     
  0.15293509490682486       0.81417265173819275      -0.56011940682988814     
  0.47699920366657000       0.39794888726705369      -0.78365071481134141     
  0.98129267665034070        7.0462906431668026E-002 -0.17916378420211690     
  0.94781283125222193       0.14383023073520732       0.28454121255153897     
  0.80899572234893891        2.0884078160159185E-002  0.58744342408482875     
  0.37624972506202548       -7.4954053219947539E-003  0.92648797255540161     
  0.72881095608100532       0.23871891346593518       0.64175374611293112     
  0.93253848450698174       0.36100966808290835        6.6328322835792625E-003
  0.94152177692730388       -7.0794875851115074E-002  0.32943106885184403     
  0.71901833093958656      -0.25747489328894924       0.64553800747804446     
  0.50050803201810379      -0.20438805165658183       0.84125931449547631     
  0.45776908932961957       -6.8298424550654560E-002  0.88644389899092924     
 -0.10275644159878182      -0.50431046495392085       0.85738676724562812     
 -0.35845529121615155      -0.82457549392609342       0.43770430545714045     
 -0.34670122152511662      -0.93786155833676987        1.4627384835868498E-002
 -0.69420209513713882        4.1355318375065640E-002  0.71859111374222262     
 -0.79879167158691344      -0.36692534371497965       0.47675744099386563     
 -0.89991831875841932      -0.35480802201421546      -0.25349218346408087     
 -0.85848889138031304        5.3831714204182458E-002 -0.50999899011908201     
 -0.98823725137727081        6.4152845494768948E-002  0.13882199899596917     
 -0.88288976105524064      -0.10463757806107563      -0.45777357621569520     
 -0.61740149684696322      -0.75575204449798994      -0.21829850876315082     
 -0.94507463261960833      -0.31282941866705766       -9.4719024463628579E-002
 -0.46894700190722027      -0.81305610948931284       0.34500503217251355     
 -0.47254570950777863       -4.3910900669293207E-002  0.88021155708625520     
 -0.69539021243284460      -0.53068433799092241       0.48456845322798375     
 -0.78502555731373336      -0.40360733974096091       0.46993189897207038     
 -0.61270164540237249      -0.75746064063887597      -0.22549960444347691     
  -7.6005672556316572E-003 -0.94366612478878875      -0.33081184426122773     
  0.25957450852194952      -0.81085457736978805      -0.52453401117949761     
  0.71846822224151907      -0.54891747608082808      -0.42719201547101121     
  0.38415585219685111      -0.50496017288381989      -0.77294210974953559     
  0.56185428520643665      -0.22169626527771219      -0.79697586422494848     
 -0.40154608107894202      -0.19943196955806122      -0.89386108220929061     
   2.8810825653491731E-002  0.76453335651426257      -0.64393996855466429     
  0.51824719539968434       0.59468792930484737      -0.61462680644394396     
  0.48858211040767247       0.38601203243957827      -0.78248465301338155     
  0.56232744490084785       0.44761955197620718      -0.69528740920565069     
  0.49083954872392543       0.45337210669442091      -0.74399614937172276     
  0.10275051818500865        7.8073603979344097E-002 -0.99163846404543832     
 -0.44886760769433331      -0.44139980962526770      -0.77697109265762498     
 -0.97652305679167029        3.6456086647656344E-002 -0.21230561297488842     
 -0.35587435188022076      -0.80276044431158189       0.47846537463281857     
 -0.16002564336365999      -0.15044086162102027       0.97558153970891215     
 -0.21752243419294714       0.47544291600001454       0.85243065656290384     
 -0.85894297287536825        5.6129534150909016E-002  0.50898570190533832     
 -0.80862399506363891       0.42279576818653952       0.40910997667003357     
 -0.47259329012003365       0.13534108374446976       0.87082625889695819     
 -0.63913984753029029       0.57743331803042075       0.50800690795247416     
 -0.20505325976958855       0.94178204087793560       0.26645777927794762     
 -0.26972305570260402       0.95593352779869656       0.11593344492786720     
  0.19137435820279516       0.80758958050433127       0.55783055176582763     
  0.20474774182670671       0.95324813380339268       0.22225291363059130     
  0.16264287844924813       0.80014405822875412       0.57733593355256896     
 -0.12184008519249978       0.50123031850580224       0.85669315478233399     
 -0.23425937045779391       0.72171092434020279       0.65134928344226339     
 -0.34098706914369942       0.86321623927724200       0.37227079246822703     
   7.6182345068269305E-002  0.80440455706180691       0.58917701828749525     
 -0.23155684556476575       0.90115614356873819       0.36646832357038234     
  0.23543918175040074       0.76599096881471418       0.59818577999737033     
  0.33938439114580216       0.94034111118915920       -2.4017278241603063E-002
 -0.10855489828851450       0.98052060203102953      -0.16369234267475458     
 -0.32977065459532018       0.87567246830154966      -0.35277336014284644     
 -0.32257129834122977       0.20237729932170287      -0.92465733447896381     
 -0.21737823982136076       -1.8401389128215463E-002 -0.97591397660364776     
 -0.25141464778471634      -0.74352750599361017      -0.61964306072952102     
 -0.45423683615796673      -0.66281737852093414      -0.59526634325135208     
  -3.8085733675017004E-002 -0.75961760973686476      -0.64925385163903726     
   2.3353114145009454E-003 -0.53545641595932736      -0.84455963254739452     
 -0.34133151486761504       0.10240045472688693      -0.93434840601883395     
 -0.92193696453405527        4.8600122590358077E-002 -0.38427888506911384     
 -0.76546008428794010      -0.46288696424038089      -0.44699722336748743     
  -7.9027400780669887E-002 -0.84378257209386853      -0.53083485280878340     
   8.7514810214906022E-002 -0.94625532407246382      -0.31135513430424960     
 -0.25807583294323977      -0.90735591770544799       0.33181636948108922     
 -0.48351630452726163      -0.67102537704439080       0.56208266884753288     
 -0.56372966317135464      -0.75184881875135334      -0.34195353573686216     
 -0.11465246666972094      -0.89941762358824429      -0.42178519445977863     
 -0.73963590097982446      -0.33567308026492870      -0.58332008123091705     
 -0.52182842952180464      -0.74138263747237487      -0.42195601073724676     
 -0.78266252678426074      -0.61128601101497981       0.11734045297819611     
 -0.24144543452487915      -0.95261155269124431       0.18502792174778768     
 -0.13689972833765859      -0.99047212842206356       -1.4947481399618892E-002
 -0.46561817392843208      -0.88166614436601110        7.6580193172785499E-002
 -0.42673995425059313      -0.90121741861583193        7.5499508804227233E-002
 -0.19619728212990739      -0.93961013041177677       0.28042722641076079     
 -0.32018305865368379      -0.84988292954582656       0.41854726736391429     
  0.13487086294240061      -0.98565415496537834       0.10146791181828377     
 -0.18713278537188757      -0.97956911652688894        7.3659124253038138E-002
 -0.52489596733301203      -0.82641004456331757       0.20379073021716232     
 -0.57496659275263906      -0.59517511025419312       0.56140894662660523     
 -0.87283656517144337      -0.47169964894809946       0.12512302618627746     
 -0.69461913529253549       0.13461618641735476       0.70667017712646751     
 -0.82692255835317408        4.2438072206256248E-002  0.56071212980823237     
 -0.88641315835462287       0.26923399269071968       0.37654318460918640     
 -0.76540403159808690       0.60366420141002464       0.22303856247173176     
 -0.50214160653397055       0.58344900575610903       0.63831110335770580     
 -0.38413227588779575       0.14738614601310934       0.91143826921228932     
 -0.61258827786778913       -3.7557066616692447E-003  0.79039325432753404     
 -0.59115263041922805       -1.0584749841088814E-003  0.80655901655066575     
 -0.23666110201514984      -0.29310003993522948       0.92632817585506655     
  0.61241987223965844      -0.29922652001448680       0.73171400820678156     
  0.93492254871407587      -0.24100284597861241       0.26045624610713597     
  0.97210760228306370        3.1280322154994114E-002  0.23243999447035635     
  0.96677563622164397      -0.25460702781189820        2.2806371851864932E-002
  0.56260291009649899       0.61131164035150665      -0.55657528145051549     
  0.42082495234290063       0.47533767164584617      -0.77263216176905614     
   9.7657603761562337E-002  0.59311024530708845      -0.79917659458927837     
  0.41282619243051477       0.32220096724975833      -0.85191611767041442     
  0.22729754326861978      -0.23059330601285002      -0.94613030500358641     
  -9.7644097923142714E-002 -0.61012617447014206      -0.78626438388574338     
 -0.27444706127296969      -0.38590196690963313      -0.88077152684107285     
   2.1706338429318392E-002  0.27578024993189720      -0.96097559210395178     
  -5.7128751901434238E-002  0.56206946414563874      -0.82511467274633277     
