  0.30827137483979083      -0.72969143988096308      -0.61034347872234829     
 -0.57790445951722291      -0.47613613675302691      -0.66281280535912956     
 -0.69618229743561921      -0.42295712365015614      -0.58003230969567166     
 -0.85006963003328118      -0.36668584979575541      -0.37805173145307136     
 -0.99113972804656414        9.8083238327184671E-002  -8.9564043271035731E-002
 -0.71480336466178063      -0.24337092001174249       0.65561173354423308     
 -0.51026194404500635      -0.51044509973989827       0.69215500331281632     
 -0.46845285311910312      -0.51730034241282807       0.71620686965717140     
  0.16545424451129986      -0.97977110165343528       0.11257655767546457     
   3.1862788689611864E-002 -0.99264893131568344      -0.11675984692860367     
 -0.55268447068840310      -0.83221303543572467       -4.4287012890529276E-002
 -0.51091862613376504      -0.63196983090855352       0.58273174814063999     
 -0.54077273419494210      -0.32795597008484401       0.77460295096070464     
 -0.47359137048203698      -0.78325173433047313       0.40277529029631054     
 -0.64018030573168672      -0.63389896014658575       0.43398304630294693     
 -0.98572606916136529      -0.15448382255789106        6.6924324005723332E-002
 -0.58157129138631192      -0.75668803300379095       0.29866043217031768     
 -0.26274843265785514      -0.92778940971267676       0.26489634267174472     
   5.1511100559279710E-003 -0.92982605847767119       0.36796326860312289     
  0.41888742802386369      -0.82064265312102469       0.38868876819643916     
  0.82207330197672512      -0.56927425957247313        1.1059094236227821E-002
  0.71119566942911461      -0.57241442397042452       0.40809612472539647     
  0.55126736116904629      -0.44719759710899870       0.70435687378603695     
  0.53793419920245933      -0.47601596559115855       0.69572666890866197     
  0.74334383409304849      -0.64389686750099151       0.18120918392360463     
  0.88939294458786433      -0.40768068963092408       0.20682515664068113     
  0.17373902273365335      -0.51645783807293577       0.83850226801878724     
 -0.53505963796218303      -0.26565110490852767       0.80196051915583610     
 -0.64214493158168240       0.38367909552905527       0.66365671736071241     
 -0.91649922718951138        6.0180855757695273E-002  0.39548379380366439     
 -0.63816592682267237       0.39694653173196248       0.65967999877865191     
 -0.93632392045533464       0.34703597636326433       -5.3512120989424566E-002
 -0.82825228062086265      -0.50136528762303179      -0.25026187886508200     
 -0.93744651400917522       0.30120384989678639      -0.17455736644276865     
 -0.86903488061673628       0.47358840862026286       0.14315165207571406     
 -0.71128400011054582       0.57856967143000060       0.39916438529528719     
  0.48415426157406805       0.76967412136256652       0.41616871326959126     
  0.92820998124826848       0.11369749869441635       0.35425853483264735     
  0.78244840204220800      -0.32400337116246924       0.53178596598350869     
  0.24151254870722377      -0.83252760377132429       0.49856742550608935     
  0.34534001843010331      -0.82499308959710749       0.44735519868195084     
  0.29215339329012990      -0.26018513229358359       0.92029891433297328     
  0.45123190184945899       0.30684967296787941       0.83799346593687207     
  0.46197327326222193       0.17955001873251056       0.86852892039621199     
  0.68542117911800104       0.50813251741701781       0.52153537939431760     
  0.90593266612846646       0.13982805940314494       0.39966750961886671     
  0.88410265221450668       0.26626751062350795       0.38401056383080079     
  0.83911885123860863       0.32209631096790958       0.43833037763411187     
  0.68238687567898271       0.30132376335774436       0.66599710324970740     
  0.70056145398872649       0.30514613850374572       0.64505773644026654     
  0.69628474938308704       -5.1600642964143163E-002  0.71590845882853138     
  0.93854218994565253       0.25281181512751655       0.23499945494394614     
  0.58542738213266265       0.80985860711561952       -3.7467542353498931E-002
   9.8607202620999090E-002  0.98540859664789426      -0.13873181770488860     
  0.31148376113693615       0.69770709013552812      -0.64512222324344448     
  0.22469099654384261       0.72206828881507645      -0.65431746297939741     
  0.33897400775025244       0.81346398664101616      -0.47262349127805436     
   1.6942017473177827E-002  0.83547649438080485       0.54926495917829221     
  0.19209885027517287       0.90152560370413248       0.38774942629080406     
  0.31394124042698601       0.90887424973214603       0.27456965552114743     
  0.19613769179641422       0.97719834415603524       -8.1322826042281665E-002
   3.5857135354640780E-002  0.98109562339549850       0.19017266785299713     
 -0.39564891862359231       0.87764574919385174       0.27055474882908026     
 -0.28870343429946205       0.90579893891518914       0.31012676324989918     
 -0.74426198067583871       0.64931671489698606       0.15640303026447805     
 -0.53908066649110242       0.63801099413616913       0.54984907599893107     
 -0.72121686214477831       0.43873028524388163       0.53606153990738159     
 -0.64905318000968559       0.68689891193330288       0.32695543167869667     
 -0.40666056415792090       0.85731218930483089       0.31566278784195190     
 -0.37613632114217593       0.80749817531972334       0.45438768114135442     
 -0.32281939903915713       0.91065919788373773       0.25785162577299142     
 -0.71643353307767110       0.61534996247209828       0.32873608923788911     
  -6.3020793309998935E-002  0.86754070076735579      -0.49335738782623051     
  0.20606654223757245       0.65982759739759356      -0.72260924563891016     
  0.34258581400756921       0.72651913759497944      -0.59565501991425085     
  0.41846697366044022       0.33432799595071944      -0.84445851471766309     
  0.65200625330009632        2.9615982026891231E-002 -0.75763496438997657     
  0.59076748595907091      -0.39269788549968210      -0.70482774367767931     
  0.70486888021111582      -0.23456472599631559      -0.66943203615321178     
  0.97666192758226800       -2.4028920710946040E-002  0.21343404175722294     
  0.94959717694519707      -0.20579443215059695       0.23646110300339732     
  0.92553660208839206        2.6537033661305123E-002 -0.37772712907492118     
  0.32793921397618253        8.3726419190276236E-002 -0.94098127434409784     
  0.86571129714778783       0.45756552436725395       0.20292299253964841     
  0.90172159823301279      -0.14624331304848465      -0.40683049623733358     
  0.88406416545665567      -0.33875827069206915      -0.32198351726937713     
  0.57660513374900346      -0.74865657574345035      -0.32716945354119220     
  0.28004262344306113      -0.42481306487804110      -0.86087745293046369     
  0.25423107497651576       0.27397068177387640      -0.92752715649983031     
  0.12173831489979077       0.54825216612777528      -0.82740518793491247     
  0.58626975424925964       0.52678538663816998      -0.61545506064779032     
  0.69819034803343361       -8.4087393994251802E-002 -0.71095678355596514     
  0.55644451257121363       -5.5501663546610146E-002 -0.82902899211849235     
  0.50821689693112149       0.12034911876440851      -0.85277879622229769     
  0.18981836252295056       0.63823748478874265      -0.74607097669033995     
 -0.24549527576575189       0.96587951872126188        8.2515603927565614E-002
  0.22226175412099924       0.91269805406287863       0.34290228165609377     
   4.9481722929296347E-002  0.53195150603313157       0.84532783837105940     
 -0.17319046882664557       0.31862256002231149       0.93192527906074818     
  -9.7285587873676388E-002  0.11660797787328567       0.98840178767971365     
  0.21597516077366993      -0.25770917268335192       0.94177529817027206     
  0.31240734890986693       0.27863459547101477       0.90816540924757339     
  0.17900699557616145       0.30392090301400987       0.93572890317974333     
  0.53066133307576713       0.48483466881978110       0.69522219001460406     
  0.64614293052824490       0.48558093216341225       0.58882125611066138     
  0.60766738779967555       0.70982067590716891      -0.35622317984578067     
  0.35184513940074480       0.85577270918879622      -0.37928626140125088     
  -8.4667801233676593E-002  0.98239392959390659      -0.16653387202400302     
  0.48145455473215970       0.68197645255207473      -0.55055393004878772     
  0.83319111504027099       -8.3451179402224865E-002 -0.54665205247430138     
  0.35275445022561952      -0.66942634145460211      -0.65378335189323278     
  0.43363549033953552      -0.40661639474426531      -0.80412895050681787     
  -6.5144091952184235E-002  -9.3752417334372895E-002 -0.99346199299606730     
  -3.8014292521938720E-003   3.0880818849635984E-002 -0.99951584487831002     
 -0.47238297882953073       0.42712006739161767      -0.77098817717491241     
 -0.74939802656016097       -5.7828494167251138E-002 -0.65958961714847297     
 -0.92616823084904720       0.21977682252758055      -0.30644829326600259     
 -0.72147656162172102       0.15973392465030276      -0.67376304762603545     
 -0.86802182119389137       0.48527224010375164      -0.10511408524055262     
 -0.71720104117387573       0.67395139664888093      -0.17723482020799766     
 -0.75029360137466106       0.20636281605214032       0.62807157226485155     
 -0.76512414635912895       0.64252158371528822       -4.1845610501176175E-002
 -0.55244166545297846       0.74604501176723192      -0.37178629169021632     
 -0.87556761872539413       0.48217183064185010        2.9860856903777475E-002
 -0.64402767050860810       0.75575737269770482       0.11857130020498456     
 -0.65619554965703941       0.75338297015944500       -4.2679045022362957E-002
 -0.37490854295270049       0.90909125142059155       0.18164988580133901     
  0.13039203468000904       0.95582262127990991       0.26344075983347970     
  0.12005431931683681       0.75583024669209664       0.64366730427970986     
  -3.0242940327617485E-002  0.10226969267091481       0.99429687444009418     
  0.58821574424194945       0.45839361386442540       0.66624134740668262     
 -0.16162466573179718       0.54468253968301106       0.82292065133375814     
 -0.20749547795385756       0.38049034254799474       0.90120626154975481     
   4.7609088500619054E-002 -0.22434495622220932       0.97334614362509841     
  -6.9102536156217725E-002 -0.11186031522899299       0.99131836933133555     
 -0.25428209891313563      -0.71185808621863755       0.65467448343245982     
 -0.30430146014332382        5.3989990685761033E-002  0.95104453221729535     
 -0.36499776509550169       0.43812235839697394       0.82147758980267860     
   2.8758652051621147E-003  0.79174744940803676       0.61084180092330220     
  0.38378468349493272       0.85240211939495425       0.35513369815566836     
  0.25819826058537826       0.84734904227399532       0.46404014781920666     
  0.44471486391128351       0.46626655657773297       0.76473798652446701     
  0.22895824470314627       0.72898061683745174       0.64510881443194190     
  0.45776103525971357       0.40248473963471326       0.79275523899822442     
  0.84727077161134623       -1.5429259404197600E-003  0.53115897709882653     
  0.45789719670828943      -0.44724536989046287       0.76831096332036042     
  0.45521982348180046      -0.28146676419744993       0.84471970082472558     
  0.79135363463298869       0.53044031956213156       0.30396133361999317     
  0.60396429565618825       0.78564441152717657      -0.13412676171684179     
 -0.16503906203906393       0.82204833620546980      -0.54497581684247964     
  0.23137344354803946       0.19918158172258077      -0.95225680733887619     
  -1.3056022019396006E-002  0.30615459300707210      -0.95189227618975270     
 -0.11543976291115832       0.59175798359608633      -0.79780708820448976     
 -0.19810540225029122       0.26245838024420515      -0.94438861081595216     
 -0.22846626863329808       0.32263454551079906      -0.91853694217479509     
   3.2486956550067642E-002  0.35195254238592566      -0.93545390349403201     
  0.13774216377289245       0.35312070550398222      -0.92538254990223101     
  -2.7309183167008505E-002  0.77280914292913794      -0.63405065816533768     
  0.50709157115047765       0.75785189922164342      -0.41051021584644509     
  0.68054523368575459       0.46034973332956797      -0.57003184817258612     
  0.71661852342430188      -0.30904271168504233      -0.62526034116964835     
  0.45278618030433337      -0.76388417162358857      -0.45985394123394313     
  0.16614864610514135      -0.92087504016178112      -0.35268085829047541     
   7.7158626734501246E-002 -0.53699022405562324      -0.84005240645402368     
  0.20821672248195419      -0.10458389760415221      -0.97247519497456436     
 -0.10159932031353350       0.43011814502974777      -0.89703732331936237     
 -0.37548543549044211       0.66263123519131684      -0.64802047335206603     
 -0.55721076838933736       0.62769374243272169      -0.54361450063604078     
 -0.85843009286979732       0.32854364101663064      -0.39389954506590380     
  -9.6151904105442498E-002 -0.47223690101336496      -0.87621180125483178     
  0.33581897046851239      -0.76686886336455562      -0.54693488229905152     
 -0.45895558218150539      -0.66670437612631128      -0.58725211658918275     
 -0.59401360456877039      -0.49859428079962109      -0.63130941759261838     
 -0.48243458323854188      -0.83150300454663995      -0.27542626295517242     
 -0.38398976942031476      -0.83991915676281237       0.38352009997315378     
 -0.16081855477957249      -0.76398742007337661       0.62486847768811382     
  0.16975860446321980      -0.53407781873190818       0.82821669854534441     
  -1.7616791683311671E-002 -0.33222661353909588       0.94303506080483723     
 -0.29715172948612423      -0.28584888295358379       0.91103856437455333     
 -0.43260760223690553        9.5936660903026244E-002  0.89646350711092371     
 -0.83048229439150401      -0.38903679044103501       0.39868475564735950     
 -0.75299622374038688      -0.34302954291737425       0.56154022092695766     
 -0.99730581852830658       -6.9105568403643736E-002   2.4607412403920031E-002
 -0.68543242100401214      -0.72476001133145085       -7.0038005478729778E-002
 -0.52086677343190169      -0.75059390873535115      -0.40657912944966057     
 -0.61140121954404070       0.14731505278427062      -0.77748750727149885     
 -0.71033387136571802      -0.41234513029264358      -0.57043604787437352     
 -0.95355168296583781      -0.24126547673585458      -0.18036118664621151     
 -0.54746718924442495       0.43207375524736652      -0.71665329604158767     
 -0.85329735395172301       0.14254779791165217      -0.50156131335016296     
 -0.74899938558757706       0.40620632496072051      -0.52344659894904888     
 -0.39367690643307740       0.71155737428425603      -0.58198333003875113     
 -0.19140293353738227       0.95811465984459632       0.21302867324418129     
 -0.83184169957555176       0.55209947840775464       -5.6793950286480932E-002
 -0.73399339223472049       0.60139473382504582       0.31555993770323160     
 -0.89494104821739329       0.28498248099436979      -0.34331546097133636     
 -0.86893731436787991       0.16039451842991895      -0.46821100174687263     
 -0.82729809174214419      -0.25037006930052702      -0.50288437617241177     
 -0.71608435619856414      -0.23062204631702621       0.65881459194547554     
 -0.67672532522261619       0.10130121394636468       0.72923308911170004     
