  0.89357637753719676      -0.11277854884300738      -0.43451381615368145     
  0.30169061698075372       -5.4113672833576876E-002 -0.95186894162918589     
  0.43262379059889788       -8.5055318742323971E-002 -0.89755347949942998     
 -0.42926841535002103      -0.41529000409354278      -0.80203668250454141     
 -0.87313018200950687      -0.44577518183945580      -0.19730223648016201     
 -0.76418916956789484      -0.58596097226452026       0.26956381822861925     
 -0.78009071910970684      -0.56534908067543710       0.26802777269971800     
 -0.80381362260323796      -0.33313221482519556       0.49285554431608092     
  0.31649103334347295      -0.80238999803113953       0.50596809867106940     
 -0.12260404730139837      -0.93484098322338938       0.33322752538060985     
 -0.18499538042295555      -0.78201433091702510       0.59517249219246893     
 -0.73512955672823510      -0.63711200048442129       0.23167398141211312     
 -0.18729526907848310      -0.82193138949905720       0.53791195667782399     
 -0.35017612255511621      -0.91924556272977731       0.17990074650735602     
 -0.28034060283510776      -0.85229203844785451       0.44159645333774505     
 -0.75305716607967899       -9.7435440881255289E-002  0.65070057589981856     
 -0.32534882396201653      -0.90799558473841979       0.26399272876751245     
 -0.69234938881561980      -0.71966718471773417        5.2263438913954047E-002
 -0.23975586856705061      -0.91046289586421503      -0.33700806925388660     
 -0.33540021482084542      -0.40368552448646672      -0.85120191095782138     
 -0.17145438338767152      -0.25159948984702252      -0.95252353835792591     
  0.43654431774487101       -9.1803411882799765E-002 -0.89498669946058573     
  0.53205979862364317      -0.19055599114616228      -0.82498532406756198     
  0.24401463755077282      -0.36857956173840212      -0.89699830731708419     
 -0.18410437662210222      -0.96127899210802514      -0.20505676736057796     
 -0.24240172510511382      -0.67070606082840700      -0.70099556605885105     
  0.24270461355356956      -0.70756109374672005      -0.66366540453441258     
  0.24096721694596354      -0.49378880085420263      -0.83552822843296737     
  0.21005780744344266        8.0446560143828560E-002 -0.97437368011103320     
  0.48849757910137703       0.32697360390522512      -0.80898601814949189     
  -2.8598768925590601E-002  0.70344387420710897      -0.71017520813987545     
  0.54184937443142001       0.51742740625173889      -0.66232026594988103     
  0.64141366770330932      -0.40324477110032453      -0.65267308927495238     
  0.31764813635318734       0.10678199240171125      -0.94217687700882802     
   4.3286433866839835E-002  0.62080616010195377      -0.78276816249933612     
   1.8061047264009200E-002  0.52737318161868374      -0.84944177309640234     
 -0.25288679513865997       0.93330770172246225       0.25492156195596877     
 -0.23031076562100464       0.76916534633602429       0.59610537762622717     
 -0.69193588750451629        9.0207614727305777E-002  0.71630113348270874     
 -0.40126066626535439      -0.44603424646857148       0.80002707997014566     
 -0.53181870556403388      -0.63923558852410112       0.55546982526191258     
 -0.79729711499606748      -0.35662210679905537       0.48696815436040253     
 -0.97449688848976723       0.19592643241936344      -0.10940131353533217     
 -0.95489030777465711       0.23857937055436290      -0.17681737489279742     
 -0.47216259819032114       0.84435401441968283      -0.25323660715540042     
 -0.66393070659398312       0.60664816559131796       0.43723451376388045     
 -0.68184976303515876       0.71556431070862825      -0.15181771269850808     
 -0.81080309717191734       0.57798441215748519        9.2370757923701613E-002
 -0.92446511080229576       0.35389198507475916      -0.14186162909383299     
 -0.98835463052677608       0.13997375871261863       -5.9686440571872668E-002
 -0.91260723053866000      -0.34065278109529096      -0.22606133128121508     
 -0.92797618212228117       0.27545722900714248      -0.25096517766709014     
 -0.59767259213760571       0.71302191433727280      -0.36658862814099802     
 -0.25044393694600131       0.91304172183683796      -0.32192025197590407     
 -0.17944620744154557       0.98298057475701861        3.9347786280505864E-002
 -0.47767524219998958       0.77198910438421742       0.41935567922855016     
 -0.38355542669266085       0.89505869140040772      -0.22749763428051487     
  0.37898894172508679       0.92410256652459777        4.9008454299113852E-002
  0.25685160080760888       0.96580950037649071        3.5203183735036794E-002
  0.36211872681883406       0.92611398619755969      -0.10574928962590074     
 -0.13771926997888082       0.92112558412586765       0.36408935846203155     
 -0.18513526725240018       0.85877226920232619       0.47773959692330858     
 -0.17172888268878866       0.80563902999118397       0.56696996763969287     
  0.42368685842528009       0.74375380442765360       0.51702971326332781     
  -9.9623015683824673E-002  0.67588147482620597       0.73024618227887150     
  0.29503597045836771       0.69730902004204509       0.65323342436198939     
  0.35137061361429056       0.82207887314428951       0.44802345721864917     
  0.23165900980649964       0.73364226845340441       0.63882949612089024     
 -0.14581720312030066       0.81604387121753619       0.55929396878789261     
   6.8223374437838324E-002  0.99645560276232481        4.9211816710649003E-002
  -5.2938186880994442E-003  0.83093965335504449      -0.55633736883830909     
  0.61422689172871880       0.75979363664948441      -0.21316415079516207     
  -6.0193954150245782E-002  0.99586537393145480        6.8035614851225987E-002
 -0.31461272650899685       0.76348567919229871      -0.56401103711445322     
 -0.27450215445525844       0.65225807384455148      -0.70654651106919464     
 -0.56743615040527551       0.15793032273115290      -0.80813008134544650     
 -0.41385696016651358      -0.59464588996380596      -0.68928853325073058     
 -0.79842702634566565      -0.52858439626438147      -0.28829294064672351     
 -0.26098762059978931      -0.84255514649644736      -0.47115420724647067     
  0.42618532759820699      -0.83609423666816962      -0.34541640660274842     
  0.53697240435045501      -0.83722511296088664      -0.10351206303511243     
  0.16358346754811220      -0.70978526124489905      -0.68516080744924535     
 -0.37501610588966555      -0.46130421029819624      -0.80409038415124834     
  0.74007239606002062      -0.30064639078479538      -0.60158506987631666     
  0.22795753060093141      -0.81243872149314245      -0.53663645800572635     
  0.45328992938226031      -0.69716648567532657      -0.55541617834895807     
  0.35890214431951767      -0.91673008100860254      -0.17548563866276262     
  0.11388335536268629      -0.96615015935771031      -0.23148315477460923     
  0.25460905226652608      -0.51249999702609428      -0.82007193803484169     
   2.6355309435308144E-002  -1.7414319510948351E-002 -0.99950094504236942     
  0.34867312077588486      -0.40086924938371127      -0.84719000215237472     
  -5.1318683441437543E-002 -0.81887469013485836      -0.57167353846965929     
 -0.48424587086999504      -0.71032533518353058      -0.51082663863764299     
  -6.9686296187571731E-002 -0.51495153862758514      -0.85438207670149835     
  0.12232165500561715      -0.80135755216612925      -0.58554546049221112     
  0.63320883944598494      -0.53223093320183423       0.56194020980049475     
  0.20997523897042564      -0.64450024653943072       0.73520733893915680     
   8.9438061936000984E-002 -0.10351831994123209       0.99059819831944895     
  0.20940632519256691       0.27287777930204338       0.93898174025513192     
  0.49981034871639574       0.57496847143172625       0.64776606284640981     
  0.27779277440292383       0.82435534387089549       0.49322352085143262     
  0.26226878901611966       0.74829831989601792       0.60931494873244074     
  0.14952333785349547       0.64922951993630673       0.74575049572926733     
  0.46007216876464052       0.72091098064575287       0.51828655926294820     
 -0.23009264830774662       0.83972724211079408       0.49184909479614652     
   3.2426174530854265E-002  0.98926889146328911       0.14246263927194142     
  0.27863568972846081       0.83451110917917271       0.47534551756180460     
  0.42804244351018672       0.84687935559889937       0.31555510392677449     
  0.75354722287100184       0.55209690444460413       0.35686915109899081     
  0.81148017671770512       0.57789352326890997        8.6827406722152653E-002
  0.95291804381450373       0.23193539641477290      -0.19532837393142277     
  0.86635402398181571       0.45363865279854365       0.20890830002103225     
  0.85447554244932689       0.38338983085637979      -0.35054783546883556     
  0.96445285550859217       -1.6664937471582045E-002 -0.26372896951299007     
  0.93601153984195773      -0.21953210756554847       0.27511461435282580     
  0.51843609185679640      -0.18888029737963255       0.83399535485638354     
  0.52021733985839813      -0.27307383840539340       0.80919997410357425     
  0.85411013410197834       0.26278226590152609       0.44882219146559721     
  0.56527267627159539      -0.47188559185243228       0.67660238668132833     
  0.67803723171552044      -0.58877966654318414       0.44000456437733571     
   3.8468198005123536E-002  0.27684811846619095       0.96014338358598750     
  0.49553790184269103      -0.14919644062492246       0.85567669708962357     
  0.43721954341803082      -0.42436429864887010       0.79294010674551074     
  0.91439484817209360      -0.14896007080046761       0.37642125198168652     
  0.89866657594839727       0.42198698699973997       0.11968862968575962     
  0.47569484227018710       0.87843644274757493       -4.5429429784261059E-002
  0.36181005916697406       0.84552915921713445       0.39264987202236190     
  0.34680997311459849       0.57519394198467422       0.74086083150104520     
 -0.58290642797845393       0.53701353751447489       0.60978402467395876     
 -0.90954893367411416       0.24966136101272535       0.33224981876528803     
 -0.82970335590216138       0.50471529889308953       0.23844246322337145     
 -0.90702411715837605       0.42107839443692546        4.8644786432765555E-004
 -0.97564269606826171       0.17255180974307818       0.13545184591995110     
 -0.65123639848576853       0.36375927572927863       0.66601076763687417     
 -0.75273475197703621       0.33658125693739505       0.56577685587571480     
 -0.87039876672941363      -0.45441645694867644       0.18950374806378306     
 -0.95552101406268475       0.25081183228142467      -0.15515481453143001     
 -0.86995250741045393      -0.18814055650915396       0.45583523980354412     
 -0.73959603148885011      -0.31686466696750604       0.59379667650935231     
 -0.11262188235243792      -0.42986814858856870       0.89584021256274760     
 -0.15607730814249990      -0.36036517088472353       0.91966125149223488     
 -0.20502630064253530      -0.19040867463603800       0.96005664034377380     
  0.20549206958132984       0.28475518499093583       0.93631591568231398     
   1.4738741702670186E-002 -0.14710317415756599       0.98901133747080794     
  0.45447284684876277      -0.44345363787976666       0.77253045411064958     
  0.39250659084271616      -0.24517325838922011       0.88646976796497345     
  0.11207871061144453      -0.41630109116115349       0.90229250474871669     
  0.54708411175019234      -0.74243202011200504       0.38664411308460400     
  0.72552910428816508      -0.68728469634599865       -3.5316639129654888E-002
  0.61414059805468846       -2.9741381195540192E-002  0.78863602255137932     
  0.22025655825822674       0.90537049223925303       0.36303074294984528     
 -0.25207688294105135       0.83944153216675088       0.48145109737155112     
 -0.25648378073267986       0.90740644376860291       0.33291082293657892     
 -0.17588267678487229       0.86197985332080107       0.47545348508144580     
  0.60229748886927914       0.66471448621310136       0.44203211050808144     
  0.54030341767232770       0.59342547271667301       0.59658899183828940     
  0.45548577019422848       0.48456134347356128       0.74681524995255688     
  0.69393254592435671        2.9229151618567480E-002  0.71944650836780422     
  0.52638332772854501       0.78820626244345382       0.31882829255628892     
  0.66842252536964242       0.48580090874253201       0.56321293011033313     
  0.80213954444289104      -0.24953277221355147       0.54249935191890841     
  0.14379165447066805      -0.98958837529108568       -6.2295740931202492E-003
 -0.18244640909962107      -0.83177296571653336      -0.52427763762135005     
   7.6504164316465617E-002 -0.60834815501674222      -0.78997445220084939     
  0.37052602964708115      -0.80247663422573035      -0.46769831395435069     
  0.35245137736752519      -0.89986246420355021       0.25695441640342237     
  0.73221620620541250      -0.44381649823942049       0.51661043665484452     
  0.72820199618208259      -0.65776893750384435       0.19251461661780481     
  0.97730629975028849       -9.8191178435745957E-002  0.18769893165875812     
  0.14672364064996277       0.72362838024188314      -0.67441392377603204     
 -0.55308915250547719       -8.4366976302388097E-002 -0.82883931053638438     
 -0.98205510851913858        2.2746662196851841E-002 -0.18721739553359959     
 -0.90570406241812951      -0.38613769933364672      -0.17492234983737093     
 -0.89544348704753540      -0.42627051892307632       0.12835266339773682     
 -0.49101420420707265      -0.80335808865240055       0.33692852753024566     
 -0.74051601665813549      -0.66921564716552906       -6.1534109740988996E-002
  -7.4728780652624505E-002 -0.90487536961557624       0.41906583588420643     
  0.16357155081407740      -0.88304107721092517       0.43986680225097208     
  0.30687355670710675      -0.72104013437480963       0.62123244024659430     
 -0.11679760646152798      -0.97668934218467862       0.18010066070873387     
 -0.47635810498841957      -0.66459628104006108       0.57566894917095612     
 -0.47746826029466455      -0.47297651828418885       0.74048448570043202     
  0.13606916603879179      -0.43251309600922266       0.89130107361881494     
  0.63566329876655170       -3.3712768473632138E-002  0.77122993966980935     
  0.44663885894820077       0.30104393161183818       0.84254749475454394     
  0.56343560492424682       0.76001258029041163       0.32391541628021270     
  0.64549463732524548       0.68443042845673019       0.33895672553718065     
  0.69713376343112565       0.67427260581439308       0.24364106577630773     
 -0.13302895494760486       0.93863117441964228       0.31823704302480638     
  0.43992993867940833       0.83625354665660900       0.32732499867530940     
  0.26957469017317603       0.91978181516439683      -0.28518572704627859     
  0.43098846140190272       0.69015358579996511      -0.58132346774054255     
  0.80957841721854362       0.48404505866834380      -0.33208909580516577     
  0.50255877482614209       0.72635577830213849       0.46887307575967607     
  0.60492304913644412       0.41012668989211126       0.68254245498841182     
  0.20208389876386612       0.23646599990723483       0.95039251299049099     
  0.32865713167253174       0.33051410012905330       0.88472872645614109     
  0.12385822076750119       0.38602264698684763       0.91413656373740970     
  -1.3870595187604889E-002 -0.11904282312538422       0.99279223045485820     
  0.23189071804173855      -0.39045059206032501       0.89094053115002192     
