  0.17909881233310593      -0.93467724152379017      -0.30708642040705481     
  0.13998685059833105      -0.89260079406009307      -0.42856446901590406     
  -2.8330876878822873E-002 -0.94867592828130720      -0.31497832388106622     
  0.36379537830660169      -0.47013901681763237      -0.80412824076047007     
 -0.20835081951467344       0.11761195691833665      -0.97095693189627741     
 -0.50446313461567371        8.7082954756632788E-002 -0.85903056104228681     
 -0.70020019107205245       0.10144726640074370      -0.70670230264412581     
 -0.89796593585556528       0.30224159613961971      -0.31985496026479554     
 -0.28670570509106280      -0.67786440201417320      -0.67697835353152203     
   1.3851690916012386E-002 -0.86110515541277777      -0.50823817446187647     
 -0.45013672130223548      -0.35918112600685020      -0.81753645231008309     
 -0.45723096928189660      -0.27735320991795465      -0.84499410511422834     
 -0.31003509715706051      -0.94947660954275781       -4.8707355317198942E-002
  0.11589848310940187      -0.64730871994947958      -0.75336509256158779     
  -6.3693261497184142E-002 -0.95889502445343922      -0.27652034376933876     
 -0.57026075413165223      -0.29173201322016501      -0.76791607924287031     
  0.27916829298279972      -0.70033272152452375      -0.65696205625223802     
  0.75688629087974069      -0.26618736090949158      -0.59688142169979630     
  0.93950695545430429      -0.34216782942085916        1.5743479997389204E-002
  0.98430027762545713        9.7123603429537159E-002  0.14737696266153139     
  0.98445667427486327       -2.3305930158403862E-002  0.17407438092711397     
  0.69320973002312558        8.6823430454906217E-002  0.71548722009922605     
  0.46721551669959654        9.3963520488107508E-002  0.87913623390950857     
  0.34586316970289904      -0.38754834198434451       0.85450860175206400     
  0.56122956509979460      -0.35366637590619460       0.74829236920556386     
  0.68069203342849116      -0.54136703322192481       0.49353833789031976     
  0.39836664042496572      -0.43363034981812687       0.80825041881411874     
  0.28310106495318621      -0.12622305722576299       0.95074787764527646     
  0.44881238710542742       0.40245828674109002       0.79786889187020682     
  0.59099205857765214       -1.6973988073971887E-002  0.80649877273747861     
   4.8680527778303881E-002  0.23968074716693200       0.96963052017395090     
   9.2297225672403449E-002 -0.28501826251387841       0.95406803330097434     
  0.87269833929434959      -0.40247906785153187       0.27642034754032907     
  0.84973897884038341       -2.1740801586374175E-003  0.52719914758542863     
  0.23887060615221373        1.6173894916699464E-002  0.97091670015492260     
   6.2497174614971340E-002 -0.16074672297594633       0.98501502233097116     
  -8.7569812800980959E-002  0.53898967028494260       0.83774797117758970     
 -0.36902305329638596       0.54015890037900482       0.75634010106380978     
  0.13365631211024007       0.79956611182990900       0.58551688536399515     
 -0.51295354622913902       0.79730363592355991       0.31809679588779782     
 -0.66827170500204802       0.74377459048704386       -1.4570066559206493E-002
 -0.40399892313148827       0.88813097238541683       0.21910784102435224     
  0.20934748233509645       0.96043588796291490       0.18367508473636460     
  0.21190423012987569       0.95475571650709989       0.20865789956325023     
  0.84388784508810111       0.49265502065878025       0.21247196410891742     
  0.23342106774819191       0.94180568485729788       0.24190216431813807     
  0.76936603159069272       0.62778275282371598       0.11817243625941130     
  0.74215205246337335       0.63108227754411650       0.22571107636564414     
  0.81192900594391537       0.56022356742051449      -0.16407572585109007     
  0.72016552453874572       0.67207451097539661      -0.17227149782540882     
  0.64755959755881753       0.58459324367868348      -0.48879168063166578     
  0.36832221548368388       0.92955863819292373        1.6108499064758329E-002
   1.2303775537769721E-002  0.75864211433515338       0.65139140266400219     
 -0.11943043885860577       0.41786668711228236       0.90062411808471032     
 -0.37041342918778725       -2.2706692025283984E-002  0.92858941282709950     
 -0.54080445131137900       0.75653771298558470       0.36767000730592653     
 -0.14448584397065189       0.31318957289452076       0.93863524988265135     
 -0.51679129388557843      -0.30839437862821134       0.79863612853077437     
 -0.30269621714846784        4.3712409722565411E-003  0.95307706528714975     
 -0.23548140632746925       -7.0588375683563451E-002  0.96931201813059009     
 -0.70820048070371788      -0.24615957043499018       0.66170805119350806     
 -0.70875930497747408      -0.46877102457673842       0.52717546806077342     
 -0.61500636875144254      -0.34998408229029004       0.70659628398302232     
 -0.57106639154503169      -0.72238117076247732       0.38993412337934452     
 -0.22402680497000482      -0.93640507636825598       0.27010650419184978     
  0.45108461692497531      -0.76540678889284630      -0.45899359024978531     
  0.78612157583828612      -0.51333211117412170       0.34424266388561775     
  0.72657348733683924      -0.67351713667984747       0.13588831479496058     
  0.75075344915264042      -0.57128269464559944       0.33167053137701974     
  0.78199827671601485       -6.4159064180008080E-002  0.61996960384909428     
  0.66397351389991477       0.14028848808592612       0.73447825900430808     
  0.98624807436012085       0.13303094271891552        9.8068874268356018E-002
  0.77483793997858752      -0.13942734168350543       0.61659239628856288     
  0.33124082488458934       0.33430640397832256       0.88233709215295364     
 -0.18758893505824589        3.3049245870509489E-002  0.98169146822773934     
 -0.66268738090060642      -0.10940257576848157       0.74086200578139816     
 -0.95668535207576688      -0.28207282724172866        7.2028169875244213E-002
 -0.65940149710059415      -0.74037260367224667       0.13052997109157477     
 -0.97911121506159560       0.12606299041201316      -0.15952852719506058     
 -0.61508482912873552       0.35349682602569560      -0.70477701932278347     
 -0.59827223459526024       0.40796441044610871      -0.68966323167312205     
 -0.92449875293179762      -0.21849129919240121      -0.31235173763694779     
 -0.94951398814343324      -0.31370376804398448        3.6238425671624094E-003
 -0.52431270621760773       0.83793848182584474      -0.15151002202562167     
 -0.21129775573611392       0.73453903638177731      -0.64482994847651931     
 -0.43081792226840016       0.65259458175865293      -0.62331070078381523     
 -0.40842356493957399       0.32217696785339101      -0.85404460831206530     
 -0.62902684644520113        7.3435270719275025E-002 -0.77390728609155113     
 -0.74011163542661496       0.38077603499230972      -0.55429629105894640     
 -0.80143310228065323      -0.23321195609527356      -0.55074237725371566     
 -0.42375815537422507      -0.46271552657155313      -0.77866768728607039     
 -0.52514419371969623      -0.78690972825381234      -0.32403187402174521     
 -0.88134372524192783      -0.38411400039719451      -0.27511756155434997     
 -0.97510272117586283       0.18391380533194196      -0.12389671248170994     
 -0.94448464698692391      -0.15338235274698284      -0.29055568394341524     
  0.49301617022473299       -8.2000270793860935E-002 -0.86614722275530143     
  0.17460806905814036      -0.63412437064521843      -0.75325845814943548     
  0.20945712195812052      -0.69895377134647207      -0.68380650741392379     
  0.49213346631858446      -0.84521657193281952      -0.20835929991103372     
  0.50971448051636359      -0.85992357415279819       -2.6881126618733361E-002
  0.86778811780870102      -0.44962430743617582       0.21161702377794062     
  0.54847971458492162      -0.78619966981698142       0.28471052293253035     
  0.15115905654304124      -0.97237501749298227       0.17787007893562801     
  0.62127580809918093      -0.78322667212068731        2.3923844789498005E-002
  0.95104465076577860      -0.30632878488479404       -4.0948111078102235E-002
  0.75195771657600918      -0.46497751711078811      -0.46728524592941989     
  0.62187766652615273      -0.22666733142152556      -0.74959328221525301     
  0.41355839628586111       0.47314076896491375      -0.77788640919145069     
  0.25176374288533304       0.71551752159148541      -0.65165151274586275     
  0.31890088955085999       0.75043094145184686      -0.57892626884207710     
  0.21261704242902182       0.77156420108139301      -0.59956874241274283     
  0.50149253286721285       0.59362550302217787      -0.62937588263304867     
  0.51652057233804893       0.84547360832301355      -0.13557608926678619     
  0.42092866530390294       0.81463344686917560      -0.39898797722176088     
  0.40921500728626603       0.91059198174453171       -5.8011383316183274E-002
  0.56611562384517533       0.60727392408251935      -0.55743293907679481     
  0.83213115795020387       0.54663739105368170       -9.3516301629737189E-002
  0.90776122353071298       0.41947014790127335        3.7889409768674682E-003
  0.39584774396674322       0.90630699220763744      -0.14802769832712109     
  0.15472551079081992       0.97412290024501458      -0.16475615778720226     
  0.26750649010427663       0.77146186626981195      -0.57731002645335294     
 -0.27809836678026084       0.90917519504470701      -0.30993832146022043     
  0.75720919114570873       0.48094025453429390      -0.44196234275439356     
  0.70128944762834278       0.62443681583773669      -0.34390663510837671     
  0.54484529666793424       -7.4609008272349259E-002 -0.83521081086360160     
  0.69237986952842756      -0.20254521709411855      -0.69252115585307883     
  0.57968599683345678       0.28279397062299610      -0.76419350642000272     
  0.69592856235782929       0.51741297306410194      -0.49796310244792957     
  0.44738453967098274       0.30159161444202570      -0.84195580154875871     
 -0.33197699376716228       0.29504852279409038      -0.89595627393659660     
 -0.14424668149823586       0.11275730627457833      -0.98309647784870180     
 -0.63822390008163932      -0.32109993587948554      -0.69968927713864870     
 -0.78693523951807642       0.35170860339004428      -0.50698519416855747     
 -0.48041061926331524       0.66390735237625653      -0.57309045041759665     
  0.31432359103942931       0.21003065740146551      -0.92579036669630310     
  0.75765736572071729       -2.2562755662545130E-002 -0.65226239982551970     
  0.50969099345985525       0.54585333739097852      -0.66502573276908850     
  0.32539493015426185       0.70574411801514048      -0.62931977508814596     
  0.60509177388909474      -0.13230772092532395      -0.78508509867104559     
  0.43560564436112287       0.61415327976901524      -0.65807558194308191     
   5.2731799125976843E-003  0.40449793366409426      -0.91452370949862849     
  -6.8112915711645738E-002  0.64722690628053181      -0.75924828778191888     
 -0.10284372007470313       0.62872138950707401      -0.77079996342600787     
  0.32440816261852717       0.75428474108241328      -0.57080108040954980     
 -0.37926843006443972        6.5099790487442896E-002 -0.92299375687756724     
 -0.18965724611817344       0.51241485033565237      -0.83753277556785499     
 -0.53562521385943096      -0.25438157089260605      -0.80523018241261335     
 -0.96081031467085032      -0.26115527868625565       -9.2959451571484344E-002
 -0.95801146670761295       0.17778386052862605       0.22495983773170100     
  -1.5207757520668282E-002  0.93086466633966303      -0.36504752714076050     
  0.30407288372264923       0.95006024731706862        7.0179825109779506E-002
  0.54962977606906238       0.80292155971437462       0.23070344211587313     
  0.53645405601324236       0.74724605373888608       0.39222491119078373     
  0.57789606244623382       0.77716697343124397       0.24909362982001565     
  0.15408921313525176       0.95849933573902357       0.23986566612006566     
  0.59955773166899307       0.74704635739999858       0.28714502658300500     
  0.10322387442488207       0.89095425918579363      -0.44220508792577101     
 -0.32546767397139109       0.91137290206123134      -0.25193298035024775     
   7.8060965666039081E-003  0.89172519158423635      -0.45250994193548866     
 -0.30487044574007355       0.94286508438732952      -0.13438543060014344     
 -0.84996137827305673       0.47973812809638117       0.21775441188367886     
 -0.76721243016092577      -0.42014452913588224       0.48462734306247907     
 -0.47037254645025972      -0.75381906387850406       0.45880985874245939     
 -0.10480069046230052      -0.66547449717297813       0.73902673083662018     
 -0.28593381110119565      -0.75185178941308473       0.59410499276265460     
 -0.82777646534922444      -0.38303860604336520       0.40996042454640835     
 -0.90270299303769097       0.29503313760411976       0.31318166305885747     
 -0.87602923537417932      -0.26911690647352887       0.40018604350957465     
 -0.86264902410049926       0.44298723789623995       0.24412899925971654     
   5.7038535023615416E-002 -0.74348465685228338       0.66631611908136634     
 -0.10462470788517042      -0.99238008000853295        6.5080314245245310E-002
  0.30869746329301112      -0.89120719094859213       0.33234864067420755     
  0.82811041004085173      -0.51004926077144153       0.23255730555818485     
  0.90881100420034722        4.4857422259611979E-002  0.41478954942556434     
  0.98025117768354253       0.13211409365511606       0.14715126539636270     
  0.74568615943063887      -0.62430548724925106       0.23279778827145120     
  0.86668893836382910       0.12637385834568679       0.48257634840995067     
  0.60445533351169112       0.68908692321208664       0.39974111878491614     
  0.58098847735627301       0.68166303649996496       0.44473350879929802     
  0.66811013055045299       0.58654666537182476       0.45781203872009618     
  0.23184810501875522       0.89780797585887417       0.37441593807345958     
  0.45817957942449272       0.70472118903266623       0.54170058032723012     
 -0.21304955606709092       0.51103072256755622       0.83274094846579916     
 -0.87322912239591710      -0.34597421346780510       0.34318033657978386     
 -0.47070766033752609      -0.64193004120265196       0.60527689589240663     
 -0.23431609058917419      -0.89895213554424092       0.37010948068304922     
 -0.82465755547535358      -0.29713667790861914       0.48130002164849672     
 -0.63678804140926093      -0.23480130189614012       0.73441768697793730     
 -0.43974540712102184      -0.65597497663367021       0.61344992211788807     
 -0.82315309672382586      -0.28907761484001976       0.48872600908115671     
 -0.69308050728979309      -0.66000935479120204       0.28987421755481035     
 -0.78708962696945128      -0.61337552129978778       -6.5271655313128757E-002
 -0.71714784168969126      -0.40172875495543281       0.56948483790333393     
  0.18095886009701373      -0.41647271278628317       0.89095699697393760     
  0.27358168798775989      -0.36986957474451543       0.88789050995946450     
   3.9957500137759755E-002 -0.87654655298538398       0.47965564588806248     
  0.30916446010988685      -0.54620262830264665       0.77851141638403731     
 -0.38003937036846092      -0.15694676628162230       0.91155789148234789     
 -0.23866159207925280      -0.47812196261912443       0.84524554617429537     
  -6.0572659593771352E-002 -0.87042269929009541       0.48856450696948250     
