 -0.87815475914796226       0.29218020556931529      -0.37878086865537997     
 -0.71756598863580268      -0.40080683601777056      -0.56960770022409180     
 -0.71708151462921310      -0.34409438174225815      -0.60612965430717558     
 -0.62560230096478497      -0.72493257970214087       0.28826119390925148     
 -0.72201942783643935      -0.67050395068222735       0.17062355624677006     
 -0.69810278765095291      -0.60614008393510599       0.38111244603286226     
 -0.85244404371606564      -0.38801956791042702       0.35039972495942595     
 -0.61400775773312388      -0.66179805671764025       0.43013696140679936     
 -0.97785949254931859       0.20673591167226321        3.2420296980053248E-002
 -0.81155432568442998       0.46253979882038848      -0.35698250793298875     
 -0.82900656400186112       0.34334696100500850       0.44143060746903673     
 -0.67604719380220324       0.47634428560394931       0.56218885912536554     
 -0.99514677159620013       -2.0173993084826772E-002   9.6311541284886323E-002
 -0.69663517000577913       0.69307784790262272      -0.18531739437439271     
 -0.86043237246495585       0.36086161824230700      -0.35977079494297037     
 -0.49200554522942219       0.85057330070316162       0.18562220663072859     
 -0.50246234626703490       0.84244690239930420      -0.19446029728891265     
 -0.24629365656624741       0.96831574713630320       -4.1280123341746022E-002
 -0.37374007798010134       0.85122744473170209      -0.36841578609906422     
  0.12273777935548304       0.94782064511338571      -0.29423028772673593     
 -0.23620093864054403       0.88587140907857354      -0.39930059248954036     
   9.4269229522252002E-002  0.69171836204379511      -0.71598814234367136     
 -0.47233076461581219       0.61493771759236238      -0.63147070579696662     
 -0.89691894905172964        6.5085994971035982E-002 -0.43737879702906424     
 -0.76046238394385690       0.52603797162848742      -0.38076372596587255     
 -0.57248790976940822       0.30278229594644829      -0.76195831541450720     
 -0.36291604997239146       -3.2993199030517173E-002 -0.93123755803244312     
 -0.29149261503964713      -0.14176692759773671      -0.94600961602770406     
 -0.19144762144240113       0.20202964427248474      -0.96048520606993981     
 -0.52036603158070738       0.18977780764235780      -0.83258847992477514     
 -0.16807857753017749        3.3080898738461650E-002 -0.98521837473433482     
 -0.71464690034911815      -0.18654864055072840      -0.67415088261464939     
 -0.96718523404115098        4.7477622028335373E-002 -0.24959687189419710     
 -0.70964884493409852       0.36263121994925873      -0.60406714461378108     
 -0.41028441714570335       -5.9419268981675655E-002 -0.91001980611474542     
 -0.26189127289446529      -0.63983661339921749      -0.72251094755413670     
 -0.54731779555569027       0.14166363056123590      -0.82484825661712247     
 -0.20016285411471946       0.27254461380975564      -0.94109205995800149     
 -0.30960008533060690      -0.20907872232395619      -0.92759574979336934     
 -0.33199924031552375        9.5799848859225323E-002 -0.93840230892113985     
 -0.60700102744074425        2.2240188035098446E-002 -0.79438978261436333     
 -0.78292891226513617       0.36615492298487107      -0.50294422226852742     
 -0.73941643612205654       0.64369002208628523      -0.19729797124952261     
 -0.62062978028894211       0.78039799969050727       -7.6142221517504660E-002
 -0.40813004996021696       0.91275212327003774       -1.7703778849534280E-002
 -0.57964879776840672       0.81473840203446568        1.4443250880316783E-002
   1.1572059330736933E-002  0.94085513663513298      -0.33861142820369777     
   1.8852378543972065E-002  0.94785324300269347      -0.31814904927173643     
  -6.6194464399707761E-002  0.88433824961654484      -0.46213001757944860     
 -0.82113126430951211       0.37434403345434947      -0.43082478038128535     
 -0.85830818385537255       0.15364419104963106      -0.48959220182067875     
 -0.81077200758706947       0.48712561969555840      -0.32458801941762289     
 -0.93821876294207696       0.21000705285864285       0.27503198107316995     
 -0.72507868477630055       0.57512970233309813       0.37879641811575537     
 -0.25326603583906637       0.69027154366380339       0.67777688887886689     
 -0.27981565477469644       0.94583318937294591       0.16462921133142808     
   1.5003882944786814E-002  0.69409509781266221       0.71972694731338005     
 -0.33230766171685755       -4.8164436090547630E-002  0.94194044666336585     
 -0.34937034163441749        8.2038182698230572E-002  0.93338636210618198     
  -5.0269066982631727E-002  0.44025042211907051       0.89646672371520575     
 -0.70917429533577314       0.33512724853348591       0.62029150092952912     
 -0.81137166109196712       0.15479008565740432       0.56366307042328490     
 -0.73648098706447462      -0.12555381007124061       0.66470444294374686     
 -0.75964846038901834      -0.42020404458571503       0.49634945103469819     
 -0.52509003441611446      -0.85004235616790669        4.1333382119603537E-002
   7.0551316576333220E-003 -0.88599580074698170      -0.46363958650659076     
  0.45110226011761401      -0.84354660478205667       0.29143760306017524     
 -0.11616369985337546      -0.80824982522574584       0.57726788829708275     
  0.30466846382752150      -0.74270542286523156       0.59629336906894015     
  0.42786300875279509      -0.90338270802804954        2.8860502022389545E-002
  0.73191028007165382      -0.62672938088775421      -0.26742779410060286     
  0.74675776512162517      -0.66216130229486325       -6.2411937750028290E-002
  0.87813669577381781      -0.34977253135761099       0.32639718112016763     
  0.98394270522595284       0.11508530527575871      -0.13642626338900793     
  0.67858544945121035       0.71434020945366150      -0.17099664602214737     
  0.59050603430925663       0.62896463765146815       0.50567391472017997     
  0.25260970957220702       0.95244102991836954       0.17042423289524364     
  0.12508581189015403       0.89359282732126366       0.43109789911789731     
   3.4336551459403883E-002  0.99218932486341860      -0.11992224506316490     
 -0.30131214827085834       0.94800528721405330      -0.10245469593275791     
 -0.35737423211478953       0.85864513095133277      -0.36744005948453107     
  -3.0669515611542825E-002  0.96048703981486194       0.27662976549874363     
   3.8357083132007946E-002  0.68442182010123587       0.72807657999891284     
  -7.3699090832326772E-002  0.99106499724223973      -0.11116930894706323     
 -0.20642369971795649       0.82672881253016817      -0.52336290155802101     
  -5.0618736534691032E-002  0.79121512552257944      -0.60943938882873894     
 -0.63959897185637138       0.76183222159719688      -0.10259055188767230     
 -0.40264742919729368       0.87591619176780977       0.26579291329866161     
  -7.3422299707173212E-004  0.97622601991233893      -0.21675382110296393     
 -0.21353402020703000       0.92014388674976588       0.32823535746673072     
 -0.45491874466532228       0.87786317268807867      -0.14968361897730834     
 -0.47597453477339874       0.68756192545025363       0.54836743240133334     
  0.11143929347225986       0.82452438756757163       0.55474392126169036     
  0.50525143232999259       0.69620153296291643       0.50992589229083263     
  0.44978331639648944       0.84872742713740501      -0.27813076549734289     
  -3.3431641829201567E-002  0.11086676671124372      -0.99327281517398436     
  0.15379229088371787       0.75792260682483437      -0.63395682292145372     
 -0.18726132719343705       0.79898005590581700      -0.57145784236683483     
 -0.71588071600702774       0.48164003483836293      -0.50550734642554818     
 -0.88833857092835999       0.40093437193323089      -0.22384417080537800     
 -0.98442578221108423      -0.15316747237094450       -8.6287917611076931E-002
 -0.92623723616124443      -0.32796926200233240       0.18579759290697895     
 -0.63330232768586814        7.0011497750772672E-002  0.77073118006888652     
 -0.57161143662130165        1.4216025116502058E-003  0.82052321391297500     
 -0.77977608107373420      -0.21697064331998001       0.58725888952204397     
 -0.76208876971133521       -2.1455052510644609E-002  0.64711698154326303     
 -0.96461136446907203       -1.6656208471539972E-002  0.26314917111111696     
 -0.76892690587107637       0.57938135287030057      -0.27031215543094606     
 -0.87185043884671309       0.44666726630206527      -0.20091083967039286     
 -0.37238798491512898       0.88035898025506598      -0.29376053951331693     
 -0.18506687558696258       0.56603479300754445      -0.80333981892186590     
 -0.41809185137530303       0.82216166831054727      -0.38632809239612176     
 -0.23975932156228705       0.52972039432329798      -0.81357960370328763     
 -0.54146439552615144       0.62523470252623303      -0.56204792957044658     
  0.49909148962900546       0.66873073077680178      -0.55109608481154626     
  0.64346129123488394       0.74305248627115772      -0.18393088193278362     
  0.68041422948410368       0.67401466788849107      -0.28764683865245488     
  0.34533575701154451       0.89125001005414406      -0.29396706364449687     
   2.5065506688639858E-002  0.72305779524752933      -0.69033263366746878     
   7.1612402920361182E-002  0.94670790227420110      -0.31403154542114220     
 -0.16547858542723914       0.93624688145368595      -0.30993324238169517     
  0.10483386718574195       0.72064603212332745      -0.68533142104808875     
  0.16663985261496969       0.60499793913277833      -0.77859402333023231     
  -4.7278075096091235E-002  0.76507299904020032      -0.64220564444330885     
   4.8737351054671182E-002  0.96698661305506761       0.25012309126597726     
 -0.55377626254688372       0.80626120109066024       0.20802578363135374     
 -0.93382335710303166       0.34440098138352726        9.6756920945741842E-002
 -0.96502102120389632       0.26125385853585309        2.1928293019508993E-002
 -0.40975005116858226       0.58563775937503038      -0.69938066198709836     
  -7.1125498307950008E-002  0.85001668527078889      -0.52193179463576156     
  0.18541282411091481       0.92278494310840198      -0.33777216200822235     
 -0.19847525038873709       0.96105467839448555      -0.19230569445345586     
   6.7488345217593643E-002  0.94528479881891769       0.31918955556493872     
 -0.24354293711837008       0.65261070748329186       0.71748595962427941     
  0.53948002434284759      -0.28025172790814956       0.79399009586998270     
  0.87123513223156779      -0.41925146497398735       0.25529894923931551     
  0.80558799572083095      -0.37334902745644349       0.46004182945450384     
  0.28596352607486447      -0.40530196447590916       0.86830592497509684     
  0.38097195379760612      -0.28093053833124842       0.88087365896170378     
  0.22504881728737772      -0.91240208984750582       0.34187052560799436     
  0.10159010335215635      -0.96631044001688038       0.23648167881534235     
  0.40379242586224717      -0.86338130184530693       0.30253000585093437     
   2.8869278207033871E-002 -0.88985769907600576      -0.45532388491161441     
  0.40953152261270892      -0.61576049373184405      -0.67314407547391220     
  0.61692631797503861      -0.73546467741898169       0.28016714021949551     
  0.55180790191247531      -0.82538336679456170      -0.11937477625466208     
  0.42004657939641704      -0.88349413370458274       0.20736197058997197     
   1.3410584187336524E-002 -0.69358552341994473       0.72024945535147600     
 -0.33003873580665655      -0.31107278084269080       0.89123967477101562     
 -0.67583442522207049      -0.70591147791151099       0.21198305365660142     
 -0.95858738743425653      -0.28286190611009471       -3.3156639210573893E-002
 -0.59379493508446934      -0.60030393762240408      -0.53576371428369773     
 -0.13204966281882943      -0.85511928255478908      -0.50133212459648446     
  0.27379182627489529      -0.45193926367689730      -0.84899289620837859     
   6.2481592901962660E-002 -0.81085530546935425      -0.58190181658132234     
  0.41389811588404352      -0.90063352027445598      -0.13246739910524666     
  0.60352337515776344      -0.77005196179577606      -0.20683208593612340     
   6.6678071818361287E-002 -0.91314828570285556      -0.40213709485266030     
  0.39327543420294070      -0.76056712230734336      -0.51659663695926383     
  0.24731599455813250      -0.88657859875280509      -0.39091327307894391     
 -0.21805502640986046      -0.97591407800120067        6.6119449880263984E-003
  0.21590536427567303      -0.84111087692050979      -0.49590056100295454     
  -5.8722043896243664E-002 -0.57549074848654291      -0.81569732129453887     
 -0.47833022269045367      -0.49512348800216366      -0.72529506388058096     
 -0.99044727065999993      -0.13787449013881417       -2.1975011119949595E-003
 -0.92602204692582479       0.11497973713237984       0.35953140148844803     
 -0.58809520131118898       -9.2247785885304856E-002  0.80351377100461763     
 -0.79226981264669472       0.30108195571430202       0.53071480091666667     
 -0.94379395649722797      -0.24919356001572054       0.21715325769150118     
 -0.92723271833929266       0.14136532667323998      -0.34677850345104133     
 -0.90789473060272463      -0.37157324460557900       0.19406308777597572     
 -0.54405391089936639      -0.83136940769588319      -0.11327069339645683     
  0.25868319749785490      -0.96475054759467371       -4.8367181518713651E-002
  0.42756425656062613      -0.87187238626008878       0.23880399617465048     
  0.40718482044735971      -0.86287284272178055      -0.29941773376091485     
  0.69097278257190708      -0.65738185555774842      -0.30067542255446467     
  0.86077608859538512      -0.50862459717521591        1.9119216795015492E-002
  0.72457506051330733      -0.67918421474522106       0.11704607692316113     
  0.72845300983435080      -0.36086930607850076       0.58234831191800218     
  0.37685312456460918      -0.90321921881996181      -0.20536982558338551     
 -0.17419350055971139      -0.95173923530788518       0.25268370018332797     
  0.38178175837818473      -0.92112468909178591        7.5973654086765444E-002
  0.24115998808741543      -0.24318332712528448       0.93952313944573596     
  0.44676717364159835       0.42050078666586416       0.78966966572720232     
 -0.29921581338371250       0.59891448037666994       0.74281312738553840     
 -0.50485666105241045       0.71720095387457516       0.48035668367624007     
  0.12411870272678076       0.83918277542706443       0.52949675830920095     
 -0.18468092238020084       0.65724778620806767       0.73069713591431384     
 -0.32097078637550314       0.91815529715866850       0.23231143879066007     
 -0.14700824220100639       0.98769027885009641        5.3446139149684324E-002
 -0.38654278268479719       0.88632718466818017      -0.25496823110431238     
  -5.0062603425667526E-002  0.70724126678584853      -0.70519750871185327     
  0.59394605726440208       0.79736694577666478      -0.10693004649245669     
  0.41638379049254942       0.65271478982413900       0.63292017044796545     
  0.74364121235522940       0.62169702397621251       0.24594828250257136     
  0.93430850620422112       0.25981078277114067      -0.24406141110466051     
  0.92930802922840661      -0.24369207236113671       0.27749010915703881     
  0.70366365589678004       0.33044728927786393       0.62901673139825476     
  0.83829457157134313       0.38415250190574857       0.38689671303026463     
  0.90286691548782705       0.38420198009741957      -0.19292530006915407     
