  0.90700591536405006      -0.23699454752669988      -0.34810035038376980     
  0.39185536213855798      -0.35631095109379529      -0.84822867276102243     
  0.98383780664963960       -1.8528604494700132E-002 -0.17810070472166672     
  0.79110056707614396      -0.31587747056137211      -0.52381420023093472     
  0.53671384034645964       -3.1637747538535224E-002 -0.84317098296328430     
  0.16797699519003231      -0.37265795412716318      -0.91263890905041078     
  -8.8737416200169533E-002 -0.46687631685842595      -0.87985917948434145     
 -0.64702870122671918      -0.48146615525943165      -0.59122263245628737     
 -0.47626673268466230       0.22711896656726760      -0.84946275631327151     
 -0.23017885612045169       0.72286242328861550      -0.65152713772523174     
 -0.84237393446812925       0.53880953288855005        9.5100892284849144E-003
 -0.44402892015165385       0.87949036898753852       0.17127465932581309     
 -0.29737192063606671       0.93265764340462221      -0.20425391309874050     
  0.36568018977857397       0.87074542100589669       0.32875585257268986     
  0.51504363303462530       0.85026960627207870      -0.10849724752472867     
   6.0145253229827382E-002  0.78717466975583206       0.61379034515765130     
  0.24235582576754133       0.18138837837833324       0.95308022217747257     
  0.36901645810354261       0.49605348334510962       0.78597569638629505     
  0.40495648089763925       0.64299407173779255       0.65005297652505178     
  0.41976455376566224       0.22231272662355428       0.87998566521457589     
  0.55932908062706321       0.55183050640758613       0.61857422494221403     
  0.82859958447514359       0.22198576560598693       0.51395043387076977     
  0.73143845365179316        8.8374513580642466E-002  0.67615658975479953     
  0.13942072997264277       0.94447091276614870       0.29755092840149444     
  0.25910609100593518       0.50977264649898146       0.82036326251548475     
  0.57721670978054185       0.43760625799004327       0.68943573516183465     
   8.3381807937267849E-002  0.93736765452445103       0.33821495288721232     
  -7.8572606496892586E-002  0.99300654056824089        8.8115582600449369E-002
  0.29355071365829011       0.92031071655688734       0.25856558839352939     
  0.38711809071045505       0.70350755316059255       0.59600059269326977     
  -6.2241231156433645E-002  0.96510443972407456       0.25436086485362802     
  0.32161345033744015       0.76621366598012930       0.55631053075362191     
  0.74871202345317678       0.48253530006815165       0.45452171579019263     
  0.63523497487845393       0.50596845896039266       0.58350016729085252     
  -5.2978132757758555E-002  0.66199894361054545       0.74763006634835771     
 -0.55929090169277318       0.81440769512189060       0.15470550542878342     
 -0.35835456617204009       0.90191725865517403       0.24109596314252815     
 -0.14551446375981564       0.98861021581642261       -3.8410701896163933E-002
 -0.59520886961712183       0.80255959061690285        4.0305149025873802E-002
 -0.27781552718701630       0.89766839307179591       0.34206722867553790     
 -0.13454758775074949       0.58794137591274431       0.79763518297548619     
  0.32334885940213337       0.20656760539897218       0.92345835830485545     
  0.49870858934739426       0.50492927514088448       0.70451129871485807     
  0.70619494417283712       0.56568452719494633       0.42578130127686686     
  0.70329768730422904       0.21337737198262227       0.67811684845486631     
  0.34558939249324683       0.65314630196244750       0.67377138558190175     
 -0.36404285497282052       0.69934888868092193       0.61512919914763953     
 -0.20935413485803434       0.76258682296233538       0.61207204123539016     
 -0.24886903988695841       0.85668908072343197       0.45182742275672544     
 -0.22631924870997266       0.88214456411732067       0.41303821331883228     
 -0.53789098850181083       0.75896318894456449       0.36694435860995239     
 -0.55550383816096072       0.78826682931892811      -0.26467128968577486     
 -0.16958203474990544       0.96440675880983362       0.20288306250637669     
  0.10321382571452982       0.99385522639100210        3.9983686131737022E-002
  0.57470465027704265       0.76953308701512180      -0.27844818717112496     
  0.14601916639197493       0.86267499969565076      -0.48422127993956232     
  0.55011093379461029       0.28617284635396534      -0.78452728603237554     
  0.85109099600188309      -0.25998632432030561      -0.45612632865356062     
  0.75201338748637714      -0.15589506361450450      -0.64044718297599623     
  0.97039575536736078       -6.5415469728682424E-002 -0.23249278329701140     
  0.63973073681323966      -0.24574945126658507       0.72825256029662533     
  0.66970517567752730      -0.72527529715036521       0.15959549183532062     
  0.13266628530745203      -0.98554345223774853      -0.10537438253225871     
  0.61323729028110141      -0.78509751668515881       -8.6959272671403798E-002
  0.24347309372993728      -0.78967534176806309      -0.56314625740842872     
  -3.5892793113725424E-002   5.2413659531810666E-002 -0.99798021808900661     
  0.71500280619616008       0.25284668700367974      -0.65179716170209245     
  0.65176166758760634      -0.24331172668417447      -0.71833566827872619     
  0.43972715355944847       0.18195275882686024      -0.87950737573816695     
  0.29599776665701477       -2.1624567766181588E-004 -0.95518860722474352     
  0.38993338955032952       0.77342914596477375      -0.49975924992543314     
  0.65073720476129426       0.52837981008479995      -0.54530346288484699     
  0.90463998529601186       0.32707607867600619      -0.27321737822040171     
  0.29459984305631554       0.95550218593562808       -1.5050087823807637E-002
  0.22103892494408578       0.72937510316548426       0.64742084654568421     
  0.47134481923791982       0.31597609824799661       0.82340340460412786     
 -0.27677878830519886       0.37800643208673479       0.88346173637878478     
 -0.37973327164621007       0.23496396593806543       0.89475950797720905     
 -0.41419898383761378       0.75960771735967114       0.50143326327195659     
 -0.74627021222111367       0.57284039007556720       0.33902014372246791     
 -0.76359452461802668       0.55173123972617089       0.33543410840827914     
 -0.39410613415028456       0.40553013410184025       0.82475794349646447     
  -2.1866755568866747E-005  -2.8105293225917576E-002  0.99960496798211884     
 -0.49230450102562845       0.53260924979869573       0.68845019086265413     
 -0.56329628632557649       0.68711223936286359       0.45888349755639724     
 -0.73444757935678218       0.22540011916614200       0.64014181198925357     
 -0.82825166440694109      -0.25779608108333296       0.49753428121615506     
 -0.47077945621495609       -6.8534697821616752E-002  0.87958495826182614     
 -0.90252996485416803        6.0124386080525546E-002  0.42640910020637568     
 -0.66805808212433004      -0.13391013440367266       0.73196070578441108     
 -0.78488784633408260       0.16129003474240963       0.59827802347223114     
 -0.48732010276934484      -0.25978297271776007       0.83368574686319941     
  -6.8120780041697887E-002 -0.19111694759331163       0.97920062891585402     
  -5.6332318748990695E-002 -0.54988309970480131       0.83333981455552320     
  -3.0964160193751616E-002   8.2717432198022273E-002  0.99609188692314476     
 -0.51596951286327353       0.83629382071577452       0.18544030637460079     
 -0.80620758636360867       0.51466351436068070       0.29180609088187648     
 -0.63360659225794702       0.71576957128605623      -0.29362664570559022     
 -0.49571504785327247       0.63344238524838581      -0.59415262004193825     
 -0.20056316723931983       0.63477723726412238      -0.74621195045264843     
   1.4298933946016446E-002 -0.22775205375521584      -0.97361416510769716     
  0.30588624778688678       0.11394502690365722      -0.94522491199649927     
 -0.55967193144507976        6.2167008249087718E-002 -0.82637920607788640     
 -0.94516943613443627       0.19981694047635995      -0.25831749320560815     
 -0.69444203904119717       -4.6284512230139331E-002 -0.71805849228317609     
 -0.72295894673716843       -9.4447130940111923E-002 -0.68440492458040125     
 -0.77366327435996085       0.20325573779788964      -0.60011019234709417     
 -0.81977973285625760       0.45665329981144243      -0.34558494378294369     
 -0.77683332769927493       0.38747534394544808      -0.49637973247309458     
 -0.80644605798722657       0.40536616101810069      -0.43049161554943272     
  0.19798069807172003       0.70605682117695800      -0.67991720706315273     
  0.13511438002673820       0.43818274977524269      -0.88867315820240622     
 -0.51897732940751529       0.44564131345549229      -0.72942878425707081     
 -0.33864515298404063       0.31382633425839229      -0.88703578974377040     
 -0.60667573580973033       0.42491411214878905      -0.67185753614626009     
 -0.80300594692511307       0.33224340593292873      -0.49476839876550061     
 -0.52260632244431171      -0.10055305116137239      -0.84662371549786464     
  -8.0142762098887266E-002 -0.38955523618547949      -0.91750959430605128     
 -0.45575046145665754      -0.27699856505791909      -0.84590975395602286     
  -7.2699182865727616E-002 -0.84393768124368140      -0.53149225675237599     
 -0.60774443582082915      -0.60692902602337784      -0.51213656196284019     
 -0.59487432833661080      -0.38059853087228651      -0.70800373712567977     
 -0.75272045907873053      -0.21818572448631601      -0.62113356060890168     
 -0.76351307290230486      -0.42111225260274587      -0.48960418525082633     
 -0.53423305113997122      -0.68289765360717114      -0.49824275385346745     
 -0.83463750101029233      -0.43352660750835620      -0.33975715222726133     
 -0.95958236827884758       0.27892200378530319        3.7472580545811096E-002
 -0.95473834104931832      -0.29713046979561486        1.3718019152443472E-002
 -0.49411135986735821      -0.85250935059194100       0.17053378317303836     
 -0.88816309157989037      -0.45943832203975049        9.0967574744866830E-003
 -0.84476079302054119      -0.11344236983118069      -0.52298186517552003     
 -0.89363229866794058      -0.11966332634472249      -0.43255289052969803     
 -0.35068340507116347      -0.53922702871627781      -0.76567314234572903     
 -0.55720943958733171      -0.58428882929149706      -0.59002051184683213     
   3.0554808292282132E-002 -0.60554889249883659      -0.79522131666834950     
  0.26091080244353093      -0.30055030431537039      -0.91738490708333742     
  0.75254332536846935      -0.35838604738347740      -0.55248346987420383     
  0.92287741158241965      -0.25554182748296861      -0.28808966936990388     
  0.90805467530462414      -0.34648719861166893       0.23533662667695407     
  0.50884936532500036      -0.15033908015748224       0.84762638254468015     
  0.47102983800429188        7.1887609988155604E-003  0.88208798508141939     
  0.66601943573213629        7.7626046417598321E-004  0.74593398410765954     
  0.10058943183822691       0.11070828513005135       0.98874943327724574     
  0.37412157313597982       0.24466799417566665       0.89452256603191216     
  0.43165189694741057       0.85319371352642659      -0.29280902831146810     
  0.52681783849079566       0.81558494448511165      -0.23934110256520996     
  0.28257857170158018       0.92592716195970104      -0.25061572488642925     
  0.89817870734660543       0.34479828724066047       0.27274374563893533     
  0.86199899839599725        1.0208905359468926E-002  0.50680716748648147     
  0.95555000301314919       0.29474997876503806       -6.8294772582366270E-003
  0.67431148373685379       0.34352659731627783      -0.65367690783514654     
  0.41497593802306820       -9.5880250761626179E-002 -0.90476623963085923     
  0.41955310628011033       -9.5799585226159584E-002 -0.90266141519465559     
  0.19874237236959269       0.52279710520140477      -0.82896601632273903     
  0.69219390345844933        5.1577803701552433E-002 -0.71986618907981104     
  0.88201887017063385      -0.15261019670937248      -0.44581704826450586     
  0.97254641093894356       0.17602939691906616      -0.15220752277771060     
  0.93004224048100448       -7.2061368351661159E-002  0.36031734639395413     
  0.45952740105232515      -0.30265977369494185       0.83500396949297873     
   3.3805983571925657E-003 -0.75348521841873539       0.65745615608896901     
   9.0075463267981007E-002 -0.99593458086923980        8.4943860004628273E-004
  0.25045303572038863      -0.91082134325538888       0.32814289199819080     
  0.44093191183288594      -0.71066518053965455       0.54820985972160163     
  0.34673907355441036      -0.52287150829601592       0.77870238261029134     
  0.28144263504620992      -0.93332752242622463      -0.22291204332649306     
  0.85483465872466524      -0.51235201773966521       -8.2177345790406392E-002
  0.74539640626265546      -0.36361569202433069      -0.55871980996241866     
  0.55643029231180352      -0.25516149016235429      -0.79074518255625559     
  0.86408528356734560      -0.48143403272144536      -0.14689416210298525     
  0.66882862972606594      -0.51610370240047443       0.53507497832296802     
  -7.9039415048790057E-002 -0.86485174067243997      -0.49576631342261995     
 -0.56337776298299003      -0.49237207651164144      -0.66345703285737567     
 -0.53086792344585909      -0.42718997004458825      -0.73190708245622660     
 -0.43429315858652773      -0.33066621756087011      -0.83788382546091089     
 -0.51447274918769170      -0.40409193046518072      -0.75632499765393180     
 -0.67835027297435546      -0.48984729758878603      -0.54762261841582482     
 -0.65638012958555048      -0.37503465571085309      -0.65460990864879187     
 -0.67844161603647934       -1.4672990584256692E-002 -0.73450777870433792     
 -0.94738348104172088       0.26740011670829666      -0.17595941984934046     
 -0.93159397051140458       0.35010135172927537       -9.7784035630236507E-002
 -0.42528669131211100       0.90335595028768789       -5.5491055789681679E-002
  -8.4799675579718903E-002  0.91935182172155316       0.38418907183692180     
  -3.7353746626856213E-002  0.99850100897676664        4.0005408201054325E-002
  0.26314285162602413       0.96387502586320495        4.1240443200289294E-002
  0.86942402729667689       0.49406370651981141       -1.7072372865562947E-003
  0.64490688848918332       0.67306482717194793      -0.36204812332510056     
  0.72680546520465938       0.66618069002294522       0.16720377982927520     
  0.67829894909769362       0.73477171170364941       -4.5899164531330323E-003
  0.98112540491888633        4.5405683317244969E-002 -0.18796612393001122     
  0.99328516779724518       -6.6740230953104100E-003  0.11549905995178189     
  0.92652769425576742       0.34428420823745803       0.15170634705045635     
  0.84373046850397060       0.51212331685213686       0.16077501315332557     
  0.20669065642906675       0.71117026401104877       0.67194927496901979     
  -1.1696981062788454E-002  0.36875404692042313       0.92945340577880919     
  0.73773403612824429      -0.26016978272193125       0.62294476167342361     
  0.66280349983085141        1.9377905751324712E-002  0.74854259556874081     
  0.11207853058831227      -0.10673201055353411       0.98795074821794837     
  0.30758145837716128       0.68117587809992852       0.66437419392795793     
   7.4985370175325861E-002  0.68749294682757089       0.72230924286074538     
  0.59242986730033720       0.19802392611801226       0.78090548532800819     
