  0.71107082210627282       0.60891731389768300       0.35156505910685115     
   8.4838640958422182E-002  0.93368194450370556       0.34790865397131276     
  0.58514566326613582       0.81061653078279250       -2.2480942652588834E-002
  0.39952102620731256       0.85101260192212969       0.34082326943446567     
  0.58956974043679133       0.58606312954540418       0.55582149054238827     
  0.19364040654341919       0.88096410854904239       0.43174718574893312     
   9.7500350383276049E-002  0.97033098808260720       0.22124975760844659     
 -0.56552384778327813       0.79515490419169765       0.21888685645387684     
 -0.48828707610765876       0.65532139582497162       0.57630686225333783     
 -0.66905054265577535       0.40909463749406311       0.62049411676957289     
 -0.93736460065699656      -0.34679587687940761       -3.2866779802917731E-002
 -0.74879430714902873      -0.53308887128335891       0.39385700564429499     
 -0.54207450057680895      -0.66165706248697909       0.51803973543107429     
  0.22692520973356875      -0.88261679773399204       0.41169471401171831     
  0.85015608287790967      -0.52277160511946996        6.2805124205936966E-002
 -0.15656585543040802      -0.90544367345182131      -0.39453629379240440     
  0.33912579230238421      -0.77574087387437130      -0.53218398472328243     
  0.28548149610700418      -0.77740045992931550      -0.56048982174720419     
  0.46248394642483048      -0.61988259275222934      -0.63391968773821172     
 -0.12126032950582551      -0.59146745807732659      -0.79715881637456931     
  -5.0478081126706348E-002 -0.59271072765243504      -0.80383204505139683     
 -0.35042272187322693      -0.68779223505283027      -0.63572459241089252     
 -0.42926648889764768      -0.56512195450586211      -0.70453350384842472     
   4.2186584049819766E-002 -0.64910040880325437      -0.75953206082276015     
  -7.4381734618524389E-002 -0.79059063980251532      -0.60781065950819624     
 -0.41742216116627617      -0.39270141179448981      -0.81947809033673680     
  -4.4539341623552831E-002 -0.54459176183253644      -0.83751779682101524     
 -0.16936439441422718      -0.55160971991304220      -0.81672664876455991     
 -0.37498307247165363      -0.44808742254529121      -0.81154504318396692     
 -0.83784836520809425      -0.53315333091648109      -0.11729297784104681     
 -0.21116968649482498      -0.94106132092920192       0.26421762574955143     
 -0.35523391735360965      -0.90818087355487731      -0.22139639760109003     
 -0.78935753283927002      -0.61387551050112110       -8.4583069791496074E-003
 -0.55179884472272511      -0.83292739083095824       -4.1832960285268853E-002
  0.19034807664619291      -0.91336288788142761      -0.35991088446727315     
  0.78955810841364948      -0.57720585334464058      -0.20840200647541152     
  0.89115623459546689      -0.43970228560695357       0.11181442471201912     
  0.89901074234589351      -0.28769385151264482      -0.33016955181929492     
  0.81428428190798752       -4.4131833283092788E-002 -0.57878622092161081     
  0.79658707446680166      -0.21672711262637348      -0.56433889768924339     
  0.78056861666974764      -0.61861048887091041        8.9630897179587152E-002
  0.25419510833093761      -0.96201303563363372        9.9577940185570521E-002
   1.6038013612935227E-002 -0.83125146716545339      -0.55566516937332466     
 -0.32223534661043512      -0.74715903483550472      -0.58130693962707158     
 -0.20531544691980641      -0.93432937769665969      -0.29133173742167656     
  0.19086730667060675      -0.75061669843233336      -0.63256955607970355     
  0.80173008340640162      -0.31678363433164791      -0.50683034871720822     
  0.84304053374756871      -0.43049478916543443      -0.32242347147814571     
  0.92231386745089350      -0.32056569785394479      -0.21581187007943031     
  0.90217069332382949      -0.37058249299157442      -0.22080909400598314     
  0.89880479409913061      -0.41564570105798454       0.13924292907167074     
  0.91169765545205594       0.16068375864483075       0.37813769284613036     
  0.99496177566053312       -8.5856164827771888E-003  -9.9886696631815888E-002
  0.92929116302357084       0.31425275945625131      -0.19406992940804813     
  0.61157200680266599       0.72421787436292495       0.31857204985460841     
  0.59075752613754007       0.28784811115976622       0.75375659878610979     
  -1.2503862277868344E-002  0.63144895208721263       0.77531662844035665     
 -0.45421794024924994       0.86357993365338792       0.21889669012336910     
   5.5432861045824969E-002  0.99818204820399392        2.3660020277671702E-002
  0.23563413004205785       0.97018747965010421        5.6681664491262343E-002
  0.71506901201238748       0.34583528425396837      -0.60751482634140275     
  0.27516092703280992       0.73755590190678422      -0.61668286484779722     
   5.6749419496961565E-002  0.43958141642099668      -0.89640821154432471     
  0.12634907358477732       0.26426001964105145      -0.95613940072754411     
 -0.42863870359742595      -0.20684358322871094      -0.87947972907593108     
 -0.98742852346797894       -1.0609768926150039E-002 -0.15770968215419720     
 -0.87778436050391029       0.35645472243228432      -0.32005413184409520     
 -0.51717251841387657        7.0779913150848722E-002 -0.85294946514542003     
 -0.81147475578812767      -0.31471360299367862      -0.49240640614168607     
 -0.85269968476277436      -0.17681688589800587      -0.49156793677666732     
 -0.87438720280684368       0.47686182247852887       -8.9720799317194136E-002
 -0.61744920447183138       0.70230850445623982      -0.35428695215253642     
 -0.53533434555306558       0.69472755609387715      -0.48038605441370269     
 -0.39777368842661809       0.90430917647257025       0.15492258112701515     
 -0.40956888982611761       0.70808228993117495       0.57521543370501749     
 -0.18283819965418829       0.97050174433520819       0.15715138239815976     
  0.16070481680028620       0.93401410949678443       0.31904796679835851     
  0.34729925928893435       0.77276247588304692       0.53124512267365831     
  -7.7535733651910591E-002  0.60234982155173411       0.79445761528460068     
  0.32092220931172477        7.9685957785736200E-002  0.94374736222271016     
 -0.49302682678518928       0.14069173945377372       0.85856297527884273     
 -0.18940470443691507       0.36974517901773735       0.90962319700542049     
  0.50506981403963791       0.14872776401501575       0.85016735714626079     
 -0.28446192015020139       0.32440761207719254       0.90213143012029062     
 -0.44838465429378738       0.23960854663482045       0.86112655642095526     
 -0.38526588129277162      -0.63424646229488202       0.67029965372075218     
 -0.73347714247618245      -0.41006911421519610       0.54208357568902932     
 -0.50733595613879845      -0.83573736874363380       0.21012681431507041     
 -0.51052877005621011      -0.50810994329957992       0.69367475120911160     
 -0.25205011480007827      -0.90240378994650394       0.34948267413350759     
  -4.0564477845425148E-002 -0.47404364014271844       0.87956645591869009     
  -5.4294442985194945E-002 -0.33220463061530714       0.94164334907581493     
  0.64699212108244342      -0.41824498311034858       0.63755182484275841     
  0.67430014141243744      -0.45483649350057448       0.58175861271775808     
  0.55970713343986889       -3.5569243234234264E-002  0.82792678040531431     
 -0.29453519580095044       0.73736274518983635       0.60790229514343053     
 -0.26904449956485821       0.57603041031924240       0.77188342619945893     
 -0.53822492201054606       0.78347947799343831       0.31060238390896622     
 -0.89281400788312082       0.42759271240702068       0.14158961693610703     
 -0.93966652129047912       -4.3619844770392907E-002 -0.33929948114922420     
 -0.76744880740741273      -0.45099906092581343      -0.45565576376584771     
 -0.90388577862134112      -0.27383590571674465      -0.32864022265447324     
 -0.96618990932692705       0.21762244645912360       0.13826615606137929     
 -0.66257254470338423       0.30057410559596803       0.68604142006915814     
 -0.65417746295026757       0.24066264540180962       0.71703091849390388     
 -0.69831455077719706        3.0447414001575940E-002  0.71514316269785771     
 -0.49972790565388026       -6.7939611533292407E-002  0.86351388494655579     
  0.30944605300436284      -0.14018459276967662       0.94052720334397255     
  0.78776146653856882       -9.6850822464042655E-002  0.60831882267859072     
  0.87576827877243646      -0.27210028132275171       0.39873720518668088     
  0.57478805563281365      -0.81188465901597040       0.10228387730429386     
  0.34050016202016387      -0.35183739326264818       0.87193468124993456     
  0.58401499509426402      -0.51355983676047656       0.62863564930063887     
  0.28435486096272339      -0.83418955029276942       0.47251466350708010     
  0.50527182583647101      -0.76320013529509889       0.40277280879102617     
  0.73637959334641279      -0.49138289821902553       0.46506767447418568     
  0.75357369034904642      -0.54137087238554860       0.37288640595530381     
  0.24655147036712599      -0.36590711921464208       0.89739865866172730     
  0.64081969125945404      -0.50043442179741338       0.58216450662546315     
  0.41787589039550854      -0.18612280140751566       0.88923452644530965     
  0.42907322533702508      -0.17560474869811929       0.88603563107446748     
  0.17657682065398886      -0.71958565465505919       0.67157807589466512     
   3.4850408261042951E-002 -0.71236270552839642       0.70094566466760067     
   4.0680024132725978E-003 -0.80767453439189552       0.58961453327678826     
 -0.32811058316790703      -0.89712085181418311       0.29583377503827590     
  0.17598815283925073      -0.85357217671670060       0.49034957856138472     
  0.78237180009328444      -0.60436600322727474       0.15045298455629352     
  0.81928366062387137      -0.57310952320054798        1.7881774286148705E-002
  0.93584019682536801      -0.13822722196252749      -0.32418568924976759     
  0.94682338631888263      -0.16708002759639443      -0.27497225223289379     
  0.79195000143599226       0.26494286234774822      -0.55010951174887368     
  0.63196726748359289       0.39676484946235857      -0.66572894413601669     
  0.22228457834520532       0.30769629892142270      -0.92515542146172625     
  0.21895427873224599      -0.31705660701977018      -0.92278607042477878     
  0.50868570355643372        7.0328697737827725E-002 -0.85807501377903039     
  0.76890863384013941      -0.42701783205192978      -0.47585216603043051     
  0.60441006591184876      -0.54276314700480632      -0.58317805040818871     
  0.93364658449402793       -6.3081824516949409E-004 -0.35819499903130581     
  0.98581865270298241       0.13099942804784462      -0.10488438317522442     
  0.60704671316676162      -0.37970882660302274       0.69807986293347279     
  0.67951847823782863      -0.40641547934638123       0.61080364756690930     
  0.68139898094827966        9.8915893217220122E-002  0.72519726615016422     
  0.44282877280163102      -0.62093666482301302       0.64679234400038843     
  0.41078667871361657       0.68106899706842383       0.60613474230045961     
  0.49056865325613935       0.46622856122056694       0.73618837612711108     
  0.30784933618642468       0.19682070761268414       0.93085465850714033     
  0.12898804065106273       -8.5509926377001860E-002  0.98795249777506833     
 -0.65628818248542076      -0.24991635964247108       0.71191827811421005     
 -0.85856515000390987      -0.40345832068654713       0.31636571664383406     
 -0.61200809812603130      -0.78904468513677439        5.3428201220011254E-002
 -0.53960600550556592      -0.82349877052425868      -0.17514318076184399     
 -0.73988850684482599      -0.57356490833142304       0.35155126705745754     
 -0.72556551918699208      -0.68489958818352181        6.6837350882314073E-002
 -0.26886186672735235      -0.96149498537706690        5.6927056086629027E-002
 -0.64549083466639645      -0.75070323524770644      -0.14066355231656436     
 -0.83501644917273155      -0.54980555503538964        2.1479787317886377E-002
 -0.85071004206719303      -0.23277560973156694       0.47128329043174566     
 -0.96483054353190334       0.20130730747920889      -0.16904848483030785     
 -0.87377134656262634       0.45838948475457930      -0.16248912022832207     
 -0.42474307273696388       0.88503670779735188       0.19053437488613886     
  0.15690992283550501       0.97593001181515038      -0.15145919633452634     
 -0.29721728729877189       0.92639980191977500       0.23118237634778122     
 -0.33883219115797253       0.93851942843612113       -6.6136439903131602E-002
  -6.8122754429469717E-002  0.95238417740126169      -0.29719298269764799     
  0.77753167413474900       0.62858544447602560        1.8023171477568649E-002
  0.80673504051529665       0.56508620234747919      -0.17278934666599652     
  0.50746358853567020       0.79854484384265334      -0.32373884333342617     
  0.62780040969186535       0.47302369392120563      -0.61815469793560562     
  0.80111157402986954       0.26159969140545813      -0.53831760830571673     
  0.86289592758619182       0.50246135484082521        5.4251313778864572E-002
  0.14976493737137428       0.77896773936667296      -0.60891684535754209     
  0.28651576587036887       0.94090470501349410      -0.18057422848015436     
  0.56118023532391093       0.77689653994472885      -0.28549695217937832     
  0.51909903876399566       0.83685279578253313      -0.17382055731512264     
  0.57618817139228085       0.77120615294468120       0.27064415901313771     
  -5.6486308062231171E-002  0.79781456804916273       0.60025095752531266     
  0.13367203166271296       0.55337440283959349       0.82213658125227185     
  0.72263517450509418       0.62473030477157210       0.29582165381876291     
  0.68717368244122534       0.47230494805620904       0.55201482425913584     
  0.26044014456429893       0.89464924554155645       0.36300641668055456     
  0.43514205847838094       0.87144802467000282      -0.22633985341069579     
  0.48565703191142517       0.86458564977502728       0.12895309828831764     
  0.14259593237695870       0.97854349075536662       0.14872470127677279     
  0.57657954655359966       0.72483122753372964      -0.37706195523815123     
  0.20789827290095705       0.14286533401085169      -0.96766099666297856     
  0.12857256802284775       0.43440390911079929      -0.89149444109388720     
  0.25686178953387118       0.52160306585908744      -0.81360448792018458     
   4.3612498511555513E-002   7.0823813323598050E-002 -0.99653496548785703     
 -0.16030187816841254      -0.16475788341877956      -0.97322050312715758     
 -0.15211170057723411       0.45759805765551731      -0.87605139585382119     
 -0.70084031743126440       0.20109552700293826      -0.68438544584339023     
 -0.95739246083769591       0.18390247569457252      -0.22266467022086667     
 -0.76519738824102357      -0.35993433635468952       0.53377919643054805     
 -0.80683221133908944      -0.47630550226349178       0.34950658256919953     
 -0.97460676849091410       0.11286588554848537       0.19339839371376366     
 -0.72501643094814328       0.57287315801514183       0.38231861016840324     
 -0.65024782779487478       0.73052862813019848       0.20858016667531665     
 -0.61664527825753257       0.69295152062058385       0.37358639010591638     
 -0.32431877864400854       0.71453712580471662       0.61988226758445364     
 -0.68598941060027008       -3.0499208960984570E-003  0.72760513091021906     
