  0.76115888015261235       0.64747323542293755       -3.7624042523889414E-002
  0.66606838875980268       0.37905515096147613      -0.64239403330395106     
  0.85636573830016505       0.51600851604910647        1.9311489597052950E-002
  0.67793714053611454       0.71779788079657803       0.15864247793598829     
  0.58196055351078635       0.80550275562151730       0.11174625203372082     
  0.74673470949849396       0.65207346730396920      -0.13110097966229112     
  0.97994467966536181       0.19680847800817408        3.1222552421064274E-002
  0.65446211072875859       0.74715840834593350      -0.11590366024593104     
  0.53119149932709886       0.76675003030048716      -0.36045801707948699     
  0.34642818161193523       0.93754521379536238       -3.1567183505969237E-002
 -0.46407099033779486       0.62257989545012393      -0.63010506243660447     
 -0.22552693984916100       0.56241311029219110      -0.79550555797793698     
 -0.63841007429551666       0.43686954755853630      -0.63370148765328760     
 -0.66933998410689044       0.22406434897901112      -0.70836371532739240     
 -0.99630640164513196        8.5848224477524243E-002  -1.9069334047210756E-003
 -0.80861533358921733      -0.45376316268750899      -0.37448662789512643     
 -0.67635195925795755      -0.67601065066815014      -0.29250235450538731     
 -0.29379204072693216      -0.94286274497322964      -0.15714986779210532     
 -0.44901112784456926      -0.89057566482193407        7.2553375515858332E-002
 -0.51427150956771905      -0.74994751347817079      -0.41605713727187998     
 -0.51727939691117353      -0.74366744584322908      -0.42353365335501714     
 -0.77289662302979223      -0.61472401763156370      -0.15730604647012075     
 -0.85632443503030609      -0.44680319488856918      -0.25898912526855816     
 -0.56439363267013265      -0.72348751251060828      -0.39752439754389368     
 -0.26871412646427084      -0.92757393904970098      -0.25961376279844040     
 -0.44308767624981793      -0.85529968895301156      -0.26858099938840485     
 -0.53633375679439654      -0.69199522883192754      -0.48320668931288013     
 -0.33641981873973337      -0.85491338134771444      -0.39489848816091028     
 -0.58823406120640576      -0.74103218589377806      -0.32380856799371666     
 -0.94095504022062926      -0.26338514765146998       0.21267786974681399     
 -0.62816939441390773      -0.52660850001155479       0.57278852959649007     
 -0.40955834939619012      -0.52406929120154000       0.74673511800330827     
 -0.29610002242861105      -0.47053559672814887       0.83121659567740069     
  -6.7420353180321163E-002 -0.46396063093442963       0.88328649311534002     
  0.61242284718081508      -0.68775438276506662       0.38978476783785393     
  0.58546754708534765      -0.79895489835920186       0.13747298533797525     
  0.69670970826729339      -0.67068156029297499      -0.25452274375606126     
  0.51044452087244918      -0.74735134406375192      -0.42533793580804224     
  0.11523795471813897      -0.94516837193822023      -0.30557644294036407     
  0.22046990395997859      -0.96967939625376531       0.10542717832163156     
  0.77579927150404870      -0.58698215532378650       0.23148961027501094     
  0.74988567115133609      -0.49430196110455293       0.43970109330102514     
 -0.21225745206982102      -0.46831182631054469       0.85768922540659365     
   3.5753448885526576E-002 -0.43494978748770441       0.89974461557558372     
   4.4070817058265890E-002 -0.39800035533139605       0.91632607746365990     
 -0.34737480304673568      -0.72532068707416286       0.59434051444481051     
 -0.68447056931348460      -0.72789296165441530        4.0888581751461317E-002
 -0.49075592871030782      -0.85317600027293017       0.17677480305167498     
 -0.32494149157695051      -0.88568147315805157       0.33163436968493387     
 -0.58800568140970566      -0.80749278228955845       -4.6954501170414775E-002
 -0.77273171463397783      -0.62151290289367234      -0.12886973552984229     
 -0.50972619621010395      -0.53655668858933292      -0.67252221140065216     
 -0.77429009036990637      -0.43298701778391224      -0.46151608681119577     
 -0.52076426943799003      -0.39003964324921281      -0.75939031622134534     
 -0.71133707878100094       -1.7467279803445517E-002 -0.70263394060317041     
 -0.25235781809935781       -8.8856942220347207E-002 -0.96354552329580090     
  0.10282215674602913       0.62414353247176801      -0.77451433489366850     
 -0.11331449067039603       0.93574087770804826      -0.33398927526240074     
 -0.18460169161517914       0.87472136072898410      -0.44809012099937490     
 -0.38594072614497382       0.92142343873207955       -4.5040009523032803E-002
 -0.68452307490281705       0.65641506499751656       0.31709213545895210     
 -0.71448727322379801       0.69914010150440475        2.6665612117493992E-002
 -0.79750448978902655       0.45663388188096160       0.39429948856762997     
 -0.96579540887381998       0.12270984371168016       0.22843275258717460     
 -0.82264342747123620      -0.56646946856359126       -4.8684005830472832E-002
 -0.37066244835029361      -0.59685877729909997       0.71159605770688761     
 -0.60421762550524538      -0.78111273275478221       0.15742922142083091     
  0.31072554064366154      -0.79697458095913232       0.51795864284397175     
  0.43771065757908872      -0.71774384022098003       0.54152854039889187     
  0.38517799694709287      -0.78438266341804297       0.48619106120650779     
 -0.30863518865876893      -0.92681607283797718      -0.21390719354614346     
 -0.13964322701803439      -0.98996934576009998        2.1458415675301330E-002
 -0.22648344192784231      -0.96339593548261993      -0.14343473089926903     
 -0.41891675040780996      -0.79438074208205145      -0.43984996628054562     
 -0.69927335412671032      -0.63977199187668810      -0.31891781796967056     
  0.14778710524610669      -0.91120192175070458      -0.38453872278473122     
   2.0418261477322452E-002 -0.60091660946942838      -0.79905088890636788     
 -0.25447188806144760      -0.51164285424669420      -0.82064952804764413     
 -0.22178255174155748      -0.56756903141922732      -0.79289210761419648     
   6.0822379738492194E-002 -0.39340720050334693      -0.91735021268604489     
 -0.22920106943996177      -0.59310879905198022      -0.77180879902651489     
  -6.6941735710753847E-002 -0.93307106284204444      -0.35340797346253944     
  0.28832898137637897      -0.58250059928645692      -0.75997332211688218     
  0.52244858018425755      -0.85126625335211648        4.8920823453262957E-002
   7.8785259006879660E-002 -0.76250407669251064       0.64216852616002740     
 -0.16410372984190041      -0.97863008242261817      -0.12390773837616945     
 -0.31523090966514528      -0.94583314942624153       -7.7647453520279824E-002
 -0.24590836792865375      -0.78609279095107620      -0.56708658827150049     
 -0.19891401437748213      -0.44790799572169748      -0.87167175143676301     
 -0.45038309690699541      -0.60988091849578718      -0.65207386949275092     
 -0.20362883838269338      -0.80496489633293533      -0.55728521589094226     
 -0.74439068784217266      -0.42692095669182289      -0.51344035738460669     
 -0.20508344653481053      -0.77303962521979552      -0.60029202709806617     
 -0.65955154591539544      -0.59141785860878482      -0.46391451238264936     
  0.37632954868192625      -0.55345880613566123      -0.74300701255087975     
  0.95711261636472189       -7.9209742759365528E-002 -0.27867769241100371     
  0.99685043585468858        4.7617584129005491E-002  -6.3417459883798044E-002
  0.80671283536513183      -0.13302010100892242       0.57577778177417371     
  0.37080554726321319      -0.23722364938901794       0.89790210284273786     
  0.18819019842419998      -0.12335899428301414       0.97435466219781353     
 -0.35804454184899370      -0.44567948114607342       0.82047175828152241     
  0.21747340529914266      -0.61701683225131532       0.75630387193650273     
  0.64521612928796179      -0.67127595438579346       0.36480781182716182     
  0.49995958646211902      -0.63756219246502777       0.58613553265764118     
  0.27923958483278888      -0.78750641136640176       0.54941687844411935     
  0.55652262319535772      -0.72084124232338675       0.41312283069018874     
  0.28342192798235621      -0.76188893525635504       0.58240643975895834     
  0.39762614672431723      -0.91088665038924277      -0.11035831452070849     
  0.38177566759911574      -0.77909667515657088      -0.49724813764281744     
  0.43761713631261978      -0.85658258743879800      -0.27341820148307261     
  0.22615528126886905      -0.96755269523109633      -0.11267462316453308     
  0.48440060009805846      -0.87135152692921691       -7.8118980682030201E-002
  0.14705641144002651      -0.97474126837308328      -0.16808888001545705     
  -4.8254161230710635E-002 -0.88336364343879104      -0.46619760764557261     
   1.7382643158874528E-002 -0.97409302040865275      -0.22547867151451056     
   8.5450337786752983E-002 -0.72568997857482698      -0.68269487677012752     
   9.1656638411029556E-002 -0.96993479217214928      -0.22544524738657551     
  0.72623215532181273      -0.68619147382760204       -4.1570636547412054E-002
  0.40353049632567706      -0.91412301906592741       -3.9271421530064604E-002
  0.58956238686646767      -0.79937316750114851      -0.11583924668061282     
  0.93125077282251156      -0.35734946055329075       -7.1227530911373321E-002
  0.81378300073061605      -0.57641701864490980        7.4166355838701487E-002
 -0.24326161616170686      -0.96996037034036031       -8.1613209198055578E-004
 -0.38159622389895664      -0.91111605767285531      -0.15573005925877456     
 -0.33813089561770227      -0.90019988849643329       0.27442240830473535     
  -9.1923053420635045E-002 -0.95450104359507004       0.28368628804673973     
 -0.63125781255769597      -0.77268091315296616        6.6916220260790568E-002
 -0.68176288538008745      -0.66396899302941170      -0.30715557037722790     
 -0.68995958243419120      -0.31025823890148951      -0.65398440333157515     
 -0.56560281008745872      -0.21615942747542558      -0.79584455965638512     
  0.38680518732390140      -0.87490451120890544      -0.29141695785541383     
  0.70485635294320259      -0.54546994383177083      -0.45347553637633020     
  0.70080424186499202       0.31609046696895010      -0.63949998536001917     
  0.37279539410356827       0.43255893076537710      -0.82092409244115661     
 -0.28594317328232244       0.47091839524774570      -0.83454919967046748     
 -0.18545056583545860       0.82312828933255133      -0.53671957941915194     
  0.62530938361267219       0.73692643314029482      -0.25676371804655773     
  0.81265771009049770       0.45828035118493254       0.35995356082187224     
  0.54297893490240401       0.45631283613742196       0.70494855970383385     
  0.80706041933742723       0.47566664253188806      -0.34984957441930997     
  0.74704169056479286       0.65151396372569337      -0.13212973786615795     
   2.0600935394638548E-002  0.84478324181840536      -0.53471195591985887     
  0.14989627016436557       0.52351186620296308      -0.83872905883577820     
 -0.58556858163774272       0.80252119484509099      -0.11432046196185551     
 -0.83138904249797729       0.35987376145557148       0.42341839335358750     
 -0.90191151599383890       0.22148986117864269       0.37080703703245832     
 -0.78741375745113629       0.40117624598787105       0.46801409618917156     
 -0.18804717563114767       0.34302150439957879       0.92031217923955799     
 -0.27448498770698876        8.7410722947433003E-002  0.95761023231652942     
 -0.20060165207714101       0.40250403368257393       0.89316822606562918     
  0.40760584166729574       0.71245227606798300       0.57119981807092868     
  0.48146867081204131       0.30252454846103205       0.82259760308728291     
  0.19578117799080133       0.23356811440340416       0.95242619991188016     
  0.24739874029320236       0.53499821496446542       0.80781852744674243     
  0.55429839708069961       -5.3482775843018082E-002  0.83059790493469443     
  0.94789638841336787        7.4132992778252652E-002  0.30983340074089338     
  0.75552856566135940      -0.57506805531824401       0.31380458604396050     
  0.82218676906731825      -0.56890846253282001       -1.8763742409394987E-002
  0.41099837748552537      -0.86621540816026721      -0.28416755685689288     
 -0.12846921681595039      -0.94208381848963185       0.30979628672848109     
 -0.18210056704170460      -0.84926650446411300       0.49556612866342914     
 -0.15497381970914220      -0.97391655359703244       0.16573974126468402     
 -0.10938348744433000      -0.95655548371121457       0.27025332422850412     
  0.41430163759938338      -0.71441441943129880       0.56388490881665665     
  0.95362061661295128      -0.22368078484058224      -0.20143144258991147     
  0.73762711270830128       0.67249777806017896        6.0439896605773674E-002
  0.55277317600158060       0.63310684496704628       0.54186487130008032     
  0.59548825535333783       0.77035387284510670       0.22792246122043813     
   3.2586389001907350E-002  0.97880237407742077       0.20219802113833746     
  0.17192842550483736       0.24348350003988711       0.95454512816933068     
 -0.75612309647388720       0.45685126622777705       0.46857740398452807     
 -0.41424160719367287       0.54976033523376300       0.72537401709275950     
 -0.57149129922932018       0.35762753389469992       0.73857988187168322     
 -0.87507197315171514       0.15769925329800510       0.45758058013174685     
 -0.55783693716408012      -0.34107599220889628       0.75662746386459367     
 -0.52169654116164699      -0.51568228240459191       0.67963556598665242     
 -0.40006981408915665      -0.83223053029720129       0.38384435425833979     
 -0.52346883244099018      -0.56694290969528571       0.63604726130152989     
 -0.64819792422308087      -0.55174204269878346       0.52480488693563609     
 -0.52694666575180449       -5.5926352671663210E-002  0.84805628028445956     
 -0.72125232613079948       0.24880270095777390       0.64644589723120893     
 -0.73263921855464231       0.18628599540437238       0.65462760662221398     
 -0.74555718273108396       0.23695967849193200       0.62289212392445248     
 -0.74679565809819148       0.15143996761800438       0.64758179502946067     
 -0.22040794418495818       0.43600844611843148       0.87253479761759634     
 -0.95043430124342743       0.18374502669207368       0.25082345222464159     
 -0.93465076670051905       -3.8584522621420675E-002  0.35346736613190244     
 -0.90710837596376914      -0.29287410314794510       0.30228985090748017     
 -0.59415597058966063      -0.35699492792936860       0.72078658703211340     
 -0.16802153819585239      -0.67605907993675263       0.71743493303393502     
 -0.58026082842572524      -0.50202886451312390       0.64129898658142315     
  -6.9834579500627963E-002 -0.32077804783504715       0.94457640005090604     
 -0.35950661777031523      -0.39059221595870081       0.84746251398621708     
   2.2952745979841926E-002 -0.35347423881977824       0.93516262432946473     
 -0.11315938321623875      -0.25624066398203149       0.95996649739049633     
 -0.66757564799469371        2.7860798237235085E-002  0.74402051727501395     
 -0.32781103168936637      -0.60384827982412481       0.72657221420602436     
 -0.49630358014594694      -0.84285919651634189       0.20801714155858400     
 -0.31220534916633408      -0.94423632652420253       0.10462112417701136     
  0.19628104041518685      -0.96190384877820634       0.19030170487745357     
