 -0.81231095494625605       0.15227618700328105      -0.56299456067186460     
 -0.27278254196539181       0.90093577394225099      -0.33749728299647103     
 -0.93832902167871157       0.32085480001370326      -0.12880545168464363     
 -0.98712882180035055       -7.7737636219715731E-002  0.13976247381194928     
 -0.91607853008604545        9.8512285069045330E-002  0.38870999010301954     
 -0.80610214609095443       -2.7161809414364631E-002  0.59115274352482627     
 -0.28967172749081210        3.2992881363498108E-002  0.95655724348930415     
 -0.77166990949121983      -0.57833557728558482       0.26467623775385335     
 -0.72930394302419033      -0.44238061075505547       0.52193405131050397     
 -0.91704705409620768      -0.39560481263334746        5.0214866273295633E-002
 -0.99988271964925313        1.2256541579808274E-002  -9.1828173966654880E-003
 -0.83155066269656086      -0.37288857573932549       0.41167657870233171     
 -0.79079700401320707      -0.57993462237267168       0.19574455858899967     
 -0.74525169495093369      -0.49492204925933736       0.44682443569004349     
 -0.96463273713039832       0.24291303029709482       0.10235693512519120     
 -0.62412870029665479       0.33746303455404258       0.70468579223340355     
 -0.66923776163530357       0.20655924370867376       0.71376053213940005     
 -0.49204774476291635       0.53782937737622127       0.68456451683158193     
 -0.92368692670927255       0.18393043479706109       0.33611316038169498     
 -0.40209513393479857       0.16134992379474802       0.90126894174680683     
 -0.41521179969989697       0.54541823472479667       0.72809210311586792     
 -0.49221700437495175        4.8369051169368349E-002  0.86912764050692271     
 -0.49568708376676679       0.20103732570811506       0.84491319593133729     
 -0.60443906616658016       0.24039330532414765       0.75951594719730475     
 -0.72887407715890051       0.52126358322963096       0.44387707357371931     
 -0.77024157578164532       0.61056388398626305       0.18422719264287046     
 -0.64593693693996290       0.58767368258008923       0.48724235889281409     
 -0.10574694070208392       0.97484552804493263       0.19619832054065933     
  0.24739017777776934       0.56194722907184691       0.78931198627512944     
 -0.75081258080907753       0.37323774244271724       0.54495326048672754     
 -0.29660768579455121       0.88173632418239611       0.36683093564335351     
 -0.13827675539218801       0.96562384570776849       0.22011389669618744     
 -0.51625051006956657       0.85621010575967937        1.9739950556663874E-002
 -0.26627692457332353       0.96310156980088479       -3.9140333249421171E-002
  0.78340539198532255       0.57192248435730719       0.24327076210452075     
  0.71680634220736861       0.50740570217008674       0.47825528870740408     
  0.92216462051827197        5.7587787221898654E-002  0.38248667875797776     
  0.95560748846009858       0.25747322098273595       0.14325455830725267     
  0.73577871285883711       0.62479981599900458       0.26125634084448995     
  0.16200123559087234       0.98322043996388353        8.3863973816593634E-002
  0.58564595762486504       0.54764447560186080       0.59758207859712897     
  0.27544030364646976       0.51648750268762167       0.81078560587535187     
 -0.11318615929784315       0.99212194257120578        5.3693057392865923E-002
  -5.7441082583616077E-004  0.97082427969387741       0.23979134264841756     
  -1.0384480289957004E-002  0.90870910069912159       0.41730077027935086     
 -0.31992856149952226       0.68120414623374914       0.65848813709193943     
 -0.83453638739658342       0.51857057558396125       0.18610098401027020     
 -0.56928814240715475       0.65614922548759647       0.49535765342490623     
 -0.66175780958893093       0.70828404333495398       0.24578510004705106     
 -0.63416252986293742       0.75959064249403785       0.14442971146311800     
 -0.53987053774104654       0.81385888829182818       0.21488022809834534     
 -0.80618419699345933       0.48714138578895005       0.33579802079467935     
 -0.94399237638861333       0.29071987095859964       0.15607802519880037     
 -0.97435237466574920      -0.20861308180411836        8.4368430608924433E-002
 -0.91958364729852360      -0.34380267794443936       0.19017264329901307     
 -0.58014303982730553      -0.73772882949134555       0.34523937706649316     
 -0.72959777753603516      -0.67504557259253417      -0.10954705809704995     
 -0.63941855018626470      -0.15708070109846492      -0.75264172819485098     
 -0.73013129408811572      -0.22731594173938763      -0.64438789251842155     
 -0.69952862568064411      -0.51560086604653588      -0.49478828683124837     
 -0.21431060216431641      -0.39727879922115500      -0.89232310375187673     
 -0.53700346816716238      -0.51347502136920953      -0.66930611651642269     
  0.25976643025982160      -0.58973624784914136      -0.76467807584820213     
  0.54615581235634647      -0.29389315084685430      -0.78443651401163927     
  0.42565648496765696       0.30104707588618701      -0.85333886288238148     
  0.94853722122245521        3.6539420255944859E-002 -0.31455048994228985     
  0.41456866668606784       0.67206766922898320      -0.61356162573882245     
  0.94833425285852702       0.17113655014953771      -0.26715992599607058     
  0.80477705893996954       0.56104626647251199      -0.19380653312316692     
  0.81043812932114445       0.20449353140615972      -0.54897398313176171     
  0.35123556390710903       0.60655569663788445      -0.71324874028842133     
  0.60883791046541091       0.62944258945053000      -0.48282338941470648     
  0.31014121614130691       0.80536588992489744      -0.50517146534214408     
 -0.22326453751742703       0.94121786889512549      -0.25349924962357639     
 -0.28541515446171556       0.95806671072039207       -2.5423756862907813E-002
  0.35415764035175318       0.93516204085906696        6.6575608818629749E-003
 -0.11222337462168921       0.97622623856971635      -0.18544067869965847     
 -0.25858557048883818       0.93844293511222365      -0.22903790138969726     
  -7.8315711996456830E-002  0.96040895595886189       0.26735984471969226     
  -6.0223526628474584E-002  0.94336997812370960       0.32623030395009006     
 -0.16052911770275086       0.90079269701591624      -0.40348843771838472     
  -8.0305348371347923E-002  0.96414449991334261       0.25293563274054071     
 -0.14969784974350564       0.86980954327553006      -0.47012967595013294     
 -0.77694185033550567       0.61978738681869239       0.11056652448974444     
 -0.96326528113647847       0.22499753864595712      -0.14661550313777588     
 -0.56518269720942038       0.32085934814567851       0.76001170877996049     
 -0.31847198387322084       0.30345493784809202       0.89804827051975900     
 -0.12599661195341966       0.48863499364006968       0.86334274582382819     
 -0.22360054594393597      -0.10547785878010833       0.96895676743638337     
  0.20115626566588574      -0.40288855798071543       0.89287007264866158     
 -0.12671986647589525      -0.22975664127373735       0.96496319164563749     
 -0.22040708398665171      -0.32235989204829701       0.92060024838533894     
   2.2520695227059458E-002  -9.1127699658775041E-002  0.99558453214252784     
   1.0207820202527185E-002 -0.34607022420877948       0.93815307936541936     
  0.69602196958356144       0.16795642889891904       0.69810031932995231     
  0.64129997420031493       0.75738169706149072      -0.12291178969887834     
  0.36378591774209040       0.86387099875687245      -0.34840594650411622     
 -0.54261866726675190       0.83975267041632418       -1.9504729231030388E-002
 -0.97250249300245506       0.23285394556544758        4.2356981296486629E-003
 -0.93524508165213827      -0.35304498910443888       -2.5997555919878689E-002
 -0.99350984361864092       -4.0781334240547230E-002  0.10618414858390574     
 -0.90177732295006341      -0.29971716423113925       0.31139569887566143     
 -0.87680597440849206       0.40772318597540530       0.25489818920436080     
 -0.91406297101327916       0.40163757914983084       -5.6357253633312565E-002
 -0.83932522244819141      -0.49416643294050161      -0.22656722516112573     
 -0.93540826391650167      -0.35348797306351903        7.5916201302267811E-003
 -0.98796415450005826      -0.12043088024603600       -9.7073335711503908E-002
 -0.63603893122102095      -0.55644282362347164      -0.53462684370425773     
 -0.32427920545097011      -0.80336125290089810      -0.49945339547310014     
 -0.40212111351494917      -0.90891588871712081       0.11032006754488652     
 -0.62334541021143663      -0.44998429046681143      -0.63949561210492023     
 -0.66580101163725480      -0.20755566133732456      -0.71667960787905172     
 -0.26403003696201144      -0.74170212617183318      -0.61657610691143139     
 -0.46155803798227563      -0.87990157158328219      -0.11286009879144275     
 -0.56809737818609185      -0.80532834876040105       0.16944503409933395     
  -4.4499487664584815E-002 -0.96199210020165626       0.26942716037396841     
  0.76286175833458614      -0.62408654223835558      -0.16899090350569917     
  0.85338566399436022      -0.37513161032799563      -0.36195190760879714     
  0.73120153695095047      -0.63823289134116412       0.24083830420203706     
  0.78454018530772440      -0.45183448635466616       0.42466727514370162     
  0.51826247169856154      -0.11569760780845380       0.84735947152096092     
  0.24897087402055379        5.5397892526270559E-002  0.96692532151821120     
  0.31261782106658409       0.51587397780729194       0.79758644482768570     
   5.6785131130304756E-002 -0.22902367840934137       0.97176314172249745     
  0.27439723956179973      -0.43225031986713847       0.85899116170983358     
  0.15847785611609985      -0.67549605018488756       0.72013183189291630     
  0.30166677456269136      -0.91013276885573080       0.28399912003378447     
  -3.3310061352174597E-002 -0.82094746614365088       0.57003131286366149     
  -5.5974899061510763E-002 -0.37423296610233814       0.92564382877933804     
 -0.13093228202038790      -0.87012920884326350       0.47511251029911766     
  0.18395388580966693      -0.90711326232660550      -0.37855844622301116     
  0.49459139583988110      -0.82328829394250791      -0.27852421118894233     
  0.31548582236229150      -0.15595239330852267      -0.93602753533740568     
 -0.14646187953148487      -0.50864159731749958      -0.84842951582466208     
 -0.77359496463862898      -0.62243085752083593       0.11887244546879097     
 -0.76055945596010999      -0.60638341062506040      -0.23205273811890254     
 -0.78025093817721047       0.36772772856783104      -0.50594939580550768     
 -0.24701510338268481       0.71055305535425395      -0.65886105836332598     
 -0.51241081503305408       0.58931318120516396      -0.62461598690319653     
 -0.75969227169098585       0.59502385221547072       0.26232473697249759     
 -0.81173018303235711       0.58348292345370156       -2.5333534933478563E-002
 -0.85056628140591517       0.14452448139251506       0.50561811203073792     
 -0.54846178068830675      -0.17036415516759051       0.81863650649008657     
  0.12541264545691089      -0.41237150820200891       0.90234217876740463     
  0.35710519451761813      -0.48534041288378310       0.79807303153931830     
   1.7080762835975205E-002 -0.32721879360720713       0.94479421497552307     
  0.28249904019158673       0.30415259049382481       0.90977222093595222     
  0.93870963480216618       0.30922869352017801       0.15232149104265263     
  0.91722997385986949        1.3068786223419712E-002  0.39814366989780259     
  0.97619803292758878      -0.21345094771583623       -3.8419961316560669E-002
  0.62153724168888180       -5.3354784787699283E-002 -0.78156555971591479     
  0.97363862309788662       0.10382286947297653      -0.20309762033676823     
  0.76053670162761011       0.58292856647750302       0.28596890016555704     
  0.18653801027264136       0.78740818530819490      -0.58753035703121992     
  0.42769967526877273       0.75337924505837361      -0.49949244327644815     
  0.84698613735416450      -0.26389985995100801      -0.46148818733283781     
  0.92059091073441279       0.31664797865721173       0.22857478576065002     
  0.93887750467414999        2.7837793731426821E-002  0.34312401323286712     
  0.78616219624593564       0.20209715584469570       0.58404258474297999     
  0.22167960367335082       0.79601488973229784       0.56322149163519220     
 -0.25575566221444151       0.60525270486158855       0.75382902869486779     
 -0.28374415451489671       0.71409176697704835       0.63997047050178557     
 -0.13183915256773537       0.94652310868069622       0.29446976514354883     
  0.77024195527189288       0.61133262703444169       0.18165833166183501     
  0.77616689457356769       0.62865636350577869       -4.8539966952358293E-002
  0.34393157760640869       0.33816099903073521      -0.87598984506653133     
 -0.19652179752444365       0.85568510028564748      -0.47872976954328261     
 -0.24850504925818029       0.43093250715655701      -0.86749202576678386     
 -0.81157947570720768       0.21444265315490674      -0.54346398511653171     
 -0.28169467068381548       0.90315668197425492      -0.32396932001911755     
 -0.25173540805090799       0.71975896869780498      -0.64697473777001646     
 -0.66583801342370141       0.12745102286431609      -0.73512990460927863     
 -0.12969558449820967      -0.26025697589782348      -0.95678908953760899     
 -0.37185346639324124      -0.36030294882328123      -0.85551550810062971     
 -0.30267091805290641        2.0464856890156841E-002 -0.95287538796924354     
 -0.71412521248163663       0.36253323180838998      -0.59882788573400902     
 -0.57744176066971220       0.50126973459637370      -0.64442972170163637     
 -0.53950183347876313       0.83982211308189725       -6.0304146223843613E-002
 -0.36865251349331984       0.58969594407371517      -0.71857777438363579     
 -0.28158574192611840       0.49410773352903081      -0.82253693996728505     
  -5.7250753881956717E-002  0.94235973168484710      -0.32966723719359053     
 -0.70513207653517340       0.69972872973872136      -0.11475390807950431     
 -0.59433959192038865       0.80248608882229666       -5.2692757781652777E-002
 -0.63512296852340688       0.61830359860336270      -0.46294651398210512     
 -0.29202704139170649       0.45134851598706138      -0.84321096068084933     
  -7.4193507735918818E-002  0.74655394948192644      -0.66117510836602322     
  -7.2247572078600067E-002  0.69013270616991829      -0.72006745253715954     
 -0.52207639109520732       0.63071254318667924      -0.57414103644314651     
 -0.62362482857351687       0.33819765188411616      -0.70477969710170418     
 -0.64560028150357140       0.35942257345869488      -0.67380686417613755     
 -0.79296418286183668       0.39231060024893311      -0.46615469281194077     
 -0.66472254951243537       -1.1544538108626302E-002 -0.74700110830545330     
 -0.96178063569288319      -0.22694619861944193      -0.15321041654668588     
 -0.86128334799742401      -0.46372888054739075      -0.20771740372108191     
 -0.87734539539769618      -0.34832483485075866       0.33005282395500579     
 -0.90235016863160311      -0.21116532138578770       0.37573046218624978     
 -0.59642336549082187      -0.76100574374493879       0.25524385807276362     
 -0.99591259041138491       -3.5230248295705091E-002   8.3168154152751139E-002
 -0.98647990758770598       0.10281245485545884      -0.12762049620811167     
 -0.96776365317516266      -0.25157103600206498       -1.2063392473838974E-002
