  -6.5026636485696704E-002  0.94341257599351047      -0.32518340671797719     
 -0.24092711859166005       0.14685258188071901      -0.95936877305971957     
  0.74333506700028262       0.38528072117302992      -0.54681966319813446     
  0.97841160107651004       0.16876259219810924      -0.11928925497917958     
  0.91001734498794173      -0.14117985307449518      -0.38979056031025811     
  0.83737484162072340      -0.43829180436075893      -0.32665527525343263     
  0.25171683141481588      -0.96549532596278065       -6.6763854940691494E-002
  0.44716221521470023      -0.89241672410195505        6.0318685557551946E-002
  0.71055463573454303      -0.59297415451666768      -0.37880570443360440     
  0.88765846443904872       0.15019876111112018      -0.43531917333198739     
  0.84317333978925268       0.32483741661809762      -0.42841495285942771     
  0.96096383218750214      -0.14642016912662656      -0.23475444042764004     
  0.82484691347372308      -0.51377448435679551       0.23593081307193670     
  0.66684996182965306      -0.61868688246351766       0.41537653987122963     
  0.91503645700620351      -0.18358303308113288      -0.35917342929885021     
  0.54297117431087094      -0.50473723626594225      -0.67113532628980865     
  0.34312398854506942      -0.66860550109628403      -0.65972161734231705     
   2.4143569005689494E-002 -0.55202437525725911      -0.83347836036547762     
  0.61515534012841355      -0.16110638198161986      -0.77176981101641773     
   3.4082120353366746E-002 -0.74656877112241682      -0.66443470639108493     
 -0.36240787719854151      -0.43848859433921344      -0.82242828452023620     
  0.24133898585624539      -0.75156835809402356      -0.61392222391581663     
  0.10431680717757377      -0.67511800233839003      -0.73029698524564512     
  0.16643988009060456      -0.73262278546499404      -0.65997092400571356     
 -0.18943533132852336      -0.49859190460111247      -0.84588437029578023     
 -0.43986652300265461       -8.6388173554768619E-002 -0.89389849838305824     
 -0.69483871540380771      -0.35490573345583754      -0.62549266977017570     
 -0.88869667557885601      -0.16167183206566513      -0.42904596202697437     
 -0.85180257094408651      -0.52204931028931378        4.3553389759407840E-002
 -0.19172104217265695      -0.47752213980510572      -0.85744716920882291     
 -0.15966519452285702       0.10470086793959751      -0.98160315500243678     
 -0.47153125285887271       0.23426656053126424      -0.85016319385999595     
  -4.9210095876072210E-002  0.53671129218375890      -0.84232971887876473     
 -0.37961688196878640       0.36135884407926544      -0.85165181191026007     
 -0.84271781391670342      -0.51843410681948632      -0.14509570287834730     
 -0.57861164109094121      -0.66753721181779668      -0.46861779696528777     
 -0.79919353214981070      -0.51748175372348715       0.30578151143129517     
 -0.97126171422916063       0.14620576709296670       0.18781521807734719     
 -0.92593577019308293       0.28379266868263020       0.24920808710590731     
 -0.89884256436258914       0.43826528824212713       -2.3625435844465414E-003
 -0.80552024010801260        7.1461958674489734E-002  0.58824342855555001     
 -0.86756695643203929        7.8372186123896598E-002  0.49110627826309849     
 -0.66875606008479127       0.69466960256613219       0.26495183594483851     
 -0.86141368685768749       0.48039715899717139      -0.16487883345585341     
 -0.91255693403464011       0.40812516079612843       -2.5955640436686439E-002
 -0.93517431642066584      -0.21900707093106619       0.27836109783760760     
 -0.92958709065189216       -9.2106040479355861E-002 -0.35690939774764197     
 -0.57768487828494997      -0.77265653882044605       0.26321484460210121     
 -0.98631838592207766       -3.9235661598250614E-002  0.16011434804854385     
 -0.93541802022363940        9.7929927740450673E-002  0.33970995966210793     
 -0.96873219091029206      -0.24107685973725898       -5.8650575388378416E-002
 -0.96238222556668251      -0.19258483014667685      -0.19165472890251203     
 -0.89973603239380107       0.17548305617856180      -0.39960076201937322     
 -0.83626844180873539       -1.0104763157163313E-002 -0.54822713084664454     
 -0.80899485630477708       -5.4957859331733472E-002 -0.58524093856295700     
 -0.35903798573108869      -0.66057186255464473      -0.65934553854807931     
 -0.78779246860130570      -0.12702444315107966      -0.60270043741252599     
 -0.76634012024971421       0.12571917984206571      -0.63001389501781924     
 -0.98090611495608271      -0.11519843633979035       0.15669241815296753     
 -0.99622721455651797        8.4803119646065989E-002  -1.8432793474065647E-002
 -0.76773877698100890       0.54537014217328450      -0.33637565064318475     
 -0.92660881993063549       0.21904140490254950      -0.30564187829067269     
 -0.62018147981105320      -0.34050066394641759      -0.70670660811361885     
 -0.83113494997742643      -0.49090569947182677       0.26120162547762549     
 -0.81628224349458378      -0.46384857605990876       0.34427866248534467     
 -0.66772037115667915       -8.3980111132068186E-002  0.73965995354394687     
 -0.20890412896346519       -1.1116027613893603E-002  0.97787294616024512     
 -0.39516063548005032       0.55908840688461525       0.72888148930692809     
 -0.26333764356667694       0.17585362037436086       0.94854034689201594     
 -0.14718448042934493       0.63433794434689006       0.75891508160174648     
 -0.73689497240202939       0.12908267931639572       0.66356873159391505     
 -0.21855340240598833      -0.20440716090724986       0.95417614876216483     
 -0.28857285206796224      -0.13477207484178721       0.94792520638090028     
  0.15615700343404176      -0.56358781561410765       0.81116198405120965     
  0.14282508705147018      -0.63272757900535748       0.76108922293959014     
  0.62138251299541403      -0.29708599243049866       0.72499909354785497     
  0.82723632086917231      -0.30232472453740789       0.47358191516175119     
  0.43936511136481426      -0.73033240156424550       0.52304195065106818     
  0.52691449693266623      -0.66372963621062508       0.53087106055798305     
  0.54878928068672272      -0.80337680929354793       0.23111907686892028     
 -0.47150835660889678      -0.80900036691699473       0.35099611960277677     
  0.25381714593661031      -0.89045504709810930       0.37771241113597781     
   1.0288463355040238E-003 -0.82513173727233369       0.56493942827630572     
 -0.29228629067005341      -0.91728128071982740       0.27048803361218693     
 -0.73240811555723540      -0.59885617142680214      -0.32395931567090341     
 -0.32226425377077822      -0.81905695088094166      -0.47464877747151946     
  -4.0818516705748584E-002 -0.73540452400484202      -0.67639783764233574     
  -5.6649625491097880E-003 -0.86176140410339963      -0.50728216073213273     
  -7.2262048820069633E-002 -0.58114429523967270      -0.81058590193189772     
 -0.35053586657626479       0.18929045806853231      -0.91722065432909416     
  0.11033816494254189      -0.29366582108103878      -0.94951875962822030     
 -0.40652085956119766      -0.32204326397903910      -0.85500229641059844     
 -0.30391278022770291       0.11770121788032455      -0.94540120865367572     
 -0.51370434689892464      -0.14595770430869570      -0.84546093495212093     
 -0.75715712037675154       0.15995934965916617      -0.63334516775566496     
 -0.32272239489957277       0.89298340010054644      -0.31373699650376929     
 -0.11082689539314280       0.94681489885041803      -0.30209095744904629     
  0.85253027213010812       0.51634774260956839       -8.1099591884579367E-002
  0.87352921362410429       0.14271010278309293      -0.46538214352178342     
  0.60527450285839079      -0.60253053034524151      -0.52019201857726538     
  -6.4626135110916333E-002 -0.88344123508990424      -0.46406362365899900     
 -0.16074445086656106      -0.65817915977299846      -0.73550079208395602     
  0.34603521742527565      -0.30748627209202856      -0.88640387001435084     
  0.10037198098653487      -0.55985702577949559      -0.82248743219470077     
 -0.42309675662926005      -0.78066206343027800      -0.45995203798945133     
  -8.0859089044696825E-002 -0.78260424361191572      -0.61724582266673689     
 -0.22779964516637419      -0.91122373750659080      -0.34318890114135991     
 -0.21470217543650152      -0.97609859459365866        3.3682480537392145E-002
 -0.66101880262472756      -0.68955058441869121      -0.29592927213178383     
 -0.89948941187457654      -0.39868460031762815      -0.17879985289467235     
 -0.69998190864054632      -0.46467644104426936       0.54231091885966209     
 -0.33651403480076769      -0.74955698621990363       0.57001984947113182     
 -0.81927083396550593      -0.57248774316966422       -3.2451263981752770E-002
 -0.20109390211813083      -0.97178169153123628       0.12329471414297473     
   9.3959716929819248E-003 -0.98433920839993461       0.17603419702585238     
   6.8035796317243283E-002 -0.96050731838491377       0.26980886150846994     
 -0.78966489876707824      -0.58928976670050204       0.17078325010753692     
 -0.70808759267174237      -0.21804906870564283       0.67161489317983891     
 -0.53330847029915707      -0.84536006495911276        3.0796689425205886E-002
 -0.98636962141824114      -0.11312383905799341      -0.11949044723353563     
 -0.94184731618579864      -0.26888324641939260      -0.20155751732092275     
 -0.87155269484629172       0.24710867718779328      -0.42347751034108477     
 -0.81163516232644617       0.47639774510591976       0.33807329343402909     
 -0.84144053605331603      -0.31098557132585947      -0.44188889860852504     
 -0.83158735612252699      -0.46789043961801702       0.29923403157261702     
 -0.87469783090402697      -0.44871124244356780      -0.18319914169159299     
 -0.58139506370304783      -0.65540489832722959      -0.48210392982264350     
 -0.64419557104941449      -0.76377416339539006        4.0756515675833715E-002
 -0.93839206371674344      -0.34371130084151208       -3.5817264374159691E-002
 -0.80381776533886284      -0.15196472560622282      -0.57513800282807659     
 -0.64818793168690103      -0.39041027925449817      -0.65378300610215212     
 -0.83496334888099155      -0.48759543700945568      -0.25512133551124055     
 -0.75192188131941085       0.13453431423337373      -0.64537896052391475     
 -0.87881482738096384      -0.47253847406587024       -6.6271333945657596E-002
 -0.75582405882459724       0.13699793422882026       0.64028240497381472     
 -0.70521840961668514      -0.59463268932322411       0.38610744557189253     
 -0.75886664567951922        1.8424173572402149E-002  0.65098537917784693     
 -0.77998559449880345       -2.3671085960832214E-002  0.62534962386160720     
 -0.52285185652487953       0.35543863526276537       0.77478339727376577     
 -0.50508486416661402       0.28838452318319341       0.81346398001278541     
 -0.10259615621186266       0.41665295786579626       0.90325762738672222     
 -0.18609355992708218       0.85781219967514177       0.47909019718854223     
 -0.23265171069381282       0.96789298339433383       -9.5164879064264532E-002
  -9.1584645765581396E-003  0.53683414758700509      -0.84363808621419234     
  -8.4261740825583686E-002  0.89344931421771179      -0.44118962131602413     
 -0.34841818405570418       0.82887495850206538      -0.43768832768028360     
 -0.31512921137032812       0.41641371300535146      -0.85281486839889675     
  0.41659270052651998       0.26482606397545716      -0.86966526762161023     
  0.60454626862621752       0.30290049427324206      -0.73673271928099859     
  0.40771418548150129       0.75662574029733820      -0.51116204091923612     
  0.87077798341690549       0.30801932888742983      -0.38323595424770757     
  0.86099359913455842        9.2839685662227528E-002 -0.50007081000141684     
  0.68854473566581897      -0.54579601168521141      -0.47750692206022255     
   4.1634950227671795E-002 -0.98852580945127189       0.14520074024710536     
  0.34399030464521352      -0.77080728104691587      -0.53621526068844794     
  0.57622715511900147      -0.44312120904100183      -0.68673565496597866     
  0.44330843998927072      -0.43394929815423716      -0.78432495412665015     
  -3.5417516552545408E-002 -0.84798080802714670      -0.52884227208015977     
 -0.21029136160973860      -0.27640583143621950      -0.93775122478213246     
  0.38154940968721940       0.13753990272896349      -0.91405843528994946     
  0.23992739132732144       0.77224557825215312      -0.58827851716762036     
  0.48055127791660618       0.85702773412611233      -0.18594066857854019     
  0.37899687148855038       0.92042978569551248       -9.5762106317958035E-002
  -3.8757697683031445E-002  0.62362111680394672      -0.78076535754768994     
  0.62103296967540567       0.13884586153963380      -0.77138827921448805     
  0.58893266363144559       0.78219564440325351      -0.20329360930569296     
  0.67268343945985454       0.73619316976899718        7.4273865269040423E-002
  0.58073679069699691       0.52913785743569353       0.61867431477258450     
  0.41152135955455543       -6.2622416832397235E-003  0.91137860132851578     
  0.56984757626139981      -0.18619920491457181       0.80037715854355229     
  0.18150978551070032      -0.49017142284613974       0.85251755054598377     
   1.2159930689768918E-002 -0.26045238888592015       0.96541011451572745     
 -0.46782516631391369       -1.0659173171071989E-002  0.88375675148238231     
  0.26145701711847719        3.3956724806084859E-004  0.96521506043663330     
  0.67991768133854502       0.48515811569772177       0.54984866042931857     
  0.32008417033096648       0.13345498079868653       0.93794237136596115     
  0.19524971189930654      -0.18098306243842321       0.96391010012020972     
  0.52050741058049133      -0.39134149983875294       0.75889647912928215     
  0.66497953862172954       0.65302966470040413       0.36242857259849909     
  0.71171541765287705       0.54904929802832103       0.43818492969273054     
  0.78294961764845195       0.32502592489705057       0.53042251495294079     
  0.92414562417503532       0.31107435214225820       0.22178280536936651     
  0.79249919092738019       0.27738228986740604      -0.54314279673710597     
  0.75315037056249290       0.56480147371966472       0.33728891859311727     
  0.30895969018109354       0.94873867206053475        6.6624634933768162E-002
  0.35443372587500926       0.79675120638466224      -0.48945301009085201     
  0.45163534683036116       0.83070136424713925      -0.32551613927944212     
  0.34767976569179332       0.49763172883351925      -0.79465806670962835     
  -6.3341705747818347E-002  0.62961997858726437      -0.77431680265688718     
  0.18129845002123035       0.94601797454427594      -0.26866496582005717     
  0.18499628831902001       0.84888611105504419      -0.49514517443478578     
  0.99253099436212788       0.11985062438922095        2.2760779074473502E-002
  0.97060882383450309      -0.15760390207971764       0.18187776429208441     
  0.92906411944184186       0.30457365071438858       0.20993988009973000     
  0.96180749572452640        6.1264107605607673E-002  0.26678277734409817     
  0.64529007848273690      -0.74807020920797718       0.15489246820754402     
  0.72049715046136475      -0.30670367134365883       0.62194590935340877     
  0.84394364204948247       0.46519339897132372      -0.26712212674699681     
  0.40703598281737241       0.88763114632610685      -0.21548238156230992     
  0.45427298302490499       0.88796973989399686       -7.1734217262846622E-002
