  0.79804993553617631      -0.52636094472563855      -0.29336062492826526     
  0.61192423371828708      -0.37568721338103195       0.69599414501151402     
  0.74725558520122060       0.44189866877679163       0.49632112278133717     
  0.46737750998736471       0.62544997394427304       0.62479644145203916     
   3.8232444785391360E-002  0.87542154585766130       0.48184582307408230     
  0.23952510595355159       0.93454804440249262       0.26314953224631832     
  0.27456441696271944       0.83371158171117521      -0.47910268153977936     
  0.43692407948218753       0.68551289723930853      -0.58238253449703326     
  0.57415158189258342       0.81586331764472653       -6.8680477080668600E-002
  0.95814269706628863       0.21492630030693774       0.18912762224211616     
  0.87045573852888336       0.11788740644893386       0.47792192527954258     
  0.84894123445247971       0.52848066458823051       -2.6396217031254277E-003
  0.91684036734467222      -0.38927927567595916        8.8687013347427832E-002
  0.93665553257966316      -0.29753790966418053      -0.18479070756021546     
  0.96813048421754433       0.24650622489325488        4.4249820537572156E-002
  0.74811243723823040       0.64901380581571932       0.13823480426471260     
  0.89184240656575398       0.44477341283027033       -8.2424105032251227E-002
  0.76331137575919161       0.43124387050181001       0.48102439417481535     
  0.19203146967767035       0.38422050658794316       0.90304956506869427     
  0.37897171256458606       0.68906740273686973       0.61771073777404129     
  0.56495928729881650       0.74834904243888489       0.34755534001888927     
  0.49739223315826925       0.19297918716947060       0.84578957176903291     
  0.20301247914625006       0.55384205952158350       0.80749297607828041     
   9.0029471057725158E-002  0.60573211429865259       0.79055885299474260     
  0.30687978551797412       0.46271495692706482       0.83169685936429072     
  0.16521998981624159       0.72859120319358028       0.66472341134799040     
  0.20410981416748225       0.84450475971591621       0.49512714990973333     
   4.8608882409582860E-002  0.90693088464261407       0.41846570592138577     
  0.33792469868608943       0.92220992233777055       0.18797807627410504     
  0.94192893193275751       0.33196639054149846        5.0677438164349081E-002
  0.52427723313941954       -2.2125695751492910E-002  0.85126014613586198     
  0.94754077363801237      -0.20074325818689348       0.24873404790261286     
  0.34879417124212880      -0.59007020274479949       0.72812071934555844     
  0.73375167224419890      -0.62424964247357972       0.26818066177575295     
  0.12795605409450925      -0.57953379576706809      -0.80484024985359659     
  0.32312291994539755      -0.31987084024970258      -0.89065943219837673     
  0.59884681338487056       0.35683846908772354      -0.71697196673088148     
  0.82761202218376162       0.50294010037021131      -0.24921796920879549     
  0.93134862100060478       0.26876127093933638      -0.24567687193424964     
  0.96050513557207629       0.27826208866372842       -3.0749345590906640E-004
  0.98501471018314446      -0.17215643158675431        1.0401143503652774E-002
  0.99964066166592558       -9.6340772772955351E-003  -2.5014637697718639E-002
  0.86891896706276628        9.7446945824072845E-002  0.48526685589291596     
  0.88801814938738488        3.8828855032570220E-002  0.45816600307698219     
  0.86176175132361510       0.33077914330827385       0.38464508616118931     
  0.93037721512170091       0.32360875307577613      -0.17226610959545521     
  0.90620624970737029      -0.42283371934736763       -1.3706838394554732E-003
  0.45812864378990226       0.10576690151085184      -0.88257096501301957     
  0.83397499109904960      -0.10781559248737423      -0.54116680629721703     
  0.85902583700545088      -0.36713375971619622      -0.35677361706511274     
  0.14107157858292826      -0.82547586468925538      -0.54652393042908876     
  0.54829338465845856      -0.50907702687565615      -0.66348695921413126     
  0.64070772184274472      -0.65317538423673516      -0.40355363038664471     
  0.78525117506504760      -0.41789988972841818      -0.45688102852268975     
  0.34685647131747682      -0.67656246970439293      -0.64957972019809951     
  0.26006806532444426      -0.13976519000330509      -0.95542152637552669     
  0.39160191605456207      -0.59740981811730420      -0.69982101180192646     
  0.45200396993703923      -0.80710199001510152      -0.37984047819426220     
  0.47582320600429479      -0.86971276311499701       0.13111821499188003     
  0.50822130159387113      -0.77244420293495519       0.38084256846945086     
  0.19015595956365738      -0.90498058391277847       0.38059276633080186     
  0.66195497044446827      -0.61579905899828369       0.42732556211940287     
  0.63580049780404191      -0.66510350639825655      -0.39165680482905180     
  0.90272759487502174        7.2919782825989321E-002  0.42398772944958912     
  0.90893800608855646       0.17390687566874932       0.37893020423679286     
  0.43039347637958336       0.15956947378246933       0.88842503258669914     
 -0.26029698974151494       -3.6416386725835276E-002  0.96484160560650878     
 -0.44795599443388556      -0.35550083898409224       0.82033808916349127     
  0.17393396102822506       -8.8465888013448540E-002  0.98077559301761918     
  -4.3342006257244776E-002   5.4551293463073518E-002  0.99756986064895448     
  -9.1253818956654895E-002 -0.36803797141517930       0.92532199375269630     
  0.46263581952934446      -0.59784556996788329       0.65463636696884753     
  0.53232962059989097      -0.25420073851089486       0.80746960287836922     
  0.95930704518234966       0.13727670174240991       0.24674906326530452     
  0.97675832798089801       0.20080828890815328       -7.4961322198581357E-002
  0.77583721942162098       0.14500121019039125      -0.61404499672545609     
  0.28253628069311787      -0.44561189469181012      -0.84947235940984245     
 -0.24371749864970624      -0.72581312869450365      -0.64327061417937081     
 -0.20103665682370853      -0.56617657388111919      -0.79939248795659024     
 -0.40546404676357167      -0.58185599209785166      -0.70501241921117963     
   1.7738332575071000E-002 -0.96049781484081265      -0.27772162185096672     
 -0.22626432042617473      -0.43919793731771484      -0.86943063504686402     
 -0.13138151283719890      -0.48417265293155709      -0.86505244941438253     
 -0.56357445271618700      -0.44419643303118916      -0.69647208495966950     
 -0.90369367838793135       -5.3884498358572480E-002 -0.42477546595626403     
 -0.45639739805388857       0.16182602936729182      -0.87493642698706009     
 -0.36488545575722214       0.21927839489274664      -0.90486219376774379     
 -0.30156278665194070       0.20546213615965842      -0.93104521711430588     
 -0.48740382403301646       0.46572575491132756      -0.73860478845611122     
 -0.59675458200665699       0.64490410280251909      -0.47747530516519066     
 -0.80722312773169014       0.25818814204188933      -0.53078216375837539     
 -0.61875695433245070       0.77919091740949176       0.10000672823275587     
 -0.37740257615023493       0.90023131103274878      -0.21714253878844980     
 -0.35167555768179509       0.88236272808876248       0.31266646479752108     
 -0.15622106290267695       0.97312493929302257       0.16918283610209994     
  0.15343739662591380       0.73631127330525104      -0.65901644449915486     
  -1.1354717894244221E-002  0.61022196019044173      -0.79214912086232836     
  0.15266139076570129      -0.79275762448558018      -0.59011003091756709     
  0.12076752306653568      -0.87263670821520156      -0.47320226209068034     
 -0.64050293853071594      -0.76792901061642960       -6.4047160172510109E-003
 -0.89765900655696840      -0.41999944805822398      -0.13344950947084541     
 -0.48844714907519532      -0.67203934666457410      -0.55658108043210452     
 -0.63543105585020787      -0.69856053203341217      -0.32899932575357860     
  0.13437032632390891      -0.99088440602400529        9.6285669810327393E-003
 -0.27266257662257620      -0.86855497745628041       0.41384462113880088     
 -0.27140445212025011      -0.54831720534617778       0.79100433986844099     
 -0.43480151314744553      -0.67176171797096751       0.59973647415627340     
 -0.57767025651381354      -0.77193982481601064      -0.26534125499499023     
 -0.69188199896298919      -0.71365329304913305      -0.10953664606482612     
 -0.61949241100836061      -0.76680814982420009      -0.16803099138636288     
 -0.50392580147643995      -0.82070627223252424      -0.26925824281636546     
 -0.36825267251898436      -0.82236735553560547       0.43370716126441705     
 -0.55259862000574322      -0.75269637762770969      -0.35788675342056181     
  -5.8263389262104733E-003 -0.99818538257794720       -5.9933261069570316E-002
   6.4312565061148269E-002 -0.95601810008186272      -0.28617003038598726     
 -0.36974673349076126      -0.80915024163550109      -0.45668724476835332     
 -0.28847015052435510      -0.84712900117741952      -0.44627057669158554     
 -0.69810912125558056      -0.66092047679285293      -0.27536844077651135     
  0.13118010316573767      -0.79285877492452783      -0.59511910031408755     
 -0.31377216940510722      -0.93332529227190975       0.17450193268960484     
  0.15518644099278742      -0.98724466062226202        3.5568927518465770E-002
  0.76099487551168588      -0.64492565019756720       -7.0410973308200869E-002
   5.1550164212821208E-002 -0.99446609340839032        9.1541081655668155E-002
  0.83683178460568852      -0.44375291524902066       0.32061801958353353     
  0.47270404666521576      -0.54100557184904519       0.69560323137159596     
  0.77549585324284731      -0.62629264125601791       -7.9772859493057485E-002
  0.33998900862592674      -0.53768829438196908      -0.77155607190805875     
  0.67677088806689056      -0.68725317605424296       0.26393983607736754     
  0.90985557635138226      -0.33211641853777157       0.24871975136670263     
  0.78139432716954549      -0.59361656066523438       0.19246372222118047     
  0.48551283462196998      -0.87200403465678433        6.2339802371418687E-002
  0.82400844604744883      -0.50852715145672434       0.24982036961347315     
  0.43383439015374431      -0.77843419924427959       0.45368261964388062     
  0.48904853459381625      -0.56916347671053169       0.66097236522451330     
  0.98101284037624581      -0.10340037046092930       0.16407976842247143     
  0.74683901893541904       0.12726942842293604       0.65271277939425820     
  0.92876364040658144      -0.27972384224973867      -0.24321322401502737     
  0.97318940619005301       -8.1401891353759540E-002 -0.21511883172690793     
  0.83686303704439935       -8.8802682005021227E-002 -0.54016140263589918     
  0.89141412276013943       0.37019571141726088      -0.26141154716668358     
  0.48049670603737260       0.87612012024108810       -3.9197581507404794E-002
  0.96889832981988611       0.22677796864389946       -9.9034233525440635E-002
  0.83162940001218899       0.13484453813968619       0.53871095363777066     
  0.11132906795595582       0.21695514354530746       0.96981250987874179     
  0.30165695165644463       0.58134992245583406       0.75566881051024470     
  0.48429354458240859       0.37464711764627523       0.79063221532845307     
  0.36232502032463915       0.63928573704685621       0.67825830334410597     
  -8.9042484795356092E-002  0.67537773736861062       0.73207673625679215     
 -0.57487687605004545       0.80487875646359752       0.14726426849911134     
  -6.9064623919701154E-002  0.90180222583970304       0.42659444815121272     
 -0.14056025616155013       0.89212382728758233       0.42936917818303066     
 -0.39123093603133385       0.86754469749806562       0.30709046311314059     
   2.9820742480108374E-002  0.72675054247012727       0.68625386872303185     
 -0.24084960595060917       0.42538605677728875       0.87237501684365282     
 -0.33043143855907964       0.75110944241360666       0.57153273740785848     
 -0.58588411679293917       0.66275509936779020       0.46636410662892358     
 -0.62734870322385183       0.45882786613354432       0.62921426702096572     
 -0.33742184595226471       0.68405777487021113       0.64669270794853040     
 -0.79787097630388815       0.50106654590081046       0.33516297789422123     
 -0.90744534249599851       0.42014273905449490       -4.7988750939572944E-003
 -0.72401258734446294       0.38388254615778661       0.57309681915209854     
 -0.78760250450124047       0.61588950579813784       -1.9037109842315353E-002
 -0.85257166297902431       0.20889038203120233       0.47904735442342372     
 -0.90213116784862513        8.5183789877454036E-002  0.42296935815522546     
 -0.99139957456577621        2.4067260648548076E-002  0.12863767144851040     
 -0.99237946174379899        1.8489047716467692E-002 -0.12182429570329800     
 -0.87885925689740474      -0.38707450888276040      -0.27889017755914020     
 -0.80783158649640097      -0.58709524907783539        5.2223523138000841E-002
 -0.94272207977470235      -0.26418478246765659      -0.20367002974866336     
 -0.94970907343040623      -0.28221826088887147      -0.13566697853522455     
 -0.45892906777859532      -0.57089203218265294      -0.68078366485859576     
 -0.37362004104458829      -0.82759614483463828      -0.41891847176355262     
 -0.34527918131056479      -0.82418756847613694       0.44888432688491087     
 -0.69928468524321641      -0.68479115681098290       0.20509022535916632     
 -0.75973712974360696      -0.27215320980877528      -0.59053545539601970     
 -0.54914777995300867      -0.30109350577917177      -0.77960208860054281     
 -0.57449931574410595      -0.34755487546516023      -0.74105070322485500     
 -0.35057476329942039      -0.81847213620850412      -0.45519303332532657     
 -0.61629601251799304      -0.78678615600094481        3.3863987948082860E-002
 -0.52719862077982682      -0.61963074192660705       0.58148031601022176     
 -0.18388994298219258      -0.87249962025188621       0.45269073497296008     
 -0.37502589990302898      -0.75528877024256613       0.53748902123437503     
 -0.77224941350914345      -0.27358101379325850       0.57339713308201457     
 -0.70943115452874972      -0.59713610848798826      -0.37434730521785187     
 -0.44678203263788974      -0.47833386394543553      -0.75603077312701217     
 -0.48224340906543400        2.9171158821498150E-002 -0.87555144789213213     
 -0.65725087845794572      -0.26527510310344282      -0.70544340838918285     
 -0.32474203470328494       -7.8444605309219179E-002 -0.94254392724937208     
  0.32025933694314501      -0.34020599093636139      -0.88413451512300945     
  0.47797082688123216      -0.68854628948798946      -0.54538783987437722     
  0.31524454694443588      -0.71185157192165882      -0.62760514272469448     
  -9.0614598848460459E-002 -0.21885083934107194      -0.97154171531400357     
 -0.83716381207139645       0.21270943137839210      -0.50389626865140125     
 -0.85161645517986484      -0.13075279482821095      -0.50759542936428792     
 -0.80205255990264634      -0.47640481732656936      -0.36020846905878556     
 -0.79262736846268111        8.5796170472959538E-002  0.60363968714477823     
 -0.86497686684616149      -0.34547648184545021       0.36395194780733031     
 -0.88553479914492716       0.42315438600014010       0.19175110198451506     
 -0.70866333986598573       0.70268212165933408       -6.3514617454487665E-002
 -0.96710026380983893      -0.24329797438882073        7.4318069117193089E-002
