  0.50299370310048885      -0.36610142515696698      -0.78292214245053704     
  0.56068816134541000      -0.20053214120275972      -0.80337764847658666     
  0.39462057916766974      -0.24529896103624346      -0.88549591654166382     
  0.18510676346976307      -0.16383864156307376      -0.96896459463106832     
  0.18794768285703745      -0.45916589183938494      -0.86824095289270653     
   1.8213885103447080E-002 -0.24954070153563276      -0.96819300383062668     
   4.8212595765737901E-002 -0.58395492215086620      -0.81035312950918581     
  -1.9786035016547850E-002 -0.53474180731396725      -0.84478382579741162     
 -0.39504916750694602      -0.56395172374465852      -0.72518591308542057     
 -0.57747247169136073      -0.55034341507319551      -0.60303206376135210     
 -0.66889607781009497      -0.27106183967395014      -0.69217303917652362     
 -0.80026241893257777       0.40642887707122549      -0.44090319654865551     
 -0.96278203766675552       0.26665384995766345        4.4118842335201004E-002
 -0.38017903609260434       0.88018676624355918       0.28413932681948001     
   7.8850212278028659E-002  0.68119632344200065       0.72784216211540465     
  0.39895660996438254       0.66317969591561332       0.63326638493689380     
  0.10677382139809220       0.98749716468889170       0.11596853364376755     
 -0.17835249772106548       0.80474777828403010      -0.56619025062568129     
  0.35496418508645233       0.55734750032371172      -0.75057590634713833     
  0.37882556706939496       0.16598079175196623      -0.91046228175798727     
 -0.35922447897997750       0.49680193533561390      -0.79002886703486119     
 -0.38772147430581200       0.56965103499826653      -0.72468597108508903     
 -0.63790566518059921       0.60459808067945364      -0.47700893405596578     
 -0.20922707075061847       0.46534477452093798      -0.86004550675600389     
 -0.74993998807479245        2.4650549656854724E-002 -0.66104641643987283     
 -0.45900074507589489      -0.61312053811234735      -0.64296307962794408     
  0.33172798589571623      -0.56016085172804764      -0.75906281924813546     
  -8.0610467635126970E-002 -0.89791741178735651      -0.43271962529651953     
  0.12490958798840945      -0.91285059486237441      -0.38871761767121560     
 -0.13531961154232050      -0.83003632911835690       0.54104370902524346     
 -0.73827604016500281      -0.47959767197747910       0.47427266582853556     
 -0.49621254056350311      -0.47606185549459368       0.72604285295745519     
 -0.32143987589356593      -0.86599678081506914       0.38304827607433234     
 -0.81618475994420370       -8.8167730277661976E-002  0.57102442064465353     
 -0.68845118717787879      -0.57258387461877547       0.44517712137974091     
 -0.81165512937711970      -0.34051550350045523       0.47462105182099518     
 -0.94511895133975854       0.18128775716025897       0.27181780096650515     
 -0.81894168646955623      -0.53869061200147272       0.19785585334765218     
 -0.55703627039405323      -0.79831735797019376       0.22891043975539499     
 -0.32058531403220397      -0.70950963035495485      -0.62755170373482727     
 -0.61591663877891301      -0.77658164867569668      -0.13254296290429507     
 -0.72928782607369502      -0.57076429609147716      -0.37731602808245146     
 -0.70749927326624662      -0.22959917824710882      -0.66837788389206787     
 -0.70749538688030833      -0.53010360312375959      -0.46737613064674993     
  0.58837565360179245      -0.54218905210442148      -0.59987092113787943     
  0.78980083897440190      -0.61233032008143873       -3.5583898947405990E-002
  0.88135036094227504      -0.47241761569815177       -6.5679254745781152E-003
  0.80912881901746969      -0.54556352658999108       0.21833687890533099     
  0.99370745609013655       -4.3552254839738222E-002 -0.10319250364862384     
  0.98805204235828004       -8.0108511972963703E-002 -0.13166543928124305     
  0.79998891179177123      -0.56554192031566530       0.20044968789178771     
  0.52615623195585393      -0.64135142823900748       0.55841558455133344     
  0.43056041381119142      -0.69081251812963684       0.58085780949740595     
  0.34428535766491042      -0.91639138647115781       0.20419211370428536     
  0.82853500002081115      -0.46112768184680425       0.31763345978517132     
  0.68452113331426878      -0.68217725885529723       0.25703113730994115     
  0.38420856132710779      -0.91962711805269626       -8.1668507670169768E-002
  0.69760986655929180      -0.71628662308114532       -1.6551364722242883E-002
  0.72887501974859048      -0.64588297631388247      -0.22710435155325878     
  0.94833355675827069      -0.28982908780323863       0.12908355816827613     
  0.97815408263885095       -9.8185889832477294E-002  0.18323242522757402     
  0.85164260653924784       0.52051523543959510        6.1390230511913071E-002
  0.95028883059222491       0.18050742290348562      -0.25370890549694325     
  0.97655856385767126      -0.21238513502141257       -3.5013222905348529E-002
  0.84090307943459741      -0.47943715802814973      -0.25104187399585348     
  0.95553494301345476      -0.10065987572421618      -0.27716522527090881     
  0.84427204454543303       0.33781365409066338      -0.41603683720197981     
  0.49903528891140275       -1.1196052424841771E-002 -0.86650933568616428     
  -9.9414763208994731E-003   8.2827287445292275E-002 -0.99651432879967605     
   5.6870643883940773E-002  -2.6038836875269172E-002 -0.99804193741468628     
 -0.32529080976789221       -3.1490600190333257E-002 -0.94508953606535873     
 -0.43085759704933968       0.58738095052518380      -0.68508784110140009     
  -3.1366403507259791E-002  0.63946224024572162      -0.76818239502802454     
  0.19194643121551802       0.60098632006734787      -0.77586855242082553     
  0.24574108137377024       0.75728823866578265      -0.60508333682539561     
  0.22915094948785830       0.94182619921489330      -0.24587243200761000     
 -0.27060399821434983       0.73106439839353288      -0.62635319233794118     
  0.29883818172488247       0.75492443627019168      -0.58376779344665497     
  0.29961507033174645       0.79210866162183302      -0.53178442795345582     
 -0.49419418547434868       0.78667930131031172      -0.37001051867925799     
 -0.41980217207996628       0.28502105903460556      -0.86170130104564269     
 -0.45876019106500299       0.77104130928388381      -0.44162697661240857     
 -0.45901795394378647       0.85714960862942791      -0.23366015146716079     
 -0.10738152319138372       0.74956155646419353      -0.65316665679449137     
  0.55972219375279120      -0.25070666821676268      -0.78984633463238407     
  0.15266258003458386      -0.24453020292318278      -0.95754849303602430     
   5.1954356108576412E-002 -0.50232118606398446      -0.86311886256334325     
 -0.59152402429389317      -0.58952485500678053      -0.55005433732709086     
 -0.35443568472732528      -0.92282892856052523      -0.15087118347688488     
  -9.4891958851130609E-002 -0.99415747230736706       -5.1443526325592147E-002
  0.47227691947276917      -0.82443399017362240       0.31187033712698137     
  0.11152422626233408      -0.72623247095918786       0.67834264577800674     
  0.47174436357507504      -0.82595831671768949       0.30862617270748904     
  0.92209045926053768      -0.38090011697602483       -6.8295576931104038E-002
  0.58352208610361544      -0.48271868564246978       0.65305791899408294     
  0.80065281081982942       0.34702295676536704       0.48839547909881098     
  0.65057354524144040       0.44224730076584534       0.61739078969265349     
  0.66675347993176914       0.60998340685971320       0.42820560523504142     
  -2.6739654103446257E-002  0.21960875272571728       0.97522150644080752     
 -0.47516657069328705      -0.62909303022936780       0.61518996205436471     
 -0.63817064788136024      -0.59033310586206111       0.49421154206064255     
 -0.76849408219671500       -4.1066060659887590E-002  0.63853772346705906     
 -0.99589866252743531        8.5005553315399274E-002   3.0982412456122013E-002
 -0.88531569002556842       0.14322941103935247      -0.44238158280819323     
 -0.27355059725875452       0.64912447346674806      -0.70979397622545537     
 -0.63902050099061602       0.73334090682432573      -0.23208600494600351     
 -0.62323039891888898       0.37234682884234721      -0.68770757514690151     
 -0.96553941067366378       -7.7919603723438230E-002 -0.24831871011165765     
 -0.73895867910550483       0.37918851369121054      -0.55691663798032098     
 -0.50670324391543109       0.81862115318977824       0.27039088401025674     
  0.17207916376389612       0.79575674804731955       0.58065476777125324     
 -0.17098163570492927       0.83584891545693574       0.52165301760955884     
 -0.20538385808354723       0.84841932068472092       0.48785461679439796     
 -0.84849125880803167       0.46367364668841382       0.25508691282193802     
 -0.93393426644400435       0.29443782145389763      -0.20266513084198459     
 -0.61065795766930120       0.73919239562682515      -0.28406242444688140     
 -0.82503302365877185       0.55596256234176744      -0.10112437464263704     
 -0.86907804913624565       0.45996605143378400       0.18202905273050196     
 -0.30415863169848123       0.69253461920774051       0.65412791406736770     
 -0.72297560300218522       0.26924999811003725       0.63624737011747423     
 -0.27092317743478506       0.84432436835096425       0.46229535249380654     
 -0.22255245546504374       0.96742424516166481      -0.12066786829919339     
  -2.1306217838873657E-002  0.99376699236811494       0.10942216393884374     
 -0.29959904278701144       0.95109140469490450        7.5269870974961559E-002
 -0.21196679382743724       0.82655283778281230      -0.52142159973259228     
 -0.34636727416759039       0.49364204264167799      -0.79771376139707706     
 -0.54612174556427973       0.81630882257127968       0.18812481286145050     
  0.33894040020215771       0.80949628497885262       0.47941127408134160     
   2.3262692339167178E-002  -4.6744939727186359E-002  0.99863594855935933     
  0.39771147134471840      -0.50566954270861464       0.76558729034494977     
  0.37745076208071338      -0.25693836714527474       0.88967049950725774     
  0.12839246414213548       0.39847595997559099       0.90814772172432601     
  0.28279723249780830       0.79706748640599168       0.53358143465276153     
   1.9168043199233677E-002  0.39724691623868125       0.91751156595372230     
  0.53792138955715174       0.17622342748517492       0.82436999112193432     
  0.92780113025491961        7.0008444056557748E-002  0.36644765036571719     
  0.86725512487160794      -0.46500984709116577       0.17786059285923575     
  0.96336212639550278       0.24901328560652489       -9.9628294265434680E-002
  0.77841026636164035       0.58290616142565743      -0.23301902110101930     
  0.66718546748044250       0.15106785556253755      -0.72941212973098546     
  0.98188005003281031        2.0522148328279925E-003 -0.18949236333399502     
  0.97074177999021460       0.23969256443543435        1.4417736847913691E-002
  0.76624942187559697       0.63391702443650333      -0.10493345322135905     
  0.92768174822184479       0.35560568400110826       0.11380321402408092     
  0.53596116018065454       0.76473241859524066       0.35767298294301081     
  0.53471398323286590       0.77746090448065708       0.33111251583023621     
  0.91798721945382100       0.31716606642076312      -0.23812843431775929     
  0.66901027258425094        8.6310919865414032E-002 -0.73822468144109676     
  0.32134594982489495       0.93025334393906389      -0.17710306779206536     
  0.32087974808778413        3.0767114628324009E-002 -0.94662007792176284     
  -8.5268380072725553E-002 -0.35705947582648878      -0.93018161349400641     
 -0.41265358150904496        9.1994894915442799E-002 -0.90623063343571286     
 -0.36167513587336658      -0.40965343562678785      -0.83748143786602647     
 -0.53336994911984692      -0.14113980509469176      -0.83402401212060995     
 -0.18952724900512069      -0.94334441485630771      -0.27236140850708296     
  0.42490587486486997      -0.89992601551606943       -9.7919171272628544E-002
  0.68606221800940892      -0.59223677905736993      -0.42258044269912071     
  0.56434255139148470      -0.77968248612363211      -0.27131661490045178     
 -0.50661051865806739      -0.83463548154552947      -0.21616982983357480     
 -0.11373067317461787      -0.48504432579044271      -0.86706247525642244     
 -0.17093343501500644      -0.23540311854780638      -0.95674820750915968     
 -0.11312707601950445      -0.26626648499358374      -0.95723791381268997     
 -0.41068518383322622      -0.26303826127156971      -0.87301119860350862     
 -0.48241098808094074      -0.61561555704469684      -0.62313491677434274     
  0.21107988827442881      -0.90375685591934452      -0.37238263405381511     
 -0.48617878495776795      -0.87324337728114287        3.2805382052195520E-002
 -0.96003684599059080      -0.23414082695978319       0.15332099494551532     
 -0.88831997201342183      -0.38294176139317743       0.25346249170873342     
 -0.77312925834963253      -0.57713173912001314      -0.26304012162425844     
 -0.86475976602258797       0.14825926214841198      -0.47980176975061478     
 -0.81105493704114184       -9.3324950731921236E-002 -0.57747756897747660     
 -0.76273766459519410      -0.40224431087761436      -0.50638993806600563     
 -0.90275214184999208      -0.39736988638489990      -0.16472930455667811     
 -0.59198077576822039      -0.69631323231501585      -0.40584066285178189     
 -0.51213183103634274      -0.58086178523520571      -0.63270891734885903     
 -0.62408402530894069      -0.72216776525232429      -0.29831669109303716     
 -0.29297146057394552      -0.95056265967663900       0.10294830410309054     
 -0.51811013378991555      -0.77465794011187350      -0.36258373527487286     
 -0.91515931320237554        4.5315304151387487E-002 -0.40053708276346961     
 -0.75534824145771573      -0.46498456256576820      -0.46177742550094730     
 -0.77641926881800261      -0.58527041667508217      -0.23373416175887340     
 -0.59657462083134349      -0.77045952873777568      -0.22470166077973067     
 -0.10290093724292179      -0.90233363893152840      -0.41857544262313412     
 -0.14172006540284163      -0.97119463946566076      -0.19156303227765739     
 -0.60232584274252965      -0.74560329494503919      -0.28509525729416207     
 -0.60561617513046928      -0.74349910331948488      -0.28361616982023530     
 -0.67930353680151923      -0.69498680993122641       0.23566934232223799     
  -9.3560388900285119E-002 -0.93254001975344092       0.34873423288677685     
  -4.8263436500680226E-002 -0.84232619024709154       0.53680278494154399     
  -9.2770227581386158E-002 -0.90602671353026343       0.41292769251295403     
  0.16219868013621741      -0.68625771095824817       0.70904297635081914     
   4.2505588244340961E-002 -0.86563056433163588       0.49887573709583621     
  0.10772221988638005      -0.96395345791296194       0.24328924004241531     
  -7.2865093118068977E-002 -0.95619114338885425      -0.28352984941556109     
 -0.38721744374239964      -0.91198252125449109       0.13546413616854908     
 -0.32494549925296928      -0.65270401758571706       0.68438869653346135     
 -0.82538750454611831      -0.44535016319820014       0.34698515743255259     
 -0.94728225529415122      -0.25709490838570764       0.19120286840687989     
 -0.36230753939426308        8.8359325910385665E-003 -0.93201672366614208     
 -0.16854445286836717       -7.3017279722614833E-002 -0.98298588202948245     
