 -0.97475668196779175       -1.4289625371352262E-002 -0.22281206781937746     
 -0.97763229674112673       0.18053527715060833       0.10789859161659723     
 -0.87583765816457526       0.28400325072578919       0.39019296523389407     
 -0.60797867718020826       0.74534074485826818       0.27354908544598106     
 -0.27937137564688652       0.95410560635641217       0.10786160757401966     
  -4.0326648906276796E-002  0.95292738547437483       0.30050484089444385     
  0.49736837492293895       0.65468333004024970       0.56922266029555790     
  0.52889084453280932       0.48794478728780966       0.69439495903123938     
  0.47262896188172238      -0.14858345691127961       0.86864539411830177     
  0.60201233228652273      -0.43973291520792251       0.66649539762681398     
  0.35152107202395771      -0.62441739121466200       0.69752122367123948     
  0.29350732474768648      -0.71042057598663966       0.63965307435696650     
  0.36522303949137519      -0.92760931102085653       -7.8441682363961707E-002
  0.21887755591475211      -0.90207831399511906       0.37195071035895688     
  -4.5673862358875175E-002 -0.67768768593111184       0.73393003660742873     
  0.11643152817990475      -0.16884931723905669       0.97874082744801649     
 -0.25195881189990949      -0.42040257423476529       0.87165270187317789     
 -0.26201264836155996      -0.46084352463371070       0.84792253060155998     
   3.0498830658677492E-002 -0.98362523130762214       0.17762664682838131     
 -0.40837119983555031      -0.81720692727982236       0.40670112017396848     
   6.6285259199654931E-002 -0.76355084082532643       0.64233665463508804     
  0.16608374405636375      -0.94118464047830475       0.29425781635828424     
  -3.1816748738202380E-002 -0.77140773647128913       0.63554527660265236     
 -0.42659812718930146      -0.49626752331555346       0.75613000415327680     
 -0.19184530167748878      -0.74642668381984523       0.63721470942373504     
 -0.38061509434616980      -0.29228337720716097       0.87732695009573547     
 -0.19605645243174236      -0.22356053233210718       0.95476832574364190     
 -0.18370582207356181      -0.52769508539204912       0.82933109660097526     
  0.17302359576621984      -0.17396637677521401       0.96943206830590212     
  0.97549606994823568      -0.19971947904164061       -9.2301393309709379E-002
  0.64044786604048065      -0.32848108542006027      -0.69420941178113715     
  0.59676023031507763       0.64360420264405660      -0.47921900823447050     
  -8.6514109569840347E-002  0.80323579900957509      -0.58934502630873775     
  0.33554002111862191       0.93606599611557262      -0.10579860653100978     
  0.89847769979558489       0.42183232459869818       0.12163598519232832     
  0.88720785269969116      -0.20967703625929951      -0.41097173451897806     
  0.52894376854323144      -0.72483496256162661      -0.44139864835271059     
  0.56525870856676597      -0.53425620455497969      -0.62853233829612065     
  0.60620944817117450      -0.70668319720543360      -0.36484101158663129     
  -3.4494424404385549E-002 -0.84824938536190386      -0.52847243534381272     
  0.39466060724169333      -0.62150900300175604      -0.67673448580623585     
  0.21340048420798943      -0.93131482533983090      -0.29514899532618194     
   6.4065932665687941E-002 -0.64687999133403429      -0.75989593569344027     
  0.37888004774243805      -0.76728159845837896      -0.51742521980467060     
  0.39345888958466191      -0.90278144117813297       0.17371174880007448     
  0.13255768780500099      -0.89544911130198934       0.42496982066058520     
  0.68712173609014315      -0.72225449850671686        7.8817251787234199E-002
  0.22310746372603107      -0.45693753873501569       0.86106396122733864     
  0.52607507284802724      -0.45909257720486091       0.71587640223947246     
  0.76650203235971659      -0.43642630280570249       0.47117588712470976     
  0.47683192636580285       0.34469122132369567       0.80859092002116040     
  0.78434887228892114      -0.16651581736712939       0.59755278353100783     
  0.78324719132028786       0.23317803548817087       0.57632615857231984     
  0.50888509706471985       0.13786002264867822       0.84972382109762390     
  0.31299343455848516       0.11387565554740969       0.94290373050322240     
  -8.5239671409566592E-002  -2.4890314100742383E-002  0.99604953224322901     
  0.26160583768057188       0.53257851734359352       0.80493633820046917     
  0.48861061548834994       0.78107961862914876       0.38881138845752178     
  0.59715293780500556       0.79558307851126731      -0.10225426180541830     
  0.95965498421919093       0.26026590500982399      -0.10641414357442587     
  0.87048317045015755       0.41258035048227615      -0.26839617053711429     
  0.88523487370670362       0.23466212670291176      -0.40161287910712740     
  0.92858101170206664       0.31586757585670960       0.19484603980784174     
  0.72948736104558143      -0.65138726573478178      -0.20866916426095372     
  0.81730147455618263      -0.54097080737228909      -0.19841594003332141     
  0.64907670415115004      -0.56429914459755826      -0.51016262851637972     
  0.59648811714543248      -0.14230642793464143      -0.78990556819963142     
  0.52797272858754318        4.9391167218777801E-002 -0.84782386759788708     
  0.85023728985920366      -0.45062386207963523      -0.27209315657941613     
  0.79794037922719530      -0.51955294071436264      -0.30554196601103834     
  0.83299958754251635      -0.50304619642920589      -0.23033933969720338     
  0.69297038429597135      -0.61221746913896025       0.38076477905625844     
  0.59040658553810421      -0.79789992665559406      -0.12155562840234911     
   3.2299706577685938E-002 -0.60325354215036175       0.79689515799639765     
  0.42730537238010596      -0.46499441227635341       0.77536463376071407     
  0.44858588776128733       -5.0199669430479668E-002  0.89232880402383175     
  0.50795220301442146       0.43864606579744431       0.74133271100988773     
  0.39614444447588254       0.71837557980768241       0.57184447662537408     
  0.37837753614117070       0.50189097957718765       0.77777624337776674     
  0.25670097170033523       0.92375717030085558       0.28421347864928842     
  0.38253206762396147       0.92185652586461464        6.2046458079518918E-002
 -0.27713740484886468       0.88010501048731615       0.38549971381157855     
 -0.30343238379505832       0.68472567344619251       0.66263077244277080     
 -0.58963134986207022       0.72713563929509473       0.35158019473058971     
 -0.89598096095189328       0.44287041803397742       -3.2922795175374386E-002
 -0.67049404068609675       0.72754406851254316      -0.14531816740061798     
 -0.56601712497969991       0.80376802286627225      -0.18325277527892214     
 -0.80805049392596306       0.57355285564681857      -0.13450472499279925     
 -0.31415267888662440       0.94659271001053114       -7.2597077787667094E-002
  0.11388599381904625       0.92918862969222094       0.35162262564089475     
  0.16409800225057694       0.85142954908535473       0.49813609445781182     
  -4.4401136073541098E-002  0.54672137515896546       0.83613651819526957     
  0.67429565227261601       0.66859900782742754       0.31352948833960909     
  0.50222470028755750       0.66388779497675088       0.55409687429366339     
  0.21615205495507769       0.93705322686894466       0.27424357632083307     
  -7.4393497898622790E-002  0.87504888240314693      -0.47828345243742326     
 -0.20799066331350921       0.76598417045424305      -0.60828293958323199     
 -0.11240106185749152      -0.31725605442422911      -0.94165524329477923     
   5.3731726737651954E-002 -0.63007749630558230      -0.77467105934784364     
 -0.46293239628146876      -0.15187358951279450      -0.87328575465403580     
 -0.34718262190185939       0.63217254486224050      -0.69269192327600904     
 -0.56364216394872901       0.47508208025750931      -0.67572518677151272     
 -0.95324771432698829       0.29107929426911011        8.1188912901922761E-002
 -0.94729505259717961       -7.1321143773525969E-002  0.31232255406197024     
 -0.49499824698507994      -0.54761633493002315       0.67460587397351568     
  0.31269494186255981      -0.70606714004197269       0.63536687597526609     
 -0.45363782445558687      -0.40591350529863235       0.79337692835082796     
 -0.77206845264371493      -0.55469909365009540       0.31019223061858370     
 -0.54803959665842572      -0.65055465998845341       0.52576728203817169     
 -0.31132553754716485       -4.5807591495563627E-002  0.94919864845689572     
 -0.25691791876640691       0.24533345783385385       0.93477520157739624     
 -0.21500201297621890       0.21223923763261354       0.95327259502481421     
 -0.40109346369914112        9.4327367424034192E-002  0.91116759223137067     
 -0.10190435249282438       0.94451291616578781       0.31226727996864856     
 -0.63222537916366961       0.74482378549100436      -0.21337431548385286     
 -0.73598644119453793       0.55484370658867999      -0.38790774629636277     
 -0.89292391318880948        8.0660388145451067E-002 -0.44292300351172581     
 -0.88581315808255734       0.14092906233543337      -0.44212447156550688     
 -0.64195322362900586      -0.37300835844911406      -0.66989612866434156     
 -0.82116175132039970      -0.17406701048552475      -0.54350165963784602     
 -0.56861167122971090      -0.65327677200485690      -0.49991021843952876     
  0.38197077701314985      -0.52645815968304444      -0.75956575199986731     
  0.17180224719116849      -0.63648979634857528      -0.75190739257186667     
  0.73661382240565498      -0.67622383351042492       -1.1018331698018941E-002
  0.40480568003479245      -0.76494488150996243       0.50099070816060798     
 -0.32006663196400231      -0.93451313582372242      -0.15570019292256099     
 -0.37880176338150956      -0.90906430368320146      -0.17352612433884085     
 -0.11206379494229113       -8.0925869572266704E-002  0.99040027741168346     
  0.16175389299442525      -0.19411070648951706       0.96755191681235420     
  0.28188835868433026       0.52749034202315470       0.80143177645420838     
  0.60603162554763890       -3.0175857699157468E-002  0.79486796793447645     
  0.80490748243303534       -1.8282591795446307E-002  0.59311861508519903     
  0.43048888802963969       0.57630899312286288       0.69465621837625557     
  0.34694144373558661       0.85470223467560058       0.38615505261392113     
  0.56634932932801330       0.81536895382857000       0.12009124157200374     
  -9.3963937843356465E-002  0.92249210702291362      -0.37440498242609527     
  0.72414207154961374       0.46369002842000206       0.51049957664596990     
  0.48729013168271096       0.67900182775071816       0.54909456879110663     
  0.75402452654680818       0.54155340507716809       0.37170811507851731     
  0.63860799827515602       0.70015875491275437       0.31930791167469574     
  0.33754793962813184       0.82723525421082977       0.44915834918611525     
   9.8476890899557121E-002  0.82526806131365704       0.55608895775257072     
  -7.5644531514366994E-002  0.22937602306614394       0.97039401528161573     
 -0.45800629911796198       0.24928804497071191       0.85327938015807747     
   8.2330619982237549E-002  0.22512581396579942       0.97084501178076865     
  0.11180568605157391        9.4082478054981211E-002  0.98926638267435185     
 -0.33869860423282705       -6.7669533653780534E-002  0.93845835800307276     
 -0.72415314267469899       0.20930175410338550       0.65711110299831466     
 -0.43193746113159331       0.69916247137390863       0.56973842093853533     
 -0.82987510555032140       0.52482588250124018       0.18938083916986242     
 -0.74629861619469740       0.30717572243468166       0.59049254949797425     
 -0.78766357100756934       0.29325429812765419       0.54183762838811866     
 -0.77265054314056403       0.57591022059657981       0.26709278537055314     
 -0.88622780319633598       0.31320159255573499       0.34132835109671056     
 -0.96322152516862902       0.24643958814717140      -0.10710659571515703     
 -0.70882389743657059       0.52881815915248864       0.46681906235011461     
 -0.58655797112928332       0.80933068655971618       -3.0554644450801964E-002
 -0.31786536476514549       0.91153540557656498      -0.26089234228528962     
 -0.43173767462556911       0.68950977693212301       0.58153146761282448     
 -0.38618913404352134       0.35271500083037033       0.85232040978496248     
 -0.44533394479265476       0.55689853555795621       0.70110034852999137     
 -0.55808596337882144       0.36315448633662745       0.74609575560591401     
 -0.68807087341614581       0.42991524103559098       0.58457793208577935     
 -0.68886592133544633       -1.4273740240207798E-002  0.72474823405253652     
 -0.75669385958163371       0.37618830357510707       0.53469314856724570     
 -0.77854690154692519       0.58994227226441609       0.21408605159409952     
 -0.99306795003653070       0.11754149801269595       -2.0701504267352233E-004
 -0.97048462164580318        4.7475708450081949E-002  0.23644376975543963     
 -0.94962268923953552       -6.5054873746609843E-002  0.30656909740435973     
 -0.98118312637776861      -0.13874471534247301       0.13427425842704901     
 -0.12441996386649000      -0.12300166382293708      -0.98457618460346386     
 -0.24720991646478163      -0.71645946482350864      -0.65235963430174604     
 -0.50344500139870674      -0.85735165185547768       0.10719736763257373     
 -0.81612627935280546      -0.47866386967021063       0.32375731037643490     
 -0.60784996985108231        7.5044136458506383E-002  0.79049781260626506     
 -0.85867332903597393       0.45083068327329995       0.24378640040339078     
 -0.84489182048262690       0.13448522406168378       0.51775625171573558     
 -0.83502624449018603       0.22978450831242739       0.49993024588665796     
 -0.50521394630524719       0.48389417387609956       0.71456650981382597     
 -0.32277215115335217       0.31160915556959384       0.89371017259794827     
   1.1861771249163336E-002  0.53645975109065103       0.84384254090595956     
 -0.13671502500844140       0.79160143930405147       0.59554694460536173     
  -9.4141680733259764E-002  0.70176031801985983       0.70616556132497466     
 -0.36489030949377521       0.86795527809475348       0.33691051818699685     
 -0.17361809781949772       0.35502665224016311      -0.91859285448381367     
  0.31951889918800536        5.8511795010203621E-002 -0.94577166531167312     
  0.18158028319872341      -0.49810371178007129      -0.84789226501037052     
 -0.23901208073348959      -0.32189962879244510      -0.91610799267703835     
 -0.15751585999982959       0.19205509298435217      -0.96866072239320955     
  0.10245567454083211      -0.37154050921582360      -0.92274616486121097     
  0.19449529209037553       0.34424832154619850      -0.91851220703229042     
  0.66834266566065692       0.29516825331885477      -0.68278384829339567     
  0.26052066559731762       0.71577029409953530      -0.64792119033214857     
  0.53562582759144173       0.40176861467002639      -0.74275632146965487     
  0.95822774743498207       -2.3051343691713660E-002 -0.28507581377539770     
  0.18710230072344797       0.10957222309372269      -0.97621035488794039     
  -5.6880389115811475E-002 -0.22332078585850074      -0.97308398812108399     
 -0.31335079925057485        1.8254515503886015E-002 -0.94946197884529304     
  0.37226467852877737       0.21708841873401324      -0.90238108777361870     
  0.44627336472287560       0.15303649835940097      -0.88171419071538448     
