 -0.36037186096512952      -0.55349345900294455       0.75085092572730294     
 -0.14842284989673937       0.24483666701935422       0.95813655817498589     
   8.2885550275624692E-002  0.77625411219411078       0.62494762889163824     
 -0.18665824471706430       0.96686231413177381       0.17417222852941300     
 -0.43560394432044647       0.85779418603358282      -0.27283390203469671     
 -0.22875563355400372       0.97251586308528171        4.3402259904653268E-002
 -0.20705252884713274       0.93433270344093344       0.29008903732956559     
  -2.2799884640914134E-002  0.82877175842437556       0.55912211340502349     
  0.50479808841428586       0.71114518349271505       0.48933773401244801     
  0.52579581628942351       0.80915742171310079       0.26230331004238328     
  0.75270637882303781       0.60603107539474566      -0.25721477977562146     
  0.66143229850756291       0.73975399956907462      -0.12357724148327179     
  0.93784340940046573      -0.24626880551596231      -0.24454327812035420     
  0.96738621060596497      -0.11402950598092063       0.22618839779088029     
  0.98895522949708636      -0.14794865950095956        8.8740183829756347E-003
  0.96939010939411963       0.24325534482004427        3.3311454867221646E-002
  0.96053491978431627       -7.3930971892515532E-002  0.26815458092303418     
  0.98041995416427785        8.3444680742430763E-002  0.17836395020386622     
  0.92933370640628998       0.13775802853524396       0.34258077545484933     
  0.95326892753445280       0.18408988911707985      -0.23956056545724450     
  0.86234092618585878       0.16110700901386049      -0.48001318593508197     
  0.80582229781320713      -0.15377829440427873      -0.57184146449619844     
  0.96061023281699698      -0.11713797258814153      -0.25200530943848137     
  0.86857740353642465      -0.46252028601839607       0.17789963206086989     
  0.98284659348931880        8.0894294058024493E-003 -0.18424748247486541     
  0.99047951821141023        9.0987144954965710E-002 -0.10330374367219317     
  0.94623245327458227       0.14483063628544562      -0.28925461303697791     
  0.82225759397300746      -0.17947856726995398      -0.54007396997491652     
  0.83787562559879192       -1.6371823968052077E-003 -0.54585873233031834     
 -0.16898240042172560       -8.5130950271071870E-002 -0.98193567490629852     
 -0.76720269420541964       0.10130004712323637      -0.63335481876815158     
 -0.31202729863374346       0.87666214060001990      -0.36620002204525720     
 -0.20170122798472154       0.97674947845613480       -7.2643450944906998E-002
  0.23589047317534043       0.87268556870295533      -0.42752261091402577     
  0.30635516186897738       0.51454562150979677      -0.80086785313267850     
   8.4502171797214656E-002  0.33419264077806005      -0.93870904001791766     
  -3.3464516490994960E-002  0.47854393418082319      -0.87742568300386392     
 -0.38085171972500353       0.35593433151678749      -0.85338310226430869     
 -0.18792735020172560       0.17017187356030070      -0.96732871584337154     
 -0.35739879902120458      -0.45617959504872285      -0.81496397191498304     
 -0.50125006553647411      -0.32962559016250598      -0.80005958659949306     
 -0.21071449220779795      -0.86387582035065169      -0.45751280833121777     
 -0.74751953885751010      -0.41899095054248475      -0.51542324587645105     
 -0.72004199948311776      -0.63699364186432550      -0.27527916594767854     
 -0.30750969951113832      -0.94340652654720858      -0.12418498449790688     
 -0.13884836734286737      -0.98870364675527556        5.6446698566555077E-002
 -0.54894239379556975      -0.82647380628132783      -0.12491315312993534     
  -8.6500436887632662E-002 -0.99584201296353958        2.8572007891773832E-002
  0.24841615391983204      -0.88052896043891238       0.40368077028766292     
  0.18829284047061051      -0.98104692545406091        4.5746434665836423E-002
  0.78992792690006441      -0.49464854319578916       0.36240404111662788     
  0.81779547880637260      -0.55996752972705299       0.13284171218123411     
  0.97556360330313097      -0.21802563398991812       -2.7211740728549767E-002
  0.67292789032889322      -0.58571189615778918       0.45178493679710630     
  0.78142383137252258       0.25569824019031262       0.56920576747484830     
  0.32856226782030934       0.31638522006844177       0.88991416928096279     
  0.65693410587106804       -1.5758714310103738E-002  0.75378328680510776     
  0.87902852863280412       0.41905178603927479       0.22738611757751070     
  0.30540982699928992       0.94541040415908739      -0.11368379515132088     
  0.48539190207166111       0.61251404600385795      -0.62387598515349174     
  0.36126345776544994       0.77355057892803047      -0.52068053153876082     
  -2.3315955598347954E-002  0.69713645300838500      -0.71655923139779842     
  0.69013550706418447       0.72282885264117624        3.5091760838329093E-002
  0.45002538985747487       0.21402792243038840      -0.86698857945408470     
  0.35475450396614505       0.75233821625717623      -0.55510039657232257     
   6.6582965515662784E-002  0.63641290631017011      -0.76846946678770867     
 -0.39597928219776268       0.70751354204473504      -0.58534177699312229     
 -0.59988773879086044       0.71484592482397935      -0.35934663573072573     
  0.34104887622068242       0.91480905515393451      -0.21635631868984276     
  0.21617519976808514       0.97189980377834562       -9.3161442780368253E-002
  0.52425103153837982       0.81362554192322500      -0.25134504861071372     
  0.40928653993501951       0.90699998179780050       -9.9174398141802719E-002
  0.48220634582941391       0.67687282855162290      -0.55616563540947728     
  0.96841407367853161       -3.6318204582750015E-002 -0.24668840653201510     
  0.99825511688908275       -2.1377443842392849E-002  -5.5042951406583190E-002
  0.89450115298787403       -4.6511299166740225E-002  0.44463961401712665     
  0.46329514376804898        2.7386217785038913E-002  0.88578078825204909     
  0.31069610303648154      -0.19698944765602541       0.92987261980886249     
  0.62768554452671044      -0.72468105077013290       0.28433823493675281     
   3.8064291747919421E-002 -0.69891917765131206       0.71418701528732276     
  0.10689884372854896      -0.54021893087768191       0.83470722048567914     
 -0.33257665217393584      -0.88362904333404579       0.32953373758295024     
 -0.16705387122512852      -0.90138645627299785       0.39949400565753929     
 -0.14545893141783989      -0.86529271206796410       0.47969805264656001     
 -0.39670332843297834      -0.91745267547791409       -3.0117394785055044E-002
 -0.61616664292475465      -0.78155265538155128       -9.7540325060525762E-002
 -0.83315080234610794      -0.52141057739784058      -0.18436580574433217     
 -0.67682753296603737      -0.73058363809784832       -9.0288639168074239E-002
 -0.80718545899798100      -0.58991675948479494        2.1209706768708050E-002
 -0.82034816600098814       0.12841189446879589       0.55726050631442536     
 -0.68053780051700596      -0.13715842412031806       0.71976098029853874     
 -0.83126280348666970        5.8948088149581315E-002  0.55274521657182940     
 -0.98716884691883222       -9.2114198635223826E-002  0.13043251926880040     
 -0.89633853050649481      -0.44326502256918460       -9.6622200465099894E-003
 -0.40733269826290674      -0.90171519388054411      -0.14487850789844497     
   9.9394137227089882E-002 -0.83396021152523370      -0.54279938382216697     
  -5.4278540980500757E-002 -0.97552243989702858      -0.21309577482077519     
  0.52078293124107011      -0.80336552814693152       0.28877147835829559     
  0.94344499599435594      -0.32999620937312102        3.1844015648463023E-002
  0.48179140358950351      -0.47316312578804154       0.73755928563188811     
  0.55028956001575491      -0.64580158409865718       0.52926525874404784     
  0.61711783298850020        5.9194557619584559E-002  0.78464105459490585     
   4.4672201803196671E-002  0.34927796119072552       0.93595368486508723     
 -0.47734420510596637       0.64383782434159031       0.59800950310082501     
 -0.68589967763700632       0.68277221359770368       0.25172154567380983     
 -0.24148923797186581       0.91373122289357378      -0.32676933799430352     
 -0.47097952374421431       0.57939774555415202      -0.66518910142940624     
 -0.51340521777987558       0.84494945504946939       0.14991831365125652     
 -0.17520812299756647       0.87341152067486405       0.45437256650035956     
 -0.61774458130716148       0.77161705845518092       0.15165337901502185     
 -0.30599876750257254       0.83278555557678791       0.46133824110906924     
 -0.21274574086003631       0.95610773264072946       0.20148760093505194     
  0.22127394850262883       0.95310464825681496       0.20646880923120348     
  0.29210377867262849       0.91960224325292095       0.26269201870132264     
 -0.32467088433365726       0.67049453633040657       0.66710261101053414     
 -0.36251043768520957       -1.5037183302801873E-002  0.93185839358112121     
 -0.48524366330573027       0.46490571315895823       0.74054119743187641     
 -0.23149725850825156       0.79298898184863875       0.56354014406237252     
 -0.33756279880845080       0.79247812482680013       0.50796631633569556     
  0.10238143697640595       0.93032421190557868       0.35215749616465708     
 -0.12295707707098008       0.84754483682222537       0.51628413376176874     
 -0.36880543714293545       0.80204502161997349       0.46979392591692476     
 -0.59942628818389998       0.62206895885029678       0.50370461132392852     
 -0.38917866347410007       0.54674704075244196       0.74135527335075901     
 -0.32807082886357752       0.86768409396082957       0.37348874726841536     
 -0.31646074442372513       0.92883404449316831      -0.19266529274687608     
 -0.46229008895482437       0.76921536569670779      -0.44112990697780757     
 -0.46136626559251004       0.56034059585349860       0.68786596485928986     
 -0.66244533176172760       0.73110491720145332       0.16325373646848690     
 -0.56638760968526547       0.82040072088521510        7.8407479018433604E-002
 -0.67182822481700899       0.73274101605306841      -0.10833946525998617     
 -0.92573627498208122       0.17771372688677023      -0.33381159425392665     
 -0.36462313179537054       0.35717933219137149      -0.85992609939177012     
 -0.42824997755537098       0.32703669346044700      -0.84240664637355478     
  0.15211682292998499       0.46894360409383445      -0.87003009623878147     
 -0.52045074131531022        6.0865705530178449E-002 -0.85171966735231963     
 -0.32708124459644083       0.57495864073030867      -0.74996027953673594     
 -0.45246993172037420       0.61057361677708821      -0.64997755298530657     
  0.21073285181984436       0.74780716320208507      -0.62958407844192188     
  0.31351796645067365       0.69564946822545892      -0.64635771989688784     
  0.53553445375428954       0.80776751493008037      -0.24640310603932261     
  0.45202616027161074       0.67294940901407940      -0.58550101907485053     
  0.69351623663807827       0.71574817772627775        8.2096136333645653E-002
  0.89772975284517065       0.41124731495909750      -0.15797764650571539     
  0.90928731451245115       0.40227149631004167      -0.10665000198423501     
  0.81708553399617778       0.37426478216502240       0.43851693577919193     
  0.89328601012758824      -0.32530437983055210       0.31018891755412020     
  0.77723668548181535      -0.52431676750964928       0.34784344474134782     
  0.96328405003857720      -0.15689201858994650       0.21787320497035578     
  0.70890807827791547      -0.58836850916688432       0.38893679945858572     
  0.54420250754093225      -0.80845092135220509      -0.22416676504543087     
  0.83436670722707929      -0.36928369045343368       0.40922091080017908     
  0.50455795780884827      -0.29235022970910429       0.81237467365791449     
  0.70303163267779811      -0.58501809810731131       0.40435176312382065     
  0.26362727620226395      -0.57948967429114506       0.77116300263441495     
  0.84776584356036788      -0.47999530798551060       0.22560491750914513     
  0.67735954855605451      -0.70727018918554108       0.20236828177710930     
  0.84809244485628799       -6.6304383039152037E-002  0.52568330177730793     
  0.86306587629427001      -0.40492637382425106      -0.30191377073255610     
  0.58424907513092739      -0.62794406729215213      -0.51413934547094819     
  0.71334062222965366      -0.63611923938781378      -0.29410452216470828     
  0.48572314477950956      -0.51162934890787914      -0.70873721220325547     
  0.68343786010711371      -0.28578557321715592      -0.67174347597366291     
  0.17106455467519877      -0.76200240245444673      -0.62457125837447269     
  0.36724401147576236      -0.76082891895128224      -0.53504316846646205     
  0.91954948327490771      -0.33246976991397892      -0.20950560828331655     
  0.67211124872501504      -0.57421651762735015       0.46748460960899124     
  0.56609672311516568      -0.80700547233658959      -0.16815667604071938     
  0.21045667624349632      -0.89017962598373312      -0.40408937242648751     
  0.60307643663334287      -0.77859426117383890       0.17346408286685228     
  0.67964790593558777      -0.68552869542854578       0.26101557750729104     
  0.57913595352765379      -0.81111644129952021        8.1802603780278316E-002
  0.85248470628532613      -0.51384109136346279        9.6110136697623083E-002
  0.52272118414170721      -0.57000184938913723       0.63392464484554178     
 -0.25853559665897446      -0.67835049786967505       0.68774991624878057     
 -0.92966778858771981      -0.28799203766951392       0.22973547636664207     
 -0.46982066230528235      -0.83628414278454399       0.28266124212252153     
 -0.78114178354188568      -0.60945063497212038       0.13560028590361364     
 -0.94361340215366574      -0.26052751784596001       0.20425268595802520     
 -0.78901027747822772       0.41919534135098446       0.44915258857471707     
 -0.98733509538088970      -0.15199551095903149       -4.5461787003425971E-002
 -0.92433934631091430      -0.34986292071711067       0.15229152822428610     
 -0.78364309119747955      -0.54137680593062920      -0.30465498456260109     
 -0.93363878008067180      -0.34074643946399941      -0.11050109647471842     
 -0.95150160813576257      -0.26660442700218256      -0.15351471987380227     
 -0.91713606067864650      -0.28131219360289617       0.28235597378703325     
 -0.76001324160221173       0.45362674968851163       0.46540589226648421     
 -0.98238298237325172       -2.3868814002493244E-002  0.18534820112848005     
 -0.82771089967127376       -6.5155974749685708E-002  0.55735927867026225     
 -0.55820419046534853       0.82849929226028740        4.4687855969678225E-002
 -0.56768938863690610       0.75440069318231728       0.32955781306944870     
 -0.10030833477067615       0.96433744141082445       0.24493169878314108     
  0.31530418385824549       0.91579344567490151       0.24880843333860209     
   2.9801542258183992E-002  0.99949256967451605        1.1245943468095432E-002
 -0.22991844665458686       0.92978069225207771       0.28748108147007878     
  0.25216716483843982       0.68828814101961910       0.68019935012409527     
 -0.16140579877008202       0.47185206464896784       0.86677782459518049     
  0.20120692126108775       0.60209404253910792       0.77265680529949254     
  0.58746997519871158       0.34746309821188781       0.73085458445650020     
  0.52177026788939607       0.73966353404657070       0.42503369742695413     
