 -0.17618345281864198      -0.73516536276751265       0.65459245362276697     
  0.46373628418658885      -0.35585812261642480       0.81136530323692768     
  0.99782823345793958       -6.1683983547322317E-002   2.3106334369219515E-002
  0.84192448026023947       0.52300839725344961      -0.13276063400310223     
  0.43844966922881301       0.89815320364639961       -3.2904564012882623E-002
  0.57443606475542441       0.79773962952478428       0.18339763082983107     
  0.74270068375349274       0.66792344534841186       -4.7686114394354509E-002
  0.84450923464652772       0.28183436696010078       0.45538285233076431     
  0.98176091302188484      -0.16806352042125711        8.8882859799248759E-002
  0.97618240445225390       -9.6734948193712596E-003 -0.21673563789981420     
  0.35794168276744498       0.56932006993005813      -0.74010297237105227     
  0.32505477567669705       0.52703989726188327      -0.78521865712934613     
  0.27331050859515976       -7.6652698985111595E-002 -0.95886689880804221     
  0.34498344568423195       -7.5641870255847801E-002 -0.93555583995187641     
  0.30693928099883633        6.3714493662458932E-002 -0.94959398749006652     
  0.34355027936280258       0.32523962810877127      -0.88101781472195273     
  0.49746500793935544        7.2430589408660914E-002 -0.86445495868428956     
   9.0293215219762135E-002  0.25871076300553941      -0.96172546830703753     
  0.52615118377500625       0.51543753498250278      -0.67637939009356207     
  0.25770862547693851       -4.7340582763415753E-002 -0.96506224337004776     
  0.43307671641797763       -2.2292583058940510E-002 -0.90108134951135754     
  0.42735343005088627       0.18771268742910802      -0.88438283158476672     
  0.46608859963781490      -0.67134903868953066      -0.57623943420966717     
   8.4865657373688314E-002 -0.88523999184608537      -0.45732699136929056     
  0.42767795981922879      -0.56353374856998495      -0.70676819177684957     
  0.24552962196998179      -0.38766270666919933      -0.88850032672658197     
  -7.6029378331225160E-003 -0.19430155194872187      -0.98091238255344626     
 -0.37642902181049459      -0.17522456641097378      -0.90972388276053440     
  -1.3339674431723372E-002 -0.34098769243565025      -0.93997310955872193     
  0.26798870683343140       0.75823535699138644      -0.59435780168003149     
  0.77487001773365582       0.63042660825457597       -4.6246591465050071E-002
  0.72460739109563221       0.68736433324055290        4.9743362958031896E-002
  0.87521702168464721       0.46889429301503305      -0.11888358562664597     
   9.3208452454257545E-002  0.50126692678173401      -0.86025789883377857     
  0.34081025614670130       0.42674986276290094      -0.83769500651315765     
 -0.38414522453924688       0.42069879815114414      -0.82185459036126729     
  -9.7138366830969755E-002  0.82466283109906513      -0.55722109857139701     
 -0.73130598934590052       0.54814722344725753      -0.40586472053373124     
 -0.74452037268737248       0.34597564669408465      -0.57095557318246193     
 -0.81720495270340843      -0.57232395130900937       -6.7980585722121067E-002
 -0.56080953270158906      -0.76311820863554169      -0.32115925594625655     
 -0.27304503606622382      -0.49061733702436428      -0.82749080773790584     
 -0.45030108620086529      -0.85987563035343662      -0.24050536811192358     
  0.14080186074835457      -0.99002665917165278       -4.6957575837148283E-003
  0.34737526115939926      -0.70871164534910780      -0.61405067517350531     
  0.39744271961080890      -0.82276864289306573      -0.40631397330179148     
  0.27529223101180234      -0.94985323615392792      -0.14830042923899495     
  -3.2602138884823953E-002 -0.67068428322933660      -0.74102610802135693     
  -1.1935995511242629E-002  -6.2245412198192906E-002 -0.99798949927913783     
  -9.0159227991149171E-002 -0.65212433958160643      -0.75273179774291932     
  0.19509137293602546      -0.29894898669178432      -0.93411394356465027     
  -3.5587458778436012E-002 -0.48515232384143553      -0.87370518794897312     
 -0.40351232445998059      -0.50819327323412788      -0.76086621757603101     
 -0.36322956834129316      -0.84015283830539311      -0.40274990871506933     
 -0.30599629053799954      -0.22565063190405962      -0.92490435316212405     
 -0.70343399925046401      -0.44610511560187566      -0.55332705928079973     
 -0.74264774506136078      -0.20327481829160229      -0.63808594640834071     
 -0.25160753086753379       0.43724521624061785      -0.86342936670318704     
  0.17546617285917812       0.48657181622247186      -0.85583847181586170     
  0.53329950100938417       0.64435039654603976      -0.54809142366405939     
  0.18361749603912061       0.74922357148838803      -0.63635576140593730     
  0.50086300521764604       0.45543694714960314      -0.73601184581185464     
  -3.3869232419814682E-002  0.80596690728583698      -0.59099087933353667     
  0.85103329086926882       0.49122041637670544      -0.18559321207136492     
  0.37493922839494120       0.26030369645774665      -0.88975421360119467     
  0.68805484232135672       -3.0419901697932440E-002 -0.72502080214212983     
  0.94273115222450055      -0.18327013193627001      -0.27869343976048661     
  0.54124982791249010      -0.74386753158285390      -0.39205831102220190     
  0.74368852588537604      -0.43238838046954858      -0.50987024320056062     
  0.62240572831792396      -0.76577424727932053       0.16186695635891865     
  0.70156246018755519      -0.71248331401078058       -1.3328229883671428E-002
  0.64245361272671697      -0.75646657975238285      -0.12252211723642155     
  0.60496187457785733      -0.79353337141763669        6.5771716975128514E-002
  -2.6737798188680585E-002 -0.78568900706609035      -0.61804358610342813     
 -0.11801218527711456      -0.88209385532119389      -0.45605214014488515     
 -0.70039799573865102      -0.69227042948196238      -0.17379384347625995     
 -0.81846994120292194      -0.46178750212845077      -0.34184683445264802     
 -0.91381864778627053      -0.26101913730496668      -0.31113419760405170     
 -0.72467213771067773      -0.46434692786005038      -0.50914852785097109     
 -0.71343120107770985       0.17303220656999377      -0.67902560836717074     
 -0.91320040203348629       -6.7966350381554339E-002 -0.40180293794563110     
 -0.71972594257539502       0.28172409514356123      -0.63452825138015068     
 -0.85141836437567442       0.12323194844134323      -0.50980452693870892     
 -0.88095837672788224      -0.20891650858371821      -0.42457770892290037     
 -0.32540162845647536      -0.13569928788210020      -0.93578816164033018     
 -0.29997917385196138      -0.22857896007612380      -0.92615557778682056     
  0.17296447163664580      -0.16175040189767900      -0.97155550486704567     
  0.23607464389103971      -0.34077006269493992      -0.91002446499124712     
  0.59017573399743517      -0.47134100104090693      -0.65538558401781954     
  0.66918411511061393      -0.59886419915440536      -0.43994805495061590     
  0.78145768497993884      -0.17437616877900361      -0.59909668530860238     
  0.98959448752428791       0.12882051382020890       -6.4093880212382784E-002
  0.79124733352662924      -0.14150524119202340      -0.59489824667942559     
  0.53701715600186961      -0.19400878836331503      -0.82095868604789679     
   8.3835453480601535E-002 -0.13895211495789220      -0.98674410385290667     
 -0.39046726630749495      -0.22425222078124427      -0.89288647398035947     
  0.24974100613331357        9.5656423633323995E-002 -0.96357629613502349     
 -0.43275480390419302      -0.17412825470932272      -0.88453526250217940     
 -0.77469610537778344      -0.38399013573010743      -0.50239179927074895     
 -0.84107227198083745      -0.47593671288141010       0.25706356925224572     
 -0.76100725813694481      -0.45358367216079293       0.46382087642978165     
 -0.67520405035170172       0.19241467431975606       0.71209274922237886     
 -0.96586494661619848      -0.25160123967555398       -6.1658098347611254E-002
 -0.84368846790869245      -0.10886408240651119      -0.52567897112184891     
 -0.15313147818696415       0.27172730140880663      -0.95011316381651745     
 -0.67521838918937083       0.37693901457121681      -0.63403241730580806     
 -0.79070491562343215       0.60154487611351637      -0.11370795236278207     
 -0.67716151698030902       0.68869307389645473       0.25914113893400215     
 -0.40006712538298361       0.75009703359645929      -0.52659352006801541     
 -0.19883785345962501       0.83093290329224034      -0.51962873117058761     
  -4.4707973216460181E-002  0.65254396832447459      -0.75643080749944758     
   9.9758495402063205E-002  0.12430638890509327      -0.98721637155819864     
 -0.37670023282058834        9.1131516517151887E-002 -0.92184162484140308     
   2.6295634120543261E-002  0.41164945372696343      -0.91096282408915952     
  0.64710957145994163       0.71000510086684676      -0.27774441356755603     
  0.67181806578944314       0.74011277144801590        2.9892674996663926E-002
  0.28959422053406580       0.84719401992722010       0.44541832027080308     
  0.37321216763868831       0.27697670079942155       0.88543581649982361     
  0.50756543321607761       0.58268151921099631       0.63471220105980908     
  0.66688071548506056       0.73762464507074044      -0.10573549214167885     
  0.64748451708454802       0.74087178392648056       0.17852954914346630     
  0.42493822837470940       0.67693883210471406       0.60098362677736850     
   8.7615213542568002E-002  0.42545748908040010       0.90072720584053489     
   9.4936742545575797E-002  0.33611328087991799       0.93702448064657640     
 -0.20914026456891274       0.97512092259479599        7.3481535462351089E-002
 -0.18453236951300933       0.89721301344117899      -0.40119398439371701     
 -0.27364552095700684       0.91376884547691983      -0.30024094640134141     
 -0.55999386027236686       0.82187639280510294      -0.10452784991070649     
 -0.52841345825412456       0.84877661317884590       -1.8907090112784904E-002
 -0.74401161892522472       0.60795644741023502      -0.27719247637081562     
 -0.61379148347551704       0.70948492043919553      -0.34625303245226330     
 -0.68056957440240118        5.7245850023451374E-002 -0.73044367822088485     
 -0.39881058271541037       0.42335484861992440      -0.81346222485391084     
 -0.18241164869629578       0.54362019733479117      -0.81926984044918971     
 -0.51368086702052518      -0.30457637283945982      -0.80210049243538983     
 -0.25527980055695454       0.78071952234011477      -0.57035887900926974     
 -0.75200961838902336       0.41674444376183573      -0.51069129857875595     
 -0.40427659223125090       0.71230448941012914      -0.57374450005218069     
  0.32713889776031002        4.3456048747078570E-002 -0.94397654282270116     
 -0.12259856654919329      -0.24278576454882519      -0.96230175309648192     
  0.40885047771277833      -0.83320612717443421      -0.37230207696581991     
  0.39366139723922372      -0.74798035127579643      -0.53437449268184944     
   4.0776914774587572E-002 -0.94674702916490749      -0.31938582621796663     
  -8.8493432602579081E-002 -0.96782411831342596       0.23555336634626928     
 -0.31627671470222063      -0.94859551232419559       -1.1644472319264576E-002
 -0.91542067392624882       -9.6516817885837602E-002  0.39075503018339874     
 -0.66741344737428876      -0.44665940270814830       0.59586463918945121     
 -0.97316402391777246      -0.21802105886497575       -7.3611143474480820E-002
 -0.89434334527145098      -0.17985605925429460       0.40963615406626402     
 -0.53505367488242173       0.61554931877345909       0.57863339097600597     
 -0.74220935563123136       0.66199259797931431       0.10436030200259398     
 -0.46283481629367162       0.28537988066529762       0.83925100925638452     
 -0.34254189489561976       0.58126464243588483       0.73810328931336322     
 -0.44187268253036582       0.88684428931511516      -0.13511379997112549     
  0.25976229051973249       0.92519615070240091       0.27665074579588023     
   4.3597008279401855E-002  0.81900375776408318      -0.57212948327929602     
  0.28994115096628331       0.95704381954533690       -1.1209132249201254E-003
  -7.7569725738804413E-002  0.99197967093885808       -9.9796142675245059E-002
  0.58037034150014077       0.64679636092744486      -0.49479766996019170     
  0.89729691593848271       0.30062785598642783      -0.32323542016979967     
  0.91786240591785895       0.29145432582765590      -0.26941228583545113     
  0.57290502675487809        2.7354287024652934E-002 -0.81916516851024068     
  0.52002203091844612       0.55018614655630327      -0.65335464450558045     
  0.97557566058117329       0.20357301710464049        8.2523676533262702E-002
  0.94100116102203291       0.33063197724655191       -7.2106245064073968E-002
  0.92043722986165555       0.34893423299924464      -0.17618231161442366     
  0.57054983091087530       0.78514392539542632       0.24087736892927492     
  0.95028934451900304       0.30964151871214096       -3.2745863605714798E-002
  0.97077960910466410       0.19377506299227498      -0.14155626269779148     
  0.61758899819544055       0.27742668402203419      -0.73594718852682561     
  0.69619638059207167       -5.2705943626207064E-002 -0.71591387970693521     
  0.76279774981126414        9.4577679434636241E-002 -0.63968324617395411     
  0.97698858159622359       0.16825459826790945      -0.13108661866231791     
  0.69960756572549998       0.69485227845479847       0.16652196583608606     
 -0.44884715666088271       0.66652055830513390      -0.59521977060083464     
 -0.82168570476728842       0.54630329336288053       0.16243556950983534     
 -0.60508899586342202       0.75468445004845153      -0.25361129300598040     
 -0.33095991784964579       0.80179017707596223      -0.49759224744917008     
 -0.33789636539800300       0.52885548446556696      -0.77854860015388705     
 -0.44514135944931277       0.59412068010692387      -0.66997745303623091     
  0.15800050488633202       0.65815805537687289      -0.73611399565436508     
   4.6202019529826679E-002  0.58924809993995786      -0.80663005777655217     
   4.1187736918048154E-002  0.67043170970254440      -0.74082716807155924     
  0.20662321618078358       0.84089610439682660      -0.50020054792591917     
  0.32252204877966978       0.89544854058644874       0.30684106506888986     
  0.52039602680319186       0.85216452875191162        5.4805029190112875E-002
  0.34323078138698304       0.92903610413315729       0.13814683465647362     
  -3.6903542508615814E-003  0.98317131345575948      -0.18264870567076255     
  0.53117553144679763       0.84622488681991881        4.1904602597871710E-002
   4.9390432513083400E-002  0.44972915677052644      -0.89179833523431007     
  0.15981256311931666       0.36725430521919844      -0.91628828431189047     
  0.20544547681943934       0.10257553866305114      -0.97327817961899254     
  -7.7740747364720059E-002  0.12359322548764423      -0.98928311964410409     
  -2.5990527020746737E-002   5.5219390388117795E-002 -0.99813591831492054     
   5.1525046665980817E-002   1.4714613988210334E-002 -0.99856329278682365     
  0.52650522130474853       0.63203909562088978      -0.56861132027573258     
  0.16552019449569219       0.79197643045615140      -0.58768733082830349     
  0.24000167488220586       0.95079871784408931       0.19591067913679860     
  0.79209452819346771       0.60411589583691283       -8.7351261028115301E-002
  0.95131218708900911       0.30420403173297217        4.9649066188638666E-002
