 -0.55144495130614879      -0.35742296474755886       0.75376209108052228     
  -8.7978400772493415E-002 -0.95685489310213079      -0.27692691191727620     
 -0.71177658508252761      -0.12712472684499743      -0.69080633809547143     
   4.9056056126687286E-002  0.31462361939140981      -0.94794803733028843     
  0.57793491048860934       0.18158629196131854      -0.79562406814417352     
  0.57129154372375712       0.24325084240517320      -0.78387180057642680     
  0.14336486707663673       0.48307445898590096      -0.86376245690791886     
  0.13368782482242272      -0.61668126872303675      -0.77577817596292309     
 -0.59192170698067414      -0.76077566810220787      -0.26617489669156358     
 -0.92893529982157164      -0.36948423886720272       -2.3677119211753084E-002
 -0.84775903760303484       0.48548569389472196      -0.21356089339098505     
 -0.81991298579944882       0.56991341276385232        5.4234653768081398E-002
 -0.61647435059369926       0.74161524364008946       0.26451125772019851     
 -0.69384293447281176       0.34532498168586151       0.63192771683622384     
 -0.60822817114402450       0.21925579582843824       0.76287966798339879     
 -0.52105944179886809       -5.9896286735547172E-002  0.85141616906632456     
 -0.22478598164332564      -0.15939281289195892       0.96128309756027430     
 -0.62004451672321359        8.1163817228051605E-002  0.78035711828268806     
 -0.50480551461539780      -0.51095718595558770       0.69576874501104291     
 -0.49178613793983639        8.4842723276097348E-002  0.86657262063680118     
  0.13585265391772047      -0.57304890601924185       0.80818253367273674     
 -0.45158069420646152      -0.43356632115506832       0.77980454075369021     
  0.12607884050365786      -0.79116548701819223       0.59846578693229180     
  0.91908412062673550      -0.23983199897434576       0.31267393796054910     
  0.51043598129670997      -0.51303309087746840       0.69011024964302914     
  0.22744592854534026      -0.56626293880245682       0.79222132875037132     
  -2.4225767764269046E-003 -0.39548682937221935       0.91846845286864598     
   7.7815504832871335E-002 -0.62327426641659867       0.77812205728309236     
 -0.40927287691113412      -0.83316571026809139       0.37192823428501892     
 -0.73922356749906426       -2.7687188343738428E-002  0.67289073173554503     
 -0.71801317399363163       0.69110248104905780        8.2670688030755113E-002
 -0.66377049387869214       0.53885933501551875       0.51869003125439539     
 -0.65110727323343631       0.52476885597150402       0.54834019234862763     
 -0.46430838748859898      -0.54477600929188708       0.69830997487345525     
 -0.62433098162827150      -0.73585169676966233       0.26216999397393681     
 -0.24707710491055443      -0.84713964345885029       0.47043312883919541     
 -0.55354726281753674      -0.65821728726020701       0.51023076208618245     
 -0.46286565355768755      -0.65817035447598427       0.59377367005081438     
 -0.29385922878244952      -0.71283032134111735       0.63680427655296379     
  0.23672665216927483      -0.94736033320108415       0.21556644272685133     
  0.43827380541432820      -0.88194490115999269       0.17346256888899819     
  0.14449805633815843      -0.92640010260952843      -0.34771131934344357     
  0.67835121077897576      -0.11498094010029138      -0.72568520602833686     
  0.32283232197716594       0.32933068437212465      -0.88731087687342081     
  0.24817411573099218      -0.12084906118370409      -0.96114781001268879     
  0.43075455333469759       -5.1606167027322680E-002 -0.90099240746311782     
  0.44382633927066495       0.33104848489503136      -0.83272149078686997     
  0.37747592854327316      -0.37699562972126222      -0.84580507124363347     
  0.16666932382533620      -0.73263731109045993      -0.65989689110778893     
   7.6467001157440873E-002 -0.27881913882766762      -0.95729446125910866     
 -0.59737758293383525        1.1395781461120441E-002 -0.80187914274722150     
  -1.3288788034877944E-002 -0.49888564285981379      -0.86656593716860530     
  0.43070443363119681      -0.52801193231098442      -0.73191330783611674     
  0.19553683504732405      -0.23564039588486690      -0.95196583445357796     
  0.16878530554928492      -0.75331825893397508      -0.63562813136870522     
  0.55919131275107725      -0.81232997508214744      -0.16560521527643840     
   1.0122803530761289E-002 -0.89181863623230329      -0.45227983474554434     
 -0.23658579549271866      -0.90212232302829354       0.36083580152907802     
 -0.19449843000667583      -0.64677062435207389       0.73746736890533104     
 -0.50455061458794837       0.20700975209756356       0.83819785245216027     
 -0.23975327942840613       0.16894675612370014       0.95602058481950147     
 -0.15742657451376871       0.40395492818344503       0.90113111678220426     
 -0.17383786810451285       -4.5223965965737967E-002  0.98373532442178468     
 -0.57273301685437072       0.69963106839344391       0.42719229808551240     
 -0.39962014260457862       -1.7355121951150881E-002  0.91651652541937212     
 -0.64379070707016717      -0.23380664153315339       0.72860687607589392     
 -0.77922229508848340      -0.14730238264351309       0.60919177842825567     
 -0.89840124458862003      -0.29458473150844167       0.32572233525468158     
 -0.87033254402578242      -0.21637499124777293       0.44238346032844755     
 -0.84127930021549446      -0.54027901168095827        1.8647481493369193E-002
 -0.84134160345391373      -0.53026478776753960       0.10470702532052736     
 -0.94452739227990390      -0.24625119790817579       0.21732085210969049     
 -0.91610907090872473      -0.22744474767363121       0.33017125397962283     
 -0.63259146238674691      -0.69694187336488334       0.33778701405782230     
 -0.59800096125173119      -0.36022837227095633       0.71598210183847111     
  0.36588749766976891      -0.27150846175461879       0.89017385619029521     
  0.55185080771160222       0.28445095809384718       0.78393133530149139     
  0.26268393789775435       0.71855748105584849       0.64395053784375933     
  0.39709799622612790       0.88831322280600111       0.23067899683595053     
  0.61457941217966339       0.73598311647857184      -0.28393837074874229     
  0.94720791173772345       0.31990773064794958        2.1359209095393010E-002
  0.53292169227639907       0.77571749122712630       0.33801899903052024     
  0.56814107854967311       0.81080676722665757      -0.14074125579893881     
  0.89593323648890866       0.40665667306941006      -0.17870082820925998     
  0.18760352989859752       0.95129619758857953       0.24462309789370462     
 -0.12248096006004865       0.97452868344233656       0.18786234207774363     
 -0.53204493809025555       0.76197693321514937       0.36921448658013001     
 -0.71401088211292141       0.15028450683516831       0.68381505338039572     
 -0.85033007128323868       0.14614189922252857       0.50555050703476101     
 -0.92968733490844857      -0.31435028095913925       0.19200354208134873     
 -0.99557890882285693        5.0279169409157193E-002   7.9338776336751210E-002
 -0.65749657512195814      -0.45916662939510899      -0.59738116822750975     
 -0.89057595522228583      -0.45483049376810497        1.9209160939322178E-003
 -0.87749757920785276      -0.35458706192483735       0.32290248373138059     
 -0.90254848850697733       0.12094273194027781       0.41325425767272683     
 -0.74472497037670105       0.41235735364616316       0.52473434363628324     
 -0.99651458269594850       -4.3793211254332574E-002   7.0998881135116598E-002
 -0.88503564409022373       0.36900639413689901       0.28380660629371668     
 -0.68590856749560680       0.19453236237572810       0.70120367727549116     
 -0.60331985603354410      -0.23290593743440494       0.76273191595968814     
 -0.45143934008581149      -0.64888762738612960       0.61249275036375572     
 -0.45959125069534484      -0.72259961817569418       0.51635808708359865     
 -0.50785970678334913      -0.76982306389335631       0.38658888825702636     
 -0.81187702780848892      -0.54132618756126871      -0.21868161874581121     
 -0.89566222102467585      -0.25159301729283029      -0.36672897278330879     
 -0.68805904117176109       0.49363161559980095      -0.53188587492260198     
  -2.9763373993184079E-002  0.80565885534661497      -0.59163160021261774     
 -0.27361493147232874       0.81429961126945194      -0.51190918370531591     
 -0.25108757870884568       0.67861001703158208      -0.69024884831671895     
 -0.30848165185569387       0.42077764598217554      -0.85310330154685132     
   3.1812907872572231E-002  0.13175239311171372      -0.99077204532731467     
 -0.24269568867084554      -0.51989684944203118      -0.81902751397061002     
 -0.39211595523464304      -0.17505544408704779      -0.90310612285929504     
 -0.30274783530048816       -9.8312436303802792E-002 -0.94798650469765977     
 -0.80721132723589684        2.7086102073837076E-002 -0.58964075186210296     
 -0.90736285629845981       -5.8121180886719359E-002 -0.41631067166507385     
 -0.96945469760044156      -0.23048000679008634       -8.3884180692904278E-002
 -0.38817842124334495      -0.90013491167836857      -0.19767309897610022     
 -0.19860453758363128      -0.80259992707559125      -0.56248519510249695     
 -0.80321686624612632      -0.59349838038112468       -5.1013118536121338E-002
 -0.80548899060839496      -0.52651484892294331       0.27197352788884599     
 -0.77483728159275533      -0.24117194641392758       0.58434859400607431     
 -0.76427165555997512       0.31121922637396765       0.56482867282283666     
 -0.69806300971662893      -0.22604021073070674       0.67942170821824199     
 -0.98977319965630672        1.5855060739057569E-004  0.14264987943846241     
 -0.98193109414264812        6.1520681851966103E-002 -0.17895958219745170     
 -0.78792817509232682       0.48834649068574826      -0.37508251882834975     
 -0.41097584819445693       0.42092496730519174      -0.80865383452995609     
 -0.42181269236360069       -6.6873936972541542E-002 -0.90421343117359954     
 -0.60129901556489274       -8.6340086750591044E-003 -0.79897743883972450     
 -0.72613603462134901       0.18946780753661185      -0.66092995781075980     
 -0.42955329771519246      -0.15125280872362973      -0.89028453444685240     
 -0.24016280799827555       0.33360067090239953      -0.91160979482887083     
 -0.50367120816707844       0.49685038601633186      -0.70672130856441751     
 -0.41499425654657729      -0.48648094004969400      -0.76884072602966280     
 -0.65528667029869270        4.3689156861713319E-002 -0.75411579833713493     
 -0.45107845585691497       -1.9285161614065544E-002 -0.89227591540021023     
 -0.57492569215311662        4.5996967043261672E-003 -0.81819269814179862     
 -0.76145778455936919       0.10094070826492632      -0.64030696993626179     
 -0.24176279805672446       0.40323530181571399      -0.88258259718023968     
   5.3838413294713935E-002  0.82772514388251450      -0.55854499499918009     
  0.10487522693475745       0.50162087307437342      -0.85870698522340838     
  0.41659848492155094        3.4488691472776112E-002 -0.90843614663971373     
  0.65302656630726275      -0.45219450538796624      -0.60751661129049694     
  0.69429487051934979      -0.67885087773595920      -0.23898978758027892     
  0.45502099861449052      -0.85126327612850639       0.26135555386266790     
  0.44398013653603058      -0.71776214287351370       0.53637593590603960     
  0.26941599640485536      -0.41397550927600657       0.86950520332020487     
  0.88120231087189405       0.47254643140118208        1.3503980304370444E-002
  0.73739442633445451       0.63566689312664393       0.22842298700798414     
  0.89063751040576467       0.11357398678377759       0.44030191299182631     
  0.79929139179670283       0.57043657055072250       0.18903806489175135     
  0.71669579097661595       0.64614206710035105       0.26238820918572830     
  0.99401739210873152       -3.2584946082259966E-002  0.10424799985716415     
  0.68337417188696703       0.72809101380017971        5.3695594058042417E-002
  0.96237894577365179       0.26347694635644464       -6.6382704602267556E-002
  0.68342835698680682       0.28235616788432233      -0.67320180876467828     
  -9.9380366402901779E-002  -7.3546907012909155E-002 -0.99232776603422646     
 -0.41281163533702969       0.21389534142211059      -0.88534475581453764     
 -0.52888800149863113       0.52875931142118349      -0.66384566915529386     
 -0.59183843979737483       0.20637585825305277      -0.77918949319698894     
   5.8076145852195761E-002 -0.35034118089715865      -0.93481988545953942     
 -0.22021760099826918       -2.9288574761175357E-002 -0.97501096793782938     
 -0.18529092642674791        2.3027571431740251E-002 -0.98241386570931410     
  0.21493607737644632      -0.24159624818283004      -0.94627360499277680     
  -9.7463032564456029E-002 -0.23332027853682452      -0.96750328418399445     
  -7.7831884424599124E-002 -0.62403298962805587      -0.77751207426177316     
  0.53324821371538400      -0.12672380088650548      -0.83641342699542442     
  0.39785649297035658       -5.2743713199870659E-002 -0.91593029850488583     
  0.43687020972301915       0.11189680082464512      -0.89253768874027151     
  0.62787580589098535       0.59259402602014133      -0.50458328618975679     
  0.22208905563438400       0.59813695502872455      -0.77000560673050400     
 -0.19211727034987114       0.74678409167011228      -0.63671380922811416     
  -7.6623203193020642E-002  0.42662665913814785      -0.90117621941835657     
 -0.71454889579883474       0.60786734476489390      -0.34629058127705331     
  0.31814226033457749       0.78521150956390473      -0.53125171758556522     
  0.16155343839901376       0.62000253759145318      -0.76778730122457917     
  0.62072376416955322       0.20656774391475807      -0.75632782295061407     
  0.48504030096227202       0.27350978441466034      -0.83061922941378241     
  -8.6267687298444376E-002  0.29432342668450939      -0.95180439515316129     
  0.31563764244156767       0.15710156680036103      -0.93578415052983077     
  -9.8772580136850155E-002  0.71186033897325951      -0.69534080508055496     
 -0.26281655738173859       0.27026047093795480      -0.92622175261350592     
 -0.53083420675337456       0.28219820677280627      -0.79911151727075425     
 -0.82401326379903783       0.53739498578159606       0.17946802038274984     
 -0.96771254989280076       0.20062895718424462       0.15257929846207613     
 -0.84994437820086255       0.52407236224547760        5.4246779583916126E-002
 -0.91643103996830255       0.37952642254914110      -0.12694031498971065     
 -0.76045350875566375       0.61317936506308068       0.21382592752539070     
 -0.32236084526294417       0.28957966692511056      -0.90123642954828842     
 -0.33690797721840970       0.30436372001920364      -0.89098582526474757     
  -3.5618990175524265E-002  0.72250693702040025      -0.69044551812313093     
  0.41523781153781525       0.77998980846541721      -0.46818101046433558     
  0.69764740548278914       0.48031156782073242      -0.53159090985526081     
  0.75214789307487773       0.57549823386213217      -0.32105346870047047     
  0.13660268762659264       0.51255152518469360      -0.84772085014123622     
  0.31689970781036386       0.62380282237682971      -0.71445406709211312     
  0.12330866932366358       0.58493854892406172      -0.80164946582175733     
  -4.3640389294900515E-002  0.61926615929996565      -0.78396743578297123     
 -0.34782077172514131       0.93734277442880520       -2.0229532439100251E-002
