 -0.13621462742443274      -0.92128791378863484      -0.36424463645010741     
  0.76984791639028904      -0.25125717339925546      -0.58668903044540133     
  0.23256243374347105       0.44546974325684219      -0.86456429619434905     
  0.25573761237489251       0.74654952014097908      -0.61421664548762089     
  0.46082980423467562       0.84922005978796822      -0.25780066249482936     
  0.72871726624793909       0.67585144774873795       0.11043534963086957     
  0.25323183913017250       0.92224408191964502      -0.29212923341385322     
  0.82401959126065016       0.29517507311424196      -0.48359424048534638     
  0.16389642421200373       -8.2524503239183866E-002 -0.98301966841751587     
 -0.22108353024406552      -0.51813475865349357      -0.82623147151990461     
 -0.45749598074963421      -0.38943444088375090      -0.79939867641341045     
 -0.76758331017566361      -0.52792338340257305      -0.36347319460532940     
 -0.95826418092969323      -0.20895066714246857       0.19511375719783228     
 -0.51934965327116267      -0.55013283259062751       0.65393409771395339     
 -0.15833064947840650      -0.75455422801992023       0.63685109909069948     
 -0.22754602551249364      -0.69614444848860735       0.68088597658638339     
  -5.0649727662545024E-002 -0.78090950250817748       0.62258730631147574     
 -0.45782697512636317      -0.77953994467015497       0.42744816704520988     
 -0.26778732349485146      -0.91444846327102869       0.30343690842863469     
 -0.16515833959360313      -0.97913628483136661       0.11838436801084032     
  0.72950444564279038      -0.68081199749101506       -6.5713680917460160E-002
  0.73555266584729340      -0.53868798381325811       0.41082542747516143     
  0.96487426323103864      -0.17290568682092430       0.19779099984406093     
  0.84382004486984152      -0.46050904965184253      -0.27549799829513322     
  0.84583247400457695      -0.43297134293136608      -0.31161393120253178     
  0.76136521762795439      -0.62033030223187557      -0.18844978513996555     
  0.98478073014683287        2.8931551156394300E-003  0.17377728040511864     
  0.99806847412243205       -5.2712950686803518E-002  -3.2873481604930796E-002
  0.79966943194118845      -0.42672149628976835       0.42241870723619374     
  0.70251440851353697       0.58050913998078801       0.41168269848229533     
 -0.11667449933312270       0.94183601276660001       0.31516977371145360     
  0.26501020553595001       0.93618421227953219       0.23093010120026708     
   6.6924444239851388E-002  0.64542453563070978       0.76088651425105824     
  0.78913399510917048       0.12919980888048754       0.60047893147745979     
  0.79079785378218426      -0.61188459376315107        1.5362238404730486E-002
  0.96901926411508732      -0.19137862341117082      -0.15612779469109789     
  0.98123507545016264       -6.7763133941754497E-002 -0.18051560703918174     
  0.94059939407506643      -0.14651109083808567       0.30627974162045546     
  0.45267925734246445      -0.88786960785362590        8.2274233036625635E-002
  0.48321593935431612      -0.58117423529000689      -0.65478153928547622     
  0.62727546422474800       0.38436361844510003      -0.67734046150916982     
  0.39854176294794508       0.18726588369145969      -0.89782846468109490     
 -0.14051556354715286       0.92547958846618295      -0.35177110133370965     
 -0.51757393025965892       0.79977044895851468      -0.30411257075024661     
 -0.18122787873146229       0.86524775093108719      -0.46744281519691960     
 -0.24056266449693020       0.96408539362584067      -0.11255646692863168     
 -0.31766509909350193       0.87701412282569002       0.36046513448904438     
 -0.76620814464302800       0.63195233364353554      -0.11645311110126705     
 -0.38565658034506634       0.85433266495857607      -0.34840307062554499     
 -0.60909532747541761       0.69453220227336210      -0.38292022935973397     
 -0.83757653980704128       0.15828620317148412      -0.52288719419241836     
 -0.51380674545022298       0.79581158155670539      -0.32044742937033022     
 -0.44163335990906166       0.86484943137561487      -0.23873717026190833     
 -0.25275507975555256       0.95712017182161413       0.14154803548592979     
   1.1819762633875228E-002  0.98345440245208848      -0.18076983019529977     
 -0.10621230976727779       0.97220926450083145      -0.20863386894903013     
 -0.72431598346519777       0.68603982750613579        6.8671035904666014E-002
 -0.83578641957078570        4.5823857939582283E-002 -0.54713913669614311     
 -0.69606641163094307        2.4434113356234591E-002 -0.71756151283615022     
  -8.0771722391499629E-002 -0.42159807205345323      -0.90317827393195471     
   1.6871529674209483E-002 -0.39458460804951778      -0.91870470695260864     
  -8.5820762885558372E-002 -0.66023071047510562      -0.74614355562669810     
 -0.26793570400624644      -0.60373226093830812      -0.75081143812612494     
  0.47695651093928826      -0.71493178417623193      -0.51125828173952426     
 -0.12529246069875746      -0.52614185257715851      -0.84111625252325739     
  0.16080443044046216      -0.46896964281493775      -0.86845230684749852     
 -0.10897075631539943      -0.76312280002649902      -0.63699997358537308     
   3.7672875993781225E-002 -0.67681022855429973      -0.73519294674165470     
  0.14298013053654809      -0.76351489970711350      -0.62976319374588852     
 -0.32930814532447772      -0.78845742855900347      -0.51951037407654233     
 -0.36426890072100870      -0.69333938345412371      -0.62176254898393268     
 -0.31202861111521130      -0.45955131706430447      -0.83153516632187308     
 -0.25029875757096376      -0.44634917845576788      -0.85914081665949449     
 -0.33553619982590954      -0.20622295517015640      -0.91917764951468073     
  -6.3732008351236533E-002 -0.56594588717082073      -0.82197535480448769     
  0.30158321299082125       -4.3857778624204813E-002 -0.95243060686665570     
  0.78827606203157674      -0.26984047927317401      -0.55299816073260533     
  0.88208635191282558        4.1362362715534458E-002 -0.46926839092333217     
  0.59326438734359732       0.40239469917057541      -0.69722010354641872     
   8.5385860686687617E-002  0.61995901530132325      -0.77997440608103874     
 -0.36231360996218664      -0.11559699279998831      -0.92486008849544954     
  0.23765525961209341       0.25937029599429323      -0.93608067341152967     
  0.51623298090805869       0.26393646191634723      -0.81476441594724192     
  0.17733761594291542       -1.5886988717609959E-002 -0.98402183591687475     
  0.58950228750385658       0.28064651210452868      -0.75744609595092638     
  0.67101093718790816       0.36753111476152195      -0.64394503015116200     
  0.77670324130748380       0.55351250095909166      -0.30059272483630778     
  0.75094392190686265       0.46374146192493421       0.47013517486235579     
  0.52714163249876533       0.40041253227432705       0.74952752003127088     
  0.21806648692899427       0.65366483724041480       0.72468564759760168     
  0.27766080611420357       0.79431615578192927       0.54033908003385134     
 -0.32590899272415597       0.94536800818310862        7.9156531924301984E-003
 -0.13668675315098147       0.97974620509156374       0.14633559075557789     
   9.1586502428775765E-002  0.84989859922157152       0.51892608685062114     
  0.45161832844873467       0.41779691500661342       0.78834422888746292     
  0.77457945866375111        8.7297000132441127E-002  0.62642309662407181     
  -9.1287276994812427E-002  0.50093510289663001       0.86065710695078779     
  0.52180054780623197       0.15205315867719291       0.83940694853299180     
  0.15199849277854544       0.10318294351763686       0.98298002948183527     
  0.51093307218342898      -0.34429438986041616       0.78766031311721996     
  0.45945880899151759      -0.70971678585886599       0.53404090359290124     
  0.58724777724506305       0.25640489819998830       0.76772167893044763     
  0.91383218813369238       0.12353970320944778       0.38684450837738055     
  0.90479821087795120      -0.31040746943385206       0.29152598599744595     
  0.39211020192266227      -0.76333096355684082       0.51339597741277210     
   4.9422446143373183E-002 -0.89754855667475897       0.43813697655906170     
  -5.8217528056296715E-002 -0.98575027943450166      -0.15781985306618987     
 -0.14323517284415399      -0.83878087115054911      -0.52529071517804105     
 -0.11590023208131228      -0.56240699744230438      -0.81869744437823810     
  0.51437904499010056      -0.22177097136303514      -0.82839111193676029     
  0.52742023264262550      -0.23819927816289643      -0.81552989036693946     
  0.65228195635075359       -6.0199813274222726E-002 -0.75558204842427401     
  0.75836556120894949      -0.39458771414550453      -0.51882772807329092     
  0.76960237338888260       0.13688205613614302      -0.62367899562366202     
  0.63788192617080808      -0.16986879228555740      -0.75116658716429840     
  0.93117492869916296      -0.30473570402201783       0.20012346902925202     
  0.81157170341756113      -0.36105527698095247       0.45933697562482700     
  0.34219635764381995      -0.53077721946253698       0.77535617371304499     
 -0.35844863966687729      -0.16121662825837874       0.91952366554320375     
   3.6586282820445432E-002  -6.4213907657465583E-002  0.99726526961124407     
  0.20449229826041554      -0.37971055458185066       0.90222103427669087     
 -0.52365033449233422      -0.36061887832370038       0.77184477181790145     
 -0.30170989268232740      -0.70823957426745265       0.63825374742266594     
 -0.52263584677067887      -0.53483573927277184       0.66392959240182414     
 -0.51445271546608573      -0.67290133350406389       0.53154698655716748     
 -0.53730310169361306      -0.24387461800635210       0.80736023409793334     
 -0.48539794930661406      -0.51605402480233664       0.70574575754606739     
  0.14599779567565679      -0.78476153239065283       0.60235702115751477     
 -0.16291245765810172      -0.96283018866570447      -0.21544734608189245     
 -0.18781717732158282      -0.65845578028604135      -0.72880772039739461     
   1.3235015344655023E-002 -0.56068370830783176      -0.82792428011689767     
 -0.55161332202175062      -0.17793756779905509      -0.81489935877623187     
 -0.43541919974493404      -0.50746038145392680      -0.74356847818355143     
   8.6525611339960298E-002 -0.57997511988727524      -0.81002603593591505     
 -0.21118845306275377       0.65836637933992170      -0.72246325017117807     
 -0.27235168835638834       0.83834896543414095      -0.47222406758340896     
 -0.74075934053159709       0.58023620028066447       0.33852850884242136     
 -0.51002894928191844       0.86015543914660741        1.7582380264044989E-003
   6.4951671209797597E-003  0.91726775374333835       0.39821813211701473     
 -0.19656355908309803       0.65949885348598669      -0.72555084555894278     
  0.26850525020803218       0.95967217007489747       -8.3272183798161051E-002
 -0.39848923602989894       0.91712616495952715       -9.2696448111515561E-003
 -0.10323488342812784       0.90200362272247259      -0.41920403557117836     
 -0.65807262913122977       0.74248494495246864       0.12512602170311149     
  -3.6164227948207929E-002  0.99748576877576900        6.0944972776685424E-002
 -0.78505237205102141       0.61781033440714805        4.4756718342816852E-002
 -0.88427097135619070       0.39134848956346063      -0.25477678256305747     
 -0.93210437653664135       0.28404123936672043      -0.22472651285577233     
 -0.86004439277813549      -0.34502157355457430       0.37587731540069613     
 -0.74274191981956883      -0.49876771563684363       0.44672721696936857     
 -0.93302919989745192      -0.29223057375359929       0.20989950905699131     
 -0.38715906235241221      -0.84590110737372926       0.36682308676294828     
 -0.33989555293803181      -0.90788337649328510       0.24539516657853605     
 -0.68584586349408616      -0.72012707160860268      -0.10503548097911508     
 -0.98420971970664040       -8.4560703787168012E-002  0.15550149520185422     
 -0.82495682478217791      -0.37857989398749753      -0.41967070557016162     
 -0.91052955200583430      -0.36714507716147893      -0.19010635770585332     
 -0.88236923545594093      -0.30413397666728420      -0.35906413989350744     
 -0.53641155036249477      -0.83042322953332637       0.15053208458385953     
 -0.12095646483204034      -0.98013175283928744       0.15719822101913911     
  0.27879482224091678      -0.93342712445459042      -0.22580356601290957     
 -0.22951693693574549      -0.92878328291985868      -0.29100444846822437     
 -0.12552847421175545      -0.98721898918572570       -9.8189966662690892E-002
  0.15103257138418147      -0.94389278913601826      -0.29369297744099121     
  -8.0984473233514917E-002 -0.43606605510121632      -0.89626330432723567     
 -0.32408754754924596      -0.79022263122361691      -0.52011100221541062     
 -0.70983408774882861      -0.62438372055076596      -0.32600695909908428     
 -0.79744522572100973       0.29481207203967336      -0.52646647961142368     
 -0.92862791571167824       0.36900800859131755        3.8513423068932129E-002
 -0.99125458748414719        6.0328792427338955E-002  0.11736600698646123     
 -0.91386578228067361      -0.40595622275338789       -6.9912219536610136E-003
 -0.90218279899546161      -0.42823270282114634        5.1797195206245192E-002
 -0.73688393055053258      -0.64841254643311486       0.19121517336378241     
 -0.80517908613910261      -0.37071981721775116      -0.46287520603974802     
 -0.14062324235871596      -0.77994418469088955       0.60984602357926798     
 -0.56125443708009215       -3.5831836423875843E-002  0.82686730274962250     
 -0.92241310817290645      -0.30978920945191069       0.23061809030963867     
 -0.59894845244614148       0.50223037762660216       0.62371900652575851     
 -0.33151783309882665       0.39194404300547520       0.85818167860311056     
 -0.76773863593883296      -0.20043103833663109       0.60860889391964301     
 -0.43761224416774086        7.8289572486716474E-002  0.89574899754024584     
 -0.86007342765762385      -0.23215446007046203       0.45428846089984143     
 -0.87222661144608948       0.33935590523902354       0.35221911910727399     
 -0.88191178770490397       0.45048312400317114       0.13891203581951117     
 -0.71751941941460062      -0.42571153016202479       0.55130352424965379     
 -0.83121145058047430      -0.46680451444117577       0.30196203357588269     
 -0.83071051087868919      -0.46711902007977579       0.30285288209856553     
 -0.60833548928577796      -0.78899178515746260        8.6138814883245957E-002
 -0.78458803892343931      -0.60598953013966772      -0.13114228356800273     
 -0.58890609412154438       0.22038386299282281       0.77757351114792361     
 -0.25523228725814728       0.40955568125879432       0.87585422502243160     
  -5.7500989560390434E-003  0.56185943154321805       0.82721273899038350     
   2.7087248656938609E-002  0.28874516197203082       0.95702273348023559     
  0.44185770925885620       0.63689977441390644       0.63175979780297153     
  0.85769525444081185       0.40619349755545647       0.31522324319977735     
  0.36117433282388317       0.93249831135116668       -2.5230809267112742E-005
  0.12323396572603022       0.51103887312563756       0.85067776498857883     
  0.28405432141159920       0.61731516670882647       0.73364509637747555     
  -3.4322424522647117E-002  0.91635033455667025       0.39890354163987413     
 -0.47408930250897879       0.38761326517934086       0.79056643610997390     
