  0.37127456407622456      -0.92768469231541673        3.9450091428564447E-002
 -0.44994124320081563      -0.61688178980792374      -0.64576290933305924     
 -0.50489335851175765      -0.86182662315963887       -4.8348403737909412E-002
 -0.83041714459797900      -0.52987692746572634       0.17215634666553103     
 -0.84844728697606597      -0.22057632241954525      -0.48112710089002891     
 -0.74312767543058200       -7.4053520048244392E-002 -0.66503934784163843     
 -0.64827870855380487      -0.15542064670405809      -0.74537181232853567     
 -0.25170873697854573      -0.39350066189493571      -0.88419451526057347     
  0.49557912196768888      -0.82738127318900800      -0.26427554303398976     
  0.41619022848634230      -0.84764281186943091       0.32907044412801534     
  0.57275293207329381      -0.64906360126921747       0.50067007131333707     
  0.51059530220600624      -0.10406937240849018       0.85349985535541606     
   9.2797779296890398E-002  0.27793831655766832       0.95610609471263885     
  -6.8192779513858257E-002  0.22985776910247122       0.97083219497781337     
  -8.3491358504955510E-002  0.41244966570131747       0.90714633125967892     
 -0.13109676074918319       0.51698786500255645       0.84589431181513963     
 -0.38060529267358534       0.39827605049667891       0.83457522057012001     
 -0.55330751075145279       0.29182343057447202       0.78018580089219325     
  0.19201493947602891       0.26175497323696328       0.94584068267533783     
  0.11485403918164602       0.50063547104336115       0.85800505523969317     
  0.62058918951919895       0.74454639186892635       0.24600757753958161     
  0.65263114228224339       0.68665975976710669      -0.32026702365363413     
  0.82074300261148370       0.54835473388118494      -0.16027479369618203     
  0.96707990771857388       0.22629503889062802       0.11639161250081857     
  0.95845469734639233      -0.25416196994264151       0.12948469473071911     
  0.96860187884107574      -0.24473553500054535        4.3759778491150036E-002
  0.99013180612403817       0.11230000632122257       -8.3831468327005235E-002
  0.89522034091956082       0.15788060313946023      -0.41671843774449391     
  0.22894279300595027      -0.46758034321288200      -0.85378792458758945     
  0.77223751542148666      -0.60941931022089890      -0.17960324079916640     
  0.71474160359312600      -0.49168371985956122       0.49738472002892387     
  0.59443230267773750      -0.73181298188471355       0.33331666186717029     
  0.67548028868241849      -0.43012608471316610       0.59893065612882623     
  0.41968314406529483      -0.90597987405518410       -5.5376225895740969E-002
  0.46781122260736685      -0.86045363692395205      -0.20192126858496454     
  0.36300051849405224      -0.88425178057828624       0.29381867217246704     
  0.46870909311959247      -0.87448243578186124       0.12486895345144476     
  0.70299528676492007      -0.70790603646457040       -6.8313031870771368E-002
  0.97781179316435130      -0.20830933220572875       -2.2165722744045224E-002
  0.58693335094503496        4.2906694193157527E-002  0.80849753069623409     
  0.73958745358112732      -0.33845545075113531       0.58177169608212675     
  0.71416679113536086       0.12022444784668271       0.68957369191363205     
  0.40783870486850715      -0.51209412226161655       0.75592803940344111     
  0.40214948257413818      -0.73199177564885376       0.54996712087892252     
  0.47305057217519703      -0.73570101526466491       0.48473412537523697     
  0.43190434346550238      -0.74369737075303421       0.51026743853656853     
  0.33608898504081913      -0.94111774692252348        3.6627592900820273E-002
  -8.8189267787957354E-002 -0.97467808390625676       0.20548792129913859     
  0.43160409146446510      -0.85974129281782852       0.27306193007273494     
  -1.5461227917663359E-002 -0.62119576596023207       0.78350288498788911     
 -0.20697320517975093      -0.37814560723214607       0.90231258002349379     
  0.14565746614061278      -0.51534720661627964       0.84451237953643021     
  0.50689345224986992      -0.29920508349382763       0.80841533018468714     
  0.68304646757659704      -0.66634539664818782       0.29905072395314547     
  0.88301544198602533      -0.26866199640667499       0.38484342387646292     
  0.65605374628366442      -0.70318993130823093       0.27407554158275815     
  0.43418842486807968      -0.83649467662785615      -0.33430086401901210     
  -6.2664271723921347E-002 -0.87152725383359364      -0.48632646943653379     
 -0.58936364813016129      -0.72867356247996107      -0.34883424373970806     
 -0.72891225832674189      -0.45543988689205667       0.51113738768431194     
 -0.43279616620466560      -0.51335401255403856       0.74105002281440369     
 -0.67909906675800769      -0.43846882803277726       0.58870157496981201     
 -0.67335258075780358      -0.58143651136645746       0.45664853578746128     
 -0.93477883869905321       0.11008743863343970       0.33774143745714125     
 -0.56035919627978892      -0.50119429743079913       0.65939506167968520     
 -0.84451131739466090      -0.53206208022615742        6.0914510403868263E-002
 -0.58203253009421863      -0.76248144843634058      -0.28259542583442698     
 -0.78703558972114640      -0.55290393401378002      -0.27362788648896325     
 -0.60823311065977470      -0.67205164799851835      -0.42237313541422505     
  -6.6963830963065296E-002 -0.59037615766440932      -0.80434559599977007     
   1.7449187153213537E-002 -0.46637207285649912      -0.88441653960521194     
   8.7216408071241258E-002 -0.67265288998180284      -0.73480023663730931     
  0.36718004851740887      -0.44626409540990292      -0.81610487629886219     
  0.84885327849054859      -0.37844759185533461      -0.36908743112547970     
  0.42365208986450409      -0.60367971658839681      -0.67534413933431203     
  0.12243741311082343      -0.91848253488792075      -0.37603046814944097     
 -0.34001308790972840      -0.91374737093178127       0.22238894344227553     
 -0.76321581845125996      -0.57022567057041673       0.30388204798630691     
 -0.31061440052974787      -0.62670502589595034       0.71467440467693288     
  0.25421408354924147        2.3928705526979035E-002  0.96685191046875607     
  0.67644288880644587      -0.44395661968523120       0.58764575895763416     
  0.48845658824974858      -0.34658129144444838       0.80080682428170735     
   5.3838960748032114E-002 -0.48278050458012267       0.87408486470303515     
  0.36922029342028839      -0.59820764654981451       0.71121303878374953     
   1.3901200832790811E-002 -0.54201863919358917       0.84025148103538183     
  0.32796884293593126      -0.12154144987710162       0.93683729325057230     
  0.40184676043883572       0.21174132834345671       0.89088988713320616     
 -0.40286462996741024       0.57465813456061177       0.71236796552381010     
 -0.43317493747711378       0.66129621602886057       0.61241063691581810     
 -0.16179923621672693       0.60866483869253019       0.77675486564238694     
   2.9281784319361241E-002  0.56019607365154345       0.82784233775065375     
  0.62841052597823865       0.65090602058225167       0.42593610226131645     
  0.31825123767592589       0.75330951004488711       0.57553534365296133     
 -0.23673072740162257       0.83536527785459558       0.49610826969406024     
 -0.77801721899377874       0.44221350694760891       0.44624704057541931     
 -0.32057908298906268       -8.5342030700111399E-003  0.94718330798631234     
 -0.92762613086742873      -0.35272024553611120       0.12287469113267835     
 -0.53512503269492429      -0.42871225571138039       0.72790590132666066     
 -0.69513395632269015      -0.61728314911267068       0.36844307102825580     
 -0.31452827830955804      -0.80490933512509588       0.50318279419329714     
 -0.29859309541147350      -0.95046520839420967       -8.6360008133473956E-002
 -0.85487179832547455      -0.49076936462992105       0.16834381238557686     
 -0.45230254276576137      -0.44706511880753608       0.77172222292302728     
 -0.18273681679630258      -0.46520352107108054       0.86613679044956526     
  0.10812096607739860      -0.70245282084896843       0.70346989358172107     
  0.57307437010130080      -0.66135148739606553       0.48394212097322303     
  0.45779954628437458      -0.21649780922164166       0.86229245272359190     
  0.95808869956947218       0.17723807621556387       0.22506156512543601     
  0.84084408123563592       0.40168920694916266       0.36280437162688189     
  0.65141630720795718       0.74502852867980551       0.14348967264860202     
  0.93859784075065034       0.29137570189391188      -0.18475468514785107     
  0.71058141036678624      -0.20511382780002502      -0.67305451256670767     
  0.72173808995929578       0.15643232961865630      -0.67425741060222433     
  0.62879604903477571      -0.33043438796387181      -0.70386692205927215     
   5.1132785573420964E-002 -0.68276043910525175      -0.72885089080846666     
 -0.26724865753805466       0.19619611690713856      -0.94344328857364557     
 -0.29456725994350863       -4.7960420255495739E-002 -0.95442649138544033     
  -6.5329173828620551E-002 -0.16230389573749801      -0.98457581956663531     
 -0.16519460684836018      -0.26281374960462039      -0.95059963964174632     
 -0.46524218796110528      -0.16452255359166493      -0.86975975757727753     
 -0.42811907796211757      -0.87568347610417085      -0.22336630176228517     
 -0.54535416268029746      -0.75302111992095666      -0.36816848072622999     
 -0.76350650728072278      -0.51912250794092085      -0.38414793386027168     
 -0.78510548068390240      -0.36363850434228223      -0.50137453301879442     
 -0.63677811850853516      -0.73206453237552127      -0.24206434728500947     
 -0.72817773099594152      -0.64057861769430768       0.24375443920971271     
 -0.34506888066994051      -0.87000504079069008       0.35216288360929099     
 -0.79407120713200041       -2.4281086416030676E-002  0.60733956469706074     
 -0.70141260725564492       0.31898006052257588       0.63739475631026266     
 -0.34558608584370454      -0.35004050046031226       0.87065602008411691     
  0.27014364370588573      -0.52948164512652318       0.80415893904096802     
  0.33770881554422849      -0.49446633181186939       0.80090935979563527     
  0.39414388507959003      -0.74009136172526535       0.54489941654776253     
 -0.33334818025440072      -0.93292317708999750       0.13613719686203618     
  0.69646968778449003      -0.62547777745086863       0.35172080392350025     
  0.95815523399034241      -0.26977531677699640       -9.5706980073927320E-002
  0.59404030831716836       0.78764610715527483      -0.16349226886187548     
  0.56334005028426137       0.78009964318079683       0.27219943874848052     
  0.52941871138422791       0.61344448212182079       0.58600485952814285     
  0.82250783235446190      -0.10089340262868085       0.55973331776982271     
  0.77575078893442095      -0.34643527682496145       0.52744034017022812     
  0.74485554532660236       0.22767102245520959       0.62718109197455396     
  0.89009010255633780       0.36629165614791459       0.27123796188533389     
  0.29827364130113965       0.63394005706821110       0.71354946496323057     
  0.75407941498071562       0.43948369007320176       0.48807614371326169     
  0.39574157719930336       0.77939145534417076       0.48573404596787922     
 -0.20098972734458431       0.95522756524789965       0.21712537413329336     
  0.15950026360534225       0.74899813297700846       0.64308744561438591     
 -0.43824981866125412       0.64974669771154259       0.62110089780674171     
 -0.95678448732552812       0.27163135119990828       0.10382607504180047     
 -0.93690314602048186       0.14122005813367769       0.31979585700512758     
 -0.85222136424497741        9.5577720888766204E-002 -0.51437694893350228     
 -0.87945031172089949       0.30031956083264949      -0.36929027958410132     
 -0.98042758047214418       -8.8439292797972538E-002  0.17589841084835292     
 -0.89574479282839170       -8.8944785139874818E-002  0.43558017782867503     
 -0.58308550363831291       0.44186842386640374       0.68173571964267032     
 -0.15821939778398961       0.34464956973872435       0.92530173254123860     
 -0.43149088925766244       0.13701366996224174       0.89165176315147321     
 -0.29259144700493811       0.86041453281900093       0.41722545086971136     
  0.63637945879119218       0.77043465294281810        3.8100262119314110E-002
  0.81532675169345992       0.57889827461839216        1.0912177458656691E-002
  0.24263099868783156       0.93916543531570462      -0.24310179675200472     
 -0.20612223277350045       0.84830135836795573      -0.48774832705769444     
 -0.64561732968398700       0.62924276725217998      -0.43270290439581710     
  -7.2786934705557249E-002  0.99521049801815864        6.5254323769683334E-002
  -5.1723176798624287E-002  0.89696668614613329      -0.43906204222849687     
 -0.21475618608483885       0.84768967333076395      -0.48507937316147948     
  -6.2446553505418084E-002  0.93593699082616300       0.34658675271649608     
  0.30407287731428745       0.95039234299677033       -6.5529227486317815E-002
  0.16030529329307827       0.94281975370882065       0.29222102073381506     
  -8.8526357738569206E-002  0.90694898650823641       0.41183324277830113     
 -0.14127606732151668       0.97371991793426638      -0.17863536665586272     
 -0.16500251504733399       0.85943773259548339       0.48388113604397132     
   7.3106578620021734E-002  0.97980831344542507       0.18609432303485288     
 -0.13244498247932643       0.95706745390115822       0.25783757542154156     
  0.70778646767354347       0.69893799834349524      -0.10258650325372458     
  0.45516767320417656       0.88320787139798052      -0.11298780983205001     
  0.51389357262124813       0.26429775563378533      -0.81612504702745992     
   2.0137341809313439E-002 -0.39210307560234314      -0.91970085656592782     
  0.51990461767951168      -0.39461005832125140      -0.75761605737155635     
  0.65151184120175643      -0.63503904659014565      -0.41503943195774218     
  0.68455598650768246      -0.70524302052695231      -0.18443259835126241     
  0.52698728288567376      -0.77422473285788307      -0.35051457417337140     
  0.49468402217727242      -0.64852534183125388      -0.57853487293784167     
  0.84307555899859177      -0.50147784927503902      -0.19427704060372319     
  0.79367765724854389       0.27176946930706852      -0.54425833198679985     
  0.71705851388617414       0.19091563535024506      -0.67035685111900734     
  0.23467959553864862       0.40960103715371921      -0.88156252064185880     
 -0.29055642331117831       0.24115591250418195      -0.92597018890293858     
   2.8189255772377724E-002 -0.35595458652783402      -0.93407799363267374     
  0.47060257528890076      -0.40675272558627590      -0.78299772436426274     
  0.80168421164691916      -0.35543438157606638      -0.48059216097408974     
  0.16547224682597181      -0.59157426694544080      -0.78908733497526307     
  0.56108731852571536      -0.12716675318365769      -0.81793009351311274     
  0.51911323083288052       -9.5141333595962066E-002 -0.84939365444759551     
  0.46327531132782190      -0.46617758459324948      -0.75369386725451426     
  0.56146597837085999      -0.19161796510031354      -0.80500839162267135     
  -3.8494806480491757E-003 -0.38718970672889924      -0.92199203494498549     
  -3.1645181705560674E-002 -0.70190971467851748      -0.71156260084043910     
 -0.18985908644242289       -6.4175453693482348E-002 -0.97971171190230877     
