  0.81116663600334715      -0.47956694652637144      -0.33470021277921419     
  0.46750318552767883      -0.88396599169521550        6.7005259336622731E-003
  0.61514620371329842      -0.78742594197063376        3.9440258224384024E-002
  0.46649745248022551      -0.57284295863280921       0.67396666948319617     
  -8.9622497606633836E-002 -0.52296173373212484       0.84763130721715219     
  -7.9987232111749292E-003 -0.68343570887381344       0.72996688436063106     
 -0.24600282926188041      -0.69655755312468082       0.67401052156485852     
 -0.42713035068948296      -0.71630084162225349       0.55179051080196628     
 -0.88492910430614291      -0.30302831484111703      -0.35365848039673098     
   2.8926695214129454E-003 -0.45281323644858451      -0.89160069838467459     
  -9.9375510286874302E-002  -9.6864232786468107E-002 -0.99032410268655857     
  -4.3308531658387939E-002  -4.8495597912884089E-002 -0.99788403538122705     
  0.59778397358209945       -8.1307092206468159E-002 -0.79752333990004509     
  0.62974225620397928      -0.48445897677456762      -0.60722663855737735     
  0.66566486046801343      -0.40744305995970193       0.62520432374448864     
  0.84027932176372988        8.0326757185205322E-002  0.53617000428635897     
  0.76918301229691532      -0.31793074895947626       0.55432619680108652     
  0.42979495495798659       0.12882898728632575       0.89368864193714381     
  0.83506130812758594      -0.19566579678422455       0.51418625772871140     
  0.75801748718383810       0.40641286196956783       0.51013534944093097     
  0.61896549277721968       0.75810911623997190      -0.20531022045901029     
  0.37267449002058084       0.87786486124352048      -0.30077734270020978     
  0.66042398683331827       0.73257791013835216       0.16483253074704760     
  0.60939504842605163       0.79272068339985313       -1.5218182016747725E-002
  0.51484125867399255       0.71055918008465579      -0.47962915879291113     
  0.31064542553693536       0.59048005827780237      -0.74487094208948712     
 -0.23886977851256663       0.93200281952915376       0.27260222541850820     
   5.1655089849800022E-003  0.95813535054532339       0.28626904749263549     
 -0.68458156677383142       0.62403895935251874      -0.37672729612245764     
 -0.12149851038682744       0.83037625735316367       0.54379535047475802     
  0.61904217180531007       0.66410092788550767       0.41923352335928032     
  0.48137261173222284       0.68681060285703233       0.54458388194775598     
  0.82323251567097000       0.42346580412281387       0.37810704553173335     
  0.39986855042553321       0.82501615187131183       0.39931628007391712     
  0.29558219508500827       0.95490440185862457        2.8084680161415215E-002
  0.61012895814060375       0.78819433153775664       -8.0575121284584980E-002
  0.52313711794401163       0.84175702790045381       0.13331414707171235     
  0.41940141564591737       0.86196533424619426       0.28481259647722201     
  0.22356157621747377       0.97319828309173895       -5.3901052183554732E-002
  0.14909289772389872       0.70148788851501154       0.69691179507531953     
  0.32022696234209114       0.67358648797039122       0.66613507324935173     
  0.26200429069655712       0.78183245818728064       0.56576652338349320     
  0.66079367182798299       0.61247434809637191       0.43385123740294718     
  0.54150012714445039       0.51067336655944384       0.66782507065058161     
  0.71717878853162653       0.57749658457036390       0.39006701999773441     
  0.94563339923087542       0.25466047301579608      -0.20230056288217338     
  0.97223098203147007      -0.23402298951325126       -3.9743855855547960E-004
  0.81449101521973899      -0.14619463850585876       0.56145481901792638     
  0.93923033609418949       0.14385244802340683       0.31169351767089476     
  0.64837994924922748       0.13632498732054027       0.74901197536729347     
  0.43298893604796840       0.16489154163955366       0.88618923529671978     
  0.45320405088369459       0.44719918711937068       0.77111540984626581     
  0.79793567819035016       0.60272335454437076        4.8178166886649332E-003
  0.93300822939310513       0.35889388748269480       -2.6283481738527070E-002
  0.93164665471827124       0.34699928273602976       0.10782397012209527     
  0.89336439410874435      -0.39037414335109638      -0.22250412926864660     
  0.48937367887191224      -0.78588308867653012      -0.37802271540164323     
  0.32632904704025933      -0.94485343490668061       -2.7592383058782949E-002
  0.40850552453876121      -0.63528009174713662       0.65539487444672817     
  0.63727615060422405       -5.8318176647459141E-002  0.76842572714841229     
  0.69602710910073173       0.13037842570171632       0.70607912411318208     
  0.70892613277103378      -0.13480963666004511       0.69227891787766616     
  0.65498679408732707       -7.7639720882755656E-002  0.75164112002503125     
  -2.5307610454926410E-002   2.0363667185784640E-002  0.99947228371368579     
  0.63030336856455693       0.17032276544136488       0.75743502635448823     
  0.81362197101812517       -1.4492794988386251E-002  0.58121359857629618     
  0.76096804596090084      -0.45275166097522063       0.46469728481090944     
  0.80160952795845097      -0.29820808614471028       0.51816416514864128     
  0.75931449519633243      -0.52315275937917172       0.38697892415315677     
  0.48602081103060935      -0.78710655894860859       0.37979867838803627     
  0.54831775277522365      -0.72334403781504830       0.41966777925996435     
  0.31035546810133130      -0.84230250531420803       0.44068806764080076     
  0.41826626259130040      -0.66204477386331173       0.62189231461583028     
   3.2599493449272404E-002 -0.72689997161846187       0.68596917152886605     
  0.30160865897828365      -0.29176243993234796       0.90769317253907944     
  0.69211348443255971      -0.35767557066437305       0.62693469421992898     
  0.86506332430899568       0.50072521841538631       -3.0654536016126555E-002
  0.64340076250294320       0.75625515492309059      -0.11880067113846311     
  0.76297458243480598       0.25027081580540550      -0.59601535660967875     
  0.33566007486433658      -0.30925985710079112      -0.88977000113969507     
  0.67705916693306467      -0.68702887616744135      -0.26378439639988327     
  0.69760163690865451      -0.58094942457927679      -0.41934439576965299     
  0.68218728115666438      -0.56815712298644228      -0.46023689229334619     
  0.81414483250051140      -0.57602060987531223       -7.3269698454672669E-002
  0.82916272780295253      -0.37843490532966961      -0.41143188166512967     
  0.71634629264587890        4.8447493123108601E-002 -0.69606093800946423     
  0.94664330896027249       0.12712839294857514      -0.29614999123267938     
  0.15225482732865669       0.91427055945020363       0.37540353178643471     
  0.24501553572174015       0.96589021317181734        8.3806225030836290E-002
  0.77310793711767634       0.63396741547592694        1.9734074097060822E-002
  0.94597287362122173       0.32210589168536696       -3.7190279837367696E-002
  0.80569218416749622      -0.40629327014007510      -0.43102886563468834     
  0.83748824264537314      -0.25041897886649073      -0.48569926750437659     
  0.97641743630628308        5.2674766164166303E-002 -0.20936656630569728     
  0.38741091154412494       0.88050109881163052      -0.27318601832469858     
  0.62040648122647624       0.58526590833982006       0.52207242274170251     
  0.17763157127510504       0.93410435401697245       0.30967092322812789     
 -0.16444833521062605       0.28348935755361182       0.94477009330331896     
  0.18050298670382692       0.46645251096080387       0.86593344248238036     
  -8.5009512595481840E-002  -4.3509414933617707E-002  0.99542971302874383     
 -0.66438705424868216      -0.11256798906174156       0.73886283570458433     
 -0.17984348145543089       0.35814354676509186       0.91618203545393451     
 -0.35725624856344251      -0.11972298966403268       0.92630145126104302     
 -0.55838291338619062        1.7332289445022422E-002  0.82940226294663610     
 -0.47438906447911444      -0.48248505415182047       0.73631731476504636     
 -0.46835599726822413        6.5645893861533466E-002  0.88109776781130467     
 -0.17255394430158666      -0.62402669653632259       0.76211273333802199     
 -0.69584497105159249      -0.65264727222621144       0.29975208809602583     
 -0.57829901821317575      -0.81464618445983383       -4.3838791939803279E-002
 -0.59444930293156606      -0.80289224234209566       -4.4655049335037444E-002
 -0.93949654289288975      -0.33614626806766451        6.5969177321913874E-002
 -0.55521523356919655      -0.47165778456739949       0.68503647980944593     
 -0.84665306821040287       0.14706106979529759       0.51142118047711460     
 -0.81043896374293178      -0.30819145636574441       0.49820348480359528     
 -0.73676297372232602      -0.60195155321120952       0.30795234718774428     
 -0.95139655333812811      -0.25895080196786363      -0.16670057125434132     
 -0.66549546893169143      -0.20524906951885219      -0.71762706212424232     
 -0.92571574641359966      -0.34647219139664398      -0.15168182959977758     
 -0.88801100130268684       -2.8493652512824597E-003 -0.45981337810367529     
 -0.62436743196185640       0.57161541104580194      -0.53237311329587733     
 -0.79050890751761549      -0.26596081529288429      -0.55168878170942692     
 -0.84065621512466082      -0.50991656682137576      -0.18243416032472087     
 -0.94669359525278274      -0.31105843668681132       -8.3748944311643092E-002
 -0.93412551178989356      -0.35653988489356209       -1.6995255319187941E-002
 -0.39424547629319090      -0.77674104308146774      -0.49116581356508138     
 -0.16903051440333505      -0.98539311087593295       -2.0714783097733419E-002
 -0.56790576499593748      -0.68556226908877749       0.45550786742519928     
  0.19579346409694590      -0.66075969552670066       0.72461130558694109     
 -0.18954511249624553      -0.49289474865580130       0.84919221444634851     
 -0.14397616045579126      -0.64338959946066010       0.75187810749233441     
 -0.44208720412612645      -0.70242642791423870       0.55781360445552686     
 -0.88596870906891889      -0.42158391084615116       0.19320055037821338     
 -0.58407953731430884      -0.62758863053951741      -0.51476558248227455     
 -0.19971818667891741      -0.32022671650569623      -0.92604940254056367     
 -0.34572113339416494      -0.81604566316743243      -0.46319150850418167     
 -0.43029814593271409      -0.89325493985663740      -0.13015036699398186     
  0.39513538283547561      -0.80855668146025039       0.43600931423246492     
  -9.5247976527272321E-002 -0.62367459096145561       0.77585941223690147     
 -0.19454922640710109      -0.24450501832666144       0.94993046825413507     
 -0.78386796398716119      -0.48154186460208515       0.39200567300769262     
 -0.61587241200994836      -0.65654483662208107       0.43548828874033435     
 -0.72889108226789556      -0.43599126305930441       0.52785358644824298     
 -0.52733912497403979      -0.59532567549641546       0.60621843205761605     
 -0.61746912706895896      -0.42597787045382429       0.66126751848274212     
 -0.16959922496376492      -0.39014198448776849       0.90500018498984947     
  0.21424966616130603      -0.14519644577700863       0.96592705350016983     
  0.34133868667103590       0.11554772797463900       0.93281114033956125     
  0.21701171511861800       0.60538049108096226       0.76578089328469356     
  -3.6993019004238931E-002  0.83746281374770415       0.54524082031222265     
  -7.2057394931271862E-002  0.98296438343149584      -0.16908208876430855     
  0.22658202295747376       0.84379513660315031      -0.48648777406772731     
  0.23472212610178797       0.94842330895043669       0.21306982554496254     
 -0.26687433691516671       0.75332828539882468       0.60106121378288868     
 -0.60426813412956459       0.77475426586364393      -0.18605335149279351     
 -0.32223242938984548       0.90824721850995149      -0.26693304688343067     
 -0.76170753753862275       0.40937873018066440      -0.50220581690432708     
 -0.39865034139427508       0.81862825432728648      -0.41343159836098464     
 -0.56699398100956988       0.58290631526199588      -0.58201207300761104     
 -0.89364464088057016      -0.17115374153540974      -0.41485618301271709     
 -0.19428658472331933      -0.91906449106408605      -0.34288946362014056     
  0.43026647095060888      -0.81282282310148923      -0.39267011882886838     
  0.20433172560744403      -0.97327596666774785       0.10479713076840477     
  0.68672516466355482      -0.69156413423337271       0.22393659026584076     
  0.59889499410222091      -0.70891483008006084       0.37251114041314065     
  0.18290058693656613      -0.83784767710802754      -0.51435264679299886     
 -0.16634448290213077      -0.88283749791541277      -0.43923509113281761     
 -0.31963323008530570      -0.91951732693915844      -0.22874108438135413     
 -0.39745998530150639      -0.91572095385845964       -5.8997413067712307E-002
  0.42173283133264361      -0.54999830796489113      -0.72086287198880139     
 -0.29835049840094358      -0.42526727232684269      -0.85447921401965576     
 -0.79788789753225819      -0.32092486326748337      -0.51027652807900559     
 -0.59426487356524327       -2.8915744104292873E-002 -0.80374942599631016     
  0.16968146522617375       0.14620556920284761      -0.97459331615437605     
  0.18930313872236912       0.16569588682235217      -0.96783738032797051     
 -0.17158744991600727      -0.12171040015075353      -0.97762177017828067     
 -0.19130896900163774       0.12109866773970188      -0.97403079574068363     
 -0.55408526084508836       0.15857857519084165      -0.81721622549039719     
 -0.10039406267441192      -0.39093105565174480      -0.91492838075272209     
  0.23568805204869875      -0.63862982142259561      -0.73253197425866312     
 -0.10753439407020256      -0.77996437974957256      -0.61651595308947149     
 -0.14338394754329781      -0.64268224949715569      -0.75259588742445582     
 -0.54137935165065776      -0.61598212750319381      -0.57225380400922843     
 -0.28452518980300007      -0.77987538777175980      -0.55753008521104785     
  0.30300584985129253      -0.84779197893863367      -0.43524270861582953     
   2.2643419940692529E-002 -0.88767345053218483      -0.45991642801025834     
  0.56841166185506886      -0.57729026697906671      -0.58621167705738420     
  0.81000815502232248       -6.1173035475361431E-002 -0.58321921138461474     
  0.64794156157226213      -0.38301118351875724      -0.65838755006977068     
  0.33897903460760903      -0.58171243979641629      -0.73939424631427131     
  0.84355308485215519      -0.53702355438061744        4.8882590826956895E-003
  0.51487831990558175      -0.81810545090140208      -0.25613236206430923     
  0.41221490204812133      -0.87421368919642517       0.25657221235176386     
  0.29622071770830072      -0.91792938131920687      -0.26392979617950085     
  0.23719897112980290      -0.51363094854617208       0.82457255398815255     
  0.81633261168090265      -0.23789085899306889       0.52631645073452238     
  0.94548685166948987      -0.11672773433494223       0.30402179092508702     
  0.66471274833203131      -0.43824617924506787       0.60505970662573838     
  0.79026994547837648      -0.45345893316304753       0.41212669072543584     
  0.76004677263705889      -0.24546031515526964       0.60172928887326993     
  0.93701252816772351      -0.34924697268826693        5.8373045904949600E-003
