 -0.36543200802455944       0.18741430295490635      -0.91177591904981270     
 -0.41642411396668422       -7.0686086466294790E-002 -0.90641846543810189     
 -0.37363156431902483      -0.15516765912554115      -0.91450667122008988     
  0.20386974274827518      -0.40937428559491690      -0.88929737562044286     
 -0.10470298624352034      -0.95788351963073670      -0.26738819624572574     
  0.38348839079460123      -0.44056580517641875      -0.81168862591208557     
  0.31060206183034955      -0.46608064623664963      -0.82842935147807872     
 -0.52082809474081593      -0.67786794007535112      -0.51887681731468538     
 -0.70768941320228662      -0.70330828547642132       -6.7328671616669486E-002
 -0.75612533228748458       0.31737556170668291      -0.57231742477802316     
 -0.82426736466458161      -0.15782697840021986      -0.54375909779790077     
 -0.12364799989335232       0.48978165041603750      -0.86303250636240247     
  0.46097134647338095       0.21134701547416510      -0.86188041907255197     
  0.50805336817776214       -4.5196920133197691E-002 -0.86013895010848984     
  0.82178093099085925      -0.55968863306361383      -0.10688655424892658     
  0.88956020432706406      -0.32213441806474219      -0.32390131147576218     
  0.91501995833311522      -0.23575976919250374      -0.32734661611570814     
  0.85803645876857326      -0.45148077852555007      -0.24482349161358541     
  0.89630488833173649      -0.44250620114131090        2.8736894476257609E-002
  0.67665383495857412      -0.68393460160340658       0.27271422472153184     
  0.77081670545917413      -0.50030250970901635       0.39438433711793525     
  0.32152374566615816       -2.9323005222046811E-003  0.94689697569823261     
  0.21828943196850772      -0.32095705776610117       0.92159442867291808     
  0.42837270535771549      -0.14037295026359267       0.89263220877292260     
  0.39104737680490315       0.23648062389377233       0.88947111454887329     
   7.7072058347060074E-002   5.4089540902404393E-002  0.99555724063821593     
 -0.65070151552357747      -0.52814087131759302       0.54557745347409470     
 -0.43713595295021307      -0.62898755080183277       0.64287387532443063     
 -0.40096308676822251      -0.91586229207331116       -2.0612253820358153E-002
 -0.44985827256997174      -0.84706389950416217       0.28303760307987996     
 -0.21745978518476969      -0.85012558781756686       0.47958078231441048     
 -0.49594148051151804      -0.51285667660880285       0.70072824772935727     
 -0.19738789626804915      -0.43524097083961771       0.87840953757887663     
 -0.56174186919596991      -0.13183080202330563       0.81674152094169328     
 -0.31740420796594804       0.32794306322865741       0.88977970085057256     
 -0.35164818346820648       0.50553074798679964       0.78789733969815900     
 -0.32904474594554706       0.74497558072135328       0.58029383875287188     
   6.0712704116556854E-002  0.74695195368213685       0.66210025407739237     
 -0.11313827176817773       0.27214091374661620       0.95558309660987362     
 -0.64546816209103852       -2.4188618863069930E-002  0.76340406237089298     
 -0.59828376945187367       -2.6049573744112611E-002  0.80086075626057607     
 -0.51181936510036130       0.35780158867569711       0.78103710580831764     
 -0.47049698216092384       0.21813391889709438       0.85501472689311897     
 -0.31852308376196103       0.51856178016269305       0.79349651874809135     
   2.3134958533290527E-002  0.23872855022147740       0.97081071945197450     
  0.30647912099617758       0.29042444500625703       0.90649003863045174     
  0.54943889491654518       -9.1734131131040120E-002  0.83048284144738882     
  0.26794358934107693      -0.27421644818435142       0.92358625611048395     
  0.22308598843724034      -0.12010230074873501       0.96737173781221897     
  -8.6581820601757009E-002   5.7379051343094664E-002  0.99459098769707799     
 -0.32037389987311604       0.27979865839962992       0.90502667089863875     
 -0.16916118026918975       0.82800234544505535       0.53459948655738410     
  0.37363643692195342       0.53233709656662409       0.75961373646298036     
  0.58961761187958373       0.40826610734314756       0.69690017746897848     
  0.27650146711485046       0.38599778672479257       0.88008672716207847     
  0.89433627711149732       0.22585416642938749       0.38620269153493525     
  0.89840416859988470      -0.24801828930932940       0.36243189430630657     
  0.46784603150718956      -0.58873201845893719       0.65917729120796165     
 -0.55769528390209844      -0.43138318831114841       0.70914350815321947     
 -0.36558605231444846       0.10789938041179026       0.92450233210083677     
  0.29068683336088058        9.8365431328088851E-002  0.95174860484809187     
  0.13931573992401822       0.26853551033497897       0.95314206931524215     
 -0.10228687241382770       0.54460067880654039       0.83243467994509357     
  0.37132191585418062       0.75515584215954490       0.54024039913610977     
  0.74579838664257037       0.25155655438699537       0.61685011666233591     
  0.34101833288489869       0.20376225256285618       0.91770771004003493     
  0.43874686632096349      -0.25881177058259452       0.86053335478727755     
  0.43156277449914332      -0.17391019274671837       0.88516033379578229     
  0.21735495571768648      -0.79987128112340500       0.55943074357690648     
  0.35015045212448720      -0.67290626884593874       0.65160710111610431     
  0.58425790912924691      -0.79479817073720815       0.16412971520341968     
  0.30216251259481663      -0.95065714535776025        7.0347764446325220E-002
  0.21830437275426334      -0.77246980321830494      -0.59635023597907932     
  0.41063176501880544      -0.90037101195970737      -0.14392218168257040     
  0.25702078212240664      -0.80905913897658766      -0.52854860438342843     
  0.33228402628717540      -0.11355074464108815      -0.93631915192734638     
 -0.41916577781697634      -0.11543178199569772      -0.90054181158479474     
 -0.34685965741136410       0.37180556416517108      -0.86107432926336880     
 -0.67097491605619619      -0.23076182174942575      -0.70465711069023151     
 -0.76388440076059272      -0.25529093727718000      -0.59271170025471631     
 -0.30252778628689309       0.68189387019520487      -0.66595622101952601     
  -5.9161730016988753E-002  -8.3133271143087495E-002 -0.99478075420189604     
  -3.0975885810140807E-002  0.30414913208869504      -0.95212068560028795     
  0.24928281668432831      -0.23367962361074920      -0.93981482793958804     
  0.54781692540540139       0.61307547871812895      -0.56924078704352610     
  -5.2058807287662295E-002  0.95470275403422267      -0.29297189630284570     
 -0.11421453273052223       0.80195399469520645      -0.58636578251601035     
  0.62588759277036443       0.70244737330623097       0.33886930954468353     
  0.54191987657808804       0.79797673605076247       0.26373466986991945     
  0.69029664102637278       0.66402874638605214      -0.28732624551321695     
  0.23332663168274448       0.60682839432328417      -0.75981443970920470     
   1.1098701624421642E-002  0.75253452347450978      -0.65845926966007662     
 -0.13902838204980233       0.96270844387631715      -0.23208524527404259     
  0.33600602671926638       0.92726674112905338      -0.16515550491660425     
   2.1614754671720346E-002  0.67948364249299087       0.73337219879470494     
  0.74755361104266427       0.66420126958129588       -5.2163561401322861E-004
  0.66176736403472192       0.46639154052346304       0.58697775667121899     
  0.93956211516792698       -2.9129080397951011E-002 -0.34113711087539600     
  0.70230245218301368       0.58935640510652265      -0.39928723172382197     
  0.69324807539837741       0.50473678619306539      -0.51443938673085565     
  0.97558442463095452        1.8533399896089479E-002 -0.21884136607562907     
  0.68776307900980360       0.64377594591366338      -0.33546159037052881     
  0.96100083163655270        6.9767616182874165E-002 -0.26760022669282452     
  0.83943185353057304       0.50452522062500293       0.20201105175602713     
  0.60325824965758490       0.69494613130279947       0.39131746550263286     
  0.45210944150234067       0.42967031890971741       0.78165239713860224     
  0.88381433001090237      -0.33660028232514400       0.32491918996272978     
  0.85222492162443997      -0.25601388720357598       0.45625603833940231     
  0.79516083906943369       0.39354104645308741      -0.46135093450326359     
  0.42112268548915299        4.1052851625042089E-002 -0.90607413997968000     
  0.58181660333147533       -9.5780867358595922E-002 -0.80766048902735232     
  0.45871696841175502      -0.49896464838729609      -0.73526391353779452     
  0.52860371999892897       0.33074214924910755      -0.78178496910173711     
  0.84983814555378545      -0.40233631628521005      -0.34044179379117312     
  0.41634590896846158      -0.45086401167308321      -0.78954273289244614     
  0.61446996582835633       0.16414070460617675      -0.77167641546588650     
  0.80846779295981186       0.48881556699013690      -0.32777914701036776     
  0.76324448083837360       0.12829601429482168      -0.63324402499024157     
  0.65209680167647233       0.42050321602320523      -0.63083025177737251     
  0.57688900470188009      -0.33653462074561635      -0.74427382413579779     
  0.88576236472620296       0.34773047976596588      -0.30742242383462470     
  0.87099709646639234       0.44226103566523134      -0.21393745412955681     
  0.98101131255688723       -9.5532009173718305E-002 -0.16879111309142339     
  0.56810999947268925       -1.7475510240008485E-002 -0.82276706001212796     
  0.37682726700421881      -0.33591511363247767      -0.86322780728808224     
  0.33178709228321890        7.0582157625189684E-002 -0.94071009584207710     
  0.12910384307106434       0.68387360568617495      -0.71808710415248422     
 -0.33836367574635962       0.94078836010168254       -2.0670859503896744E-002
 -0.85224744510678763       0.50982015655008939       0.11729322352195048     
 -0.80402780381117545       0.57102351543535101      -0.16574509198895079     
 -0.27617915788963199       0.72269060942217078      -0.63359557747861972     
 -0.25800876871512546       0.90486876021478391      -0.33859120197295983     
 -0.32036941503801702       0.84565710967966812      -0.42688112016872737     
  0.25583109159510092       0.93800134433506432      -0.23388871413332163     
  0.14204794262140413       0.97056798873300432      -0.19447406316498803     
 -0.23919079301102028       0.72127475031888255      -0.65003884429415038     
  0.11107839209081491       0.61213751033694175      -0.78291076071862875     
  0.10415465018918990       0.34610959034302835      -0.93239474489972241     
 -0.28345399490657985        1.4245660531750221E-002 -0.95888002061131650     
 -0.53017451621228129       0.65480139198184739      -0.53865584506041642     
 -0.18987465592013153       0.85930618160241834      -0.47491104566974562     
 -0.20513766218120644       0.86206831442603082      -0.46341855899119133     
 -0.14535345843798542       0.96780800180715243      -0.20547516579431696     
 -0.59617654877743786       0.61028336111195247      -0.52165864493720593     
 -0.65876058570814533       0.49366545733600575      -0.56774017556512457     
 -0.35632731961502484       0.33598246222433320      -0.87186388064517883     
 -0.11899539622403765       0.85570429315459884      -0.50359731765992977     
   5.6891878878486568E-002  0.98433174010484115      -0.16689619390479332     
  0.18281839141132250       0.93978981898325864      -0.28874302051687278     
  0.11361268072380661       0.97117071959313417       0.20957001737783970     
   7.1163439658616795E-002  0.99625093854092539        4.9191791106708349E-002
  0.32874995975045918       0.88738921858242781       0.32320866125112119     
   9.3944163453885066E-002  0.99039376743369889       0.10146270044422356     
 -0.19794816765369655       0.68385272116428353      -0.70225492428233338     
  0.47099455214360691       0.88202207092783125        1.4184436796692845E-002
  0.49747513029703277       0.83989677844642174      -0.21700667337964935     
  0.69324991740584019       0.71136419964978592      -0.11560937450502706     
  0.80712699361391416       0.46396508343850151       0.36507864567745330     
  0.50254919308381418       0.86361625247202767       -4.0140714953618151E-002
 -0.43595689690131934       0.53809940380600019       0.72138104748312215     
 -0.98172000713560270      -0.15145815383514713      -0.11526601939238978     
 -0.90445553476204554      -0.42629521719194785        1.5250358606152647E-002
 -0.65292273036589754      -0.75588788468692569        4.8222546128296517E-002
 -0.74164909170547588      -0.33250156757439064       0.58257989351938311     
 -0.95734354343597516       0.26222610798743695      -0.12137054062347846     
 -0.94399825289060202       0.20076755582607617       0.26183904801823055     
 -0.99246924852313356        8.2459663766875191E-002  -9.0582529151265911E-002
 -0.94061278567816398        7.4363697477478313E-002  0.33123651356129530     
 -0.26710002372592900       0.36747347466001828       0.89085398508786784     
  0.27481657726003400       0.50735833616399784       0.81673947350916798     
 -0.48873159745451478        8.4091973808911535E-002  0.86837202027157967     
 -0.32430912065886930      -0.25339043601485789       0.91138185256986959     
  0.47526108807182343      -0.14580882193622391       0.86767890697559835     
  0.25266547908555670       0.59777121961100133       0.76080859924381450     
  0.48839839154391862       0.82893251860399175       0.27264975836814109     
   5.8479419235043711E-002  0.79277738277042886       0.60669941395523885     
 -0.34986331524418568       0.61627855190846925       0.70554688512106956     
  0.33265978083963932       0.83279022031511374       0.44249058652052708     
  0.97962342675924574       0.20078960936848458        4.6340602264416941E-003
  0.86340696994649579       0.34523253646181107       0.36788979330221860     
  0.24132906916316488       0.92775803361286135       0.28464945361560551     
   1.1306954201649289E-002  0.99993308664760083        2.4443842096973922E-003
  0.12776558192522253       0.93858125020967198      -0.32053267045681744     
 -0.52781927211540047       0.80872868039414603      -0.25954717777611486     
 -0.22592919996550911       0.96136460120503864       0.15727078607566700     
 -0.25630014791912725       0.92663067424619561       0.27507422220684563     
  -1.0178289507233235E-002  0.76110888022869250       0.64854427363114830     
 -0.19776196532200152       0.32062773511158332       0.92633042730400039     
 -0.19849703023297158       0.76278882164241657       0.61542842196807812     
  0.10286075495345590       0.61716742830359861       0.78007950269928639     
  0.32132213818859545       0.53237991907656068       0.78314986131261066     
  0.32051385950632966       0.67519541076257272       0.66436588048270429     
  0.67020728501167492       0.56153231573455942       0.48528718662571163     
   3.9421732868705206E-003  -5.3643419024167804E-002  0.99855237362153382     
  0.12632171713760970      -0.20905316799339199       0.96971108931028449     
   2.2025107921836706E-002 -0.34979511190140483       0.93656728231935571     
 -0.26801755755581469      -0.76069132431473385       0.59119818838876348     
 -0.15252666133581394      -0.59342445036928682       0.79030566193449681     
  -7.1008332712870714E-002 -0.41800095200591886       0.90566716889128229     
  0.11980287239796750      -0.83035413184359497       0.54420518878042223     
