 -0.66466077471482166       0.56938674759666941      -0.48376108381808286     
 -0.43792250241637987       0.62706522286811739      -0.64421509462815174     
 -0.26925664494136214       0.84304285217450226      -0.46559597136619890     
 -0.15309862258799925       0.98297602267334938      -0.10158223570559644     
  0.57607736616912397       0.80132761121625873       0.16127283618177524     
 -0.31998139573323781       0.94692724605655998       -3.0670785128159874E-002
 -0.10658290769577645       0.89381098203893572      -0.43559386149684787     
  0.85870930329098172       0.47075653990151617      -0.20250089526083229     
  0.70889348554823828       0.70375841506925796        4.6841427887314269E-002
  0.57085100679866729       0.18993153611392707      -0.79878353740321228     
  0.77719593282889665       0.36458416741250183      -0.51287899826994399     
  0.51836137233259794       0.71246799209153222      -0.47295966838472148     
  0.13216319471354529       0.72766163187892330      -0.67308353081501804     
  0.13906242427117263       0.92925545039995405      -0.34226590548553393     
 -0.32588208041449451       0.92841987262384063       0.17843040599034088     
  -5.9387849318651063E-002  0.80529609723807904       0.58989090442763925     
 -0.13050688363038121       0.83011783717712073       0.54209992595969703     
 -0.10024384026172316       0.81278124539233698       0.57387962119950109     
  0.14008896285472142       0.45717919609544166       0.87827231832947905     
  0.57039022722936528       0.29017361687771964       0.76841021645300978     
  0.40805722181023041       0.11241519718015680       0.90600890016130364     
  0.18547317353471190      -0.31990594975781467       0.92911779942509121     
  -3.4947724395451712E-002 -0.30177944564731524       0.95273701657086285     
  0.13466120081215183      -0.22808464267482029       0.96428406435642799     
 -0.15017001199574193      -0.24960559184136899       0.95663264423639460     
 -0.47066937630029065      -0.57966350712838022       0.66517708673464337     
   9.3369566253965114E-002 -0.98470968096430878       0.14706790374782697     
 -0.15933439891604878      -0.98718609745277419       -8.7268733263337755E-003
 -0.37202703537871706      -0.90758614662297854       0.19463625408800506     
 -0.32364161989375123      -0.81239181460810639       0.48505220485050693     
 -0.11271975368288575      -0.79987382021748243       0.58948802266071143     
 -0.49217803349645101      -0.68555070307056321       0.53645225031037436     
 -0.24933110451146567      -0.27696837685454562       0.92796687362519947     
  -5.6602169698183491E-002   3.5208530521797690E-002  0.99777580335664318     
  -7.6778783213690208E-002  0.65051321691047403       0.75560411133941896     
   7.6700236547402850E-002  0.70623068008201484       0.70381481955446434     
  0.28075294903973808       0.95647541073620868        7.9577448203124040E-002
  0.33926931620014128       0.94048026958211939        1.9829110214130641E-002
  0.67276050851301827       0.73959547142162529       -1.9794868981024644E-002
  0.65055816457325355       0.74720377207448152       0.13586978142622946     
  0.74595678385152664       0.60080665618265472      -0.28736707973001174     
   4.2239891646589381E-002  0.81321313304504750      -0.58043103965653453     
  -9.8040354719814010E-002  0.60179149016650813      -0.79261282553945633     
 -0.30024783237614616       0.67326552775147253      -0.67569576607747339     
 -0.27426181180285925       0.79748944551068623      -0.53739281990524390     
 -0.74207276682540302       0.60030378498201398      -0.29826728696318661     
 -0.68617464959668928       0.11816007657620754      -0.71777611171894773     
 -0.30249518086772087       0.20890493786268033      -0.92997601715764255     
 -0.30792201226480431       0.26272551241594877      -0.91441748642978027     
 -0.30517966894884591       0.34110113458925539      -0.88910932153598876     
 -0.27575602865223575       0.33132374800371089      -0.90232099979482383     
 -0.31241289298560659       0.84651556795098082      -0.43105635073964887     
 -0.73543805932432293       0.27439455298625309      -0.61954700401883112     
 -0.93088662743868744       0.34426567914405565      -0.12219340824819497     
 -0.84611059987057302      -0.17060079964865876       0.50496754345785000     
 -0.55832806856457262       0.43042313772046809       0.70922894072916465     
   1.4269663849737491E-002  0.26095419033002587       0.96524571340298693     
  0.24832362061741228       0.17719857341489434       0.95233189856436273     
  0.91158002003367522       0.18084371709444477       0.36921188640515573     
  0.93120683484515965      -0.27553505128388817       0.23860902382691748     
  0.83936911678751458      -0.27188211614807928       0.47067993445887196     
  0.74321096277007803      -0.45465525808100626       0.49084219573875421     
  0.68355361134411619      -0.50249787607437435       0.52938676311293553     
  0.86414594405763523      -0.34957539451522140       0.36200667247761542     
  0.47920417777498681      -0.76217345520107926      -0.43526426477474550     
  0.39669631855084442      -0.82474484739957299      -0.40302353223609833     
   1.0204509191233807E-002 -0.92889430462326006      -0.37020432038353746     
 -0.54831023971415893      -0.73314762863347394      -0.40230639524343537     
 -0.70918775587280303       -9.7980942952218847E-002 -0.69817795850222075     
 -0.49189121204124997      -0.27240601399667952      -0.82694497946060408     
 -0.18011136285250354      -0.46252860566164666      -0.86811703468837975     
 -0.31286592899641563        4.5874801414553780E-002 -0.94868878620354147     
  0.18002979397800001       0.32105348348468316      -0.92979241447897654     
 -0.49805329005813115      -0.21229237483628538      -0.84075850744949909     
  -8.6294600207178884E-002  0.30065321623870583      -0.94982150193624049     
  0.11332215622639190       0.40154344600980996      -0.90880193104706042     
   5.5878924057022522E-002  0.39564683499239173      -0.91670122057667291     
  0.35891481771543832       0.76594292085258475      -0.53339628384547899     
 -0.41925227784008973       0.82868042687225718      -0.37083187247691829     
 -0.47494783771227955       0.86253605837425706      -0.17451675981604273     
  0.45866971594958500       0.62053597132677651      -0.63604811135660322     
  0.15453647484680672       0.91477123889497369      -0.37324530597519423     
  0.51142029297800695       0.57535038110330372      -0.63829556076676264     
  0.68869020778932089        1.7220284160276073E-002 -0.72485119818386712     
  0.81753318397070629       0.57284226791027304       -5.9086624562170648E-002
  0.51102680604733552       0.83925172011448979      -0.18576370416729393     
  0.77904315645662281       0.59790260887548807      -0.18869083358246669     
  0.72961704206107902      -0.45389234392708089       0.51150827173997515     
  0.69181482088301172      -0.15605521406818101       0.70500994586514043     
  0.90770568431197651       0.19300767150299836       0.37258345294545558     
  0.95600212389486894       0.25454383077489651       0.14583338891672795     
  0.66912104143586038       0.57293528165257546       0.47330982975795582     
  0.70866632522686279       0.62090687662068611       0.33506221818440324     
  0.77418094411949501       0.59242150623126055       0.22289150884891865     
  0.42823369716410431       0.13259152684136322       0.89388779364251036     
  0.83985763627368049      -0.42642211320697926       0.33586207312068361     
  0.82919306186589348      -0.24047726046690956       0.50458849902854763     
  0.73645430189146566      -0.20195234127658790      -0.64563946059587085     
  0.69128923956379884       0.41988816661555267      -0.58805876815124525     
  0.37992925847686981       0.53418922892293474      -0.75517920141911199     
  0.52130393557302379        8.1443059777260365E-003 -0.85333221961688477     
  0.53107660419045377       0.50068339457351330      -0.68357426727450632     
  0.60565900429028463       0.74493063938372195      -0.27974186856724426     
  0.50687907355797812       0.81531729281835541       0.27987732459134612     
  0.91160502748050831      -0.18164573535989853       0.36875615343731721     
  0.98518780490488289       0.15678614379805930       -6.9448500197553581E-002
  0.39565505171224913      -0.85673540012523985       0.33084971547040065     
  0.37168707953274566      -0.60095054674651671       0.70760663879977515     
 -0.22930760828634134      -0.86794472294063862       0.44055644212918260     
 -0.64438123789572777      -0.76385676008924752        3.5995420736352174E-002
 -0.23207118683926817      -0.75911375630724176       0.60818522608179038     
 -0.49282599973264701      -0.82100983436617847       0.28821066229682740     
 -0.15977810406074669      -0.70678618223476031      -0.68914748063443787     
  0.41867703001520329      -0.75702007698139928       0.50162749883227176     
 -0.34882485063382263      -0.39183491329844028       0.85134401055077880     
 -0.21760245478507845      -0.88371637315409746       0.41436040289929510     
 -0.21124094283921310      -0.88249038476922603       0.42022373190754170     
 -0.39641442143856792      -0.85141908627848828       0.34342560474758133     
 -0.98618724831014415      -0.14848927715792479       -7.3386959601980745E-002
 -0.97177287296518222       -8.7732771509219362E-002  0.21899873098342115     
 -0.96074159068583420      -0.25538842036276838      -0.10840825923811692     
 -0.59079955797566042      -0.67376641088682432      -0.44384085645245114     
 -0.85602491727277141      -0.17895575294929808      -0.48497028722849239     
 -0.80198923203598516      -0.29177274688547755      -0.52123117315950673     
 -0.61134734042615269       0.41198504759690535      -0.67566467268195929     
 -0.94229647527459626       0.26985528697068462      -0.19812994922279348     
 -0.95297170130497511       0.27346136411655270      -0.13062855295623291     
 -0.95212406588420839       0.30486102959128053        2.2792889257222199E-002
 -0.96664537040890597      -0.25122682788661460        4.9817756041678651E-002
 -0.46560332036659680      -0.74159709659444339       0.48295682455710032     
  0.13240256918243515      -0.97865617959042051      -0.15716755970443660     
  -8.9320150938484874E-002 -0.95302282558269180       0.28942944659231196     
   2.8658598693962062E-002 -0.99956754198900744       -6.5889090925077276E-003
  -5.6278658943548471E-002 -0.93930129171765020       0.33844614922485883     
  0.24569855328771062      -0.94968828227610558       0.19422766903787259     
  0.15040858442030339      -0.97731595223629852       0.14909992366603719     
 -0.30257043903518865      -0.94743220070579381      -0.10403535210609643     
  0.28332180551341357      -0.86167140742810167      -0.42101204275123033     
  0.60288269156910745      -0.71940369651985048       0.34495040460913229     
  0.26805746540875702      -0.91028115940348653       0.31548915365463065     
  0.14628940652601846      -0.96651257623046738      -0.21083844413828806     
 -0.37130609365098399      -0.85462577332525014      -0.36296910665487703     
 -0.77977197667920195      -0.60660190871951614       0.15488637358941493     
 -0.74383337876374012      -0.64328208109981155      -0.18138376105045634     
  -3.7628895326281497E-002 -0.92073344725593520       0.38837351266627718     
 -0.21144645407850537      -0.97398948972061949        8.1454717306077007E-002
 -0.68694930133307386      -0.70462920790274974       0.17775921008021828     
 -0.67571976300101655      -0.73194200347989591        8.7542592100858851E-002
 -0.67247481315756052      -0.67149569322874192       0.31124132059219067     
 -0.81088635578009460      -0.55316089866902118       0.19098779592790233     
 -0.87173699265889115        8.7144636464766917E-002  0.48216224236812505     
 -0.74460329735412323       0.18072792936311677       0.64257555596014226     
 -0.26839108260842243        9.9068245773278357E-002  0.95820233221156592     
 -0.14510470751828811      -0.37481722226622061       0.91567279841038418     
 -0.10568416767809180       0.40353973662722598       0.90883801508576767     
 -0.29507499893134703      -0.19220713416060711       0.93594185854862710     
 -0.36083771239952300       0.67747758963588145       0.64095261981792684     
   2.2361794782848665E-002  0.70326285928989463       0.71057814551075560     
 -0.21844236750964668       0.46954375960283845       0.85545987041755722     
  0.57802653477985655      -0.42259613634259974       0.69806721068873001     
  0.23800259465768753      -0.94922345055678969       0.20574159970535066     
 -0.32554777426230563      -0.94056328522389898       -9.6743749987939553E-002
 -0.34738652474151738      -0.93753094646470791       -1.8929523211905136E-002
 -0.37816461811389424      -0.70631765710169991      -0.59842032792442645     
  0.16058252970333375      -0.93672389107155674      -0.31106527136578210     
  0.46073756036367730      -0.51366116996793942      -0.72379078671759345     
  0.55517696612885448      -0.60973935721758099      -0.56568228939918930     
  0.76305052655695160        4.8387382377344523E-002 -0.64452506169102919     
  0.23689431973583511       -5.4732458102508694E-002 -0.96999249445910263     
   6.6830041368238197E-002 -0.22323644947578003      -0.97247068500609435     
  0.42292013695843983       0.23181377001540157      -0.87601423149762492     
  0.42789503165019022      -0.27611272045538982      -0.86062047819688148     
   2.2332959260130569E-002 -0.38160033352829781      -0.92405758715666209     
 -0.56017021708440051      -0.61076047960930613      -0.55962573604072707     
 -0.71533211441153610      -0.69828739820282748       -2.6356699389400440E-002
 -0.80778688013014044      -0.48351543595618235      -0.33718419221806972     
 -0.83685518855235719       0.14409969147470081      -0.52811804770334825     
 -0.98443609834070223      -0.14447980442601613       0.10005575644018694     
 -0.63445975989419678       0.45159332569496641       0.62731513712234510     
 -0.60535477559462070       0.32923177607042070       0.72467374265272344     
 -0.68517201284796259       0.57081157307927310      -0.45245271669940268     
 -0.13207732848292844       0.45271714917019212      -0.88181787357033736     
 -0.30949382574377637       0.26860788029288657      -0.91217508104040479     
 -0.76143501872085539      -0.12165911773136083      -0.63672268008799549     
 -0.59192627967143618      -0.27846126475232963      -0.75636142383579574     
 -0.59444625505989013      -0.12672398367960980      -0.79408732630969325     
 -0.20109262341990281       -4.9988270975091426E-002 -0.97829593149059657     
  0.39453702029041071        4.7729723015330433E-002 -0.91763958783460930     
  -3.7728966291834698E-002  -6.7585346596648846E-002 -0.99699987263189926     
  0.44380856837910954      -0.38452985739603451      -0.80942618156587687     
  0.44611548710807625       0.62283690087960486      -0.64269368058589038     
  0.22152961091206844       0.58083873090186722      -0.78329496371003593     
  0.69742291654522348       -5.7150683749689832E-002 -0.71437740363517888     
  0.73814796660700543       0.66960042893181870        8.2297296239338957E-002
  0.50123185556430738       0.69845455480678609       0.51081098445240369     
  0.88716506992949118       0.32951126867372721       0.32304869991100615     
  0.98787666589500756       -2.4312689889531051E-002  0.15332509934956001     
  0.89191681890485797       0.34332954955631384      -0.29429442494918168     
  0.42991027003399029       0.32282956936828389      -0.84318338981556429     
  0.37564863836607010       0.24973226188621089      -0.89248075490006706     
