 -0.73665473881561494       0.52138385964563627      -0.43069556148349530     
 -0.45255600002231311       0.86892249965444135      -0.20041645750313533     
  -4.8603434535697321E-002  0.99521822785136926        8.4725351009868416E-002
   5.8223908080283701E-003  0.99373724811914965      -0.11159023911555002     
  -8.3045539179327582E-002  0.48436142354897155      -0.87091759070537134     
  0.23026361505783466       0.97309444877232276        8.1155005397862412E-003
 -0.15491105749354639       0.98579729731696009       -6.4855630972463524E-002
 -0.92493229386635278       0.37884245987768639       -3.1283260011062644E-002
 -0.92389524714567473       0.21104787959188470      -0.31918077138425605     
 -0.45271133078452064      -0.77477540620816732       0.44133379761164104     
 -0.88115627985307976      -0.28262328209995746       0.37906159247615157     
 -0.85153884503709532        8.4877215320092222E-002  0.51737554417700427     
 -0.28274354490858089       0.60242091243312335       0.74642155118657227     
 -0.44611272060915619       0.81735239136028237       0.36457990735687673     
 -0.44267070513852713       0.89054306316613119      -0.10476497248060791     
 -0.33985473417235068       0.65733319767541409      -0.67261566060751521     
 -0.20621233895720947       0.62855037964303706      -0.74993392476432863     
 -0.47989450188611404       0.63267351882984812      -0.60780382166530544     
  0.18494610405256859       0.97761547426898487       0.10031412196505575     
  0.24096173109090988       0.95780923188672917       0.15664903275233805     
 -0.12760648338984926       0.92463178191034900      -0.35884906754538748     
  0.20511480007227578       0.91804497619527581      -0.33929535875683775     
  0.41124763571196793       0.88834183104219866      -0.20426495867347422     
  0.46218639521027166       0.88551098747210333       -4.7476595799697791E-002
  -2.5610816439293055E-002  0.97807172830006706      -0.20668763964355458     
 -0.33477220071986702       0.84228306504393335      -0.42247699578253195     
 -0.90453413123628690       0.40966754834127772       0.11828146627734074     
 -0.91594509154872916       0.38285927292671074      -0.12026373685297179     
 -0.98125262788661860      -0.19244060592946788       -1.0483007923856869E-002
 -0.88373351899063524        8.6058350147247817E-002 -0.46000981270229063     
 -0.94085081934179537       0.31496428745728278      -0.12488888409488362     
 -0.56696377245963747       0.39351138248624917      -0.72367179893383471     
 -0.32752166476478650       0.63064686677095705      -0.70357237619291724     
 -0.34408541026412720       0.11428239612237538      -0.93195749065069000     
 -0.34337695928957301      -0.20953676167240962      -0.91552531878528498     
 -0.37844656792065534      -0.52579025214623909      -0.76178921361297935     
   7.6867505881041770E-002 -0.98776313404276905       0.13570327028356971     
 -0.14409187953255578      -0.97844996985020294      -0.14789586455664305     
 -0.12678824521134485      -0.98691474385305855        9.9619422010583519E-002
 -0.18103219251792310      -0.96425119023109374      -0.19351224098266523     
  0.43455252489253887      -0.89446808718444692      -0.10531355144595550     
 -0.17485867610585695      -0.96466822514981265       0.19707779879234913     
  0.30553886375503675      -0.87071212692775890       0.38536527445564056     
  0.85510727168091516      -0.51697557589385201        3.9087182652432169E-002
  0.69259301906039283      -0.64338856406238520       0.32613810814222360     
  0.62962639162052825      -0.63295142875302834       0.45049205965747191     
  0.69133109155275752      -0.38717564700083301       0.61004617876187195     
  0.67411875462795967      -0.70785304142834171      -0.21096913613012780     
  0.23435787518106391      -0.94099462197707529      -0.24414239236729254     
  0.22891664428954578      -0.93302457192104238      -0.27760100532734922     
  0.20074633679961057      -0.87665144329962730      -0.43724496020219966     
   8.6665266080000580E-002 -0.98238034143504716      -0.16558380481566151     
  0.34850869361153342      -0.93469121529604671       -6.9957290724709006E-002
  0.71646970173823066      -0.61103021112266231       0.33662033151092308     
  0.44095806588334518      -0.26790115173653550       0.85661248942016532     
  0.20572336836111149      -0.43112026020145311       0.87852900746303175     
 -0.11123906908935921        9.7198434390878219E-002  0.98902898534882167     
 -0.65584703987539328        8.2394244207392137E-002  0.75038380100332069     
 -0.75427700501382111       0.64020294976300496       0.14562411483718407     
 -0.41843649355864165       0.89822983020468083       0.13451421110354794     
 -0.55922154754915343       0.82573236437701614       -7.3738207037391215E-002
  -1.8456569432354283E-003  0.99936330383128036        3.5631173231441021E-002
  0.37853374965882086       0.77930057283289167       0.49940246049813380     
  -1.0103552679866106E-002  0.99347743851984149       0.11358035646777979     
  0.25820059183322930       0.96222231902381994        8.6375130387412957E-002
  0.43772569564153357       0.89909136897252240        5.5610803135293929E-003
  0.54819645250633753       0.82465414377728574      -0.13937787704804072     
  0.91664258707212942       0.34297624227221418       0.20526486499788069     
  0.96734957635774488        2.9177079280710755E-002 -0.25176078957052661     
  0.99992809177945396        1.2908475083774698E-003   1.1922457090789734E-002
  0.76290004163285674       0.52354553622194611      -0.37931991508316509     
  0.10990069961374961       0.88554217913178479      -0.45137222466929372     
 -0.30447662870810366       0.58069028264543077      -0.75504488489875476     
  0.46107328415236681       0.54370800579170386      -0.70127956699095961     
 -0.16120726368728117       0.66940396077618869      -0.72519690804058057     
 -0.32502197725255833       0.74074867275273948      -0.58792186395641788     
  -3.7635632635711042E-002  0.37791351279709517      -0.92507563798940295     
 -0.50311858628726680       0.64398916027600150      -0.57632425732340542     
 -0.57078510577302022       0.18038336445659187      -0.80104070112262937     
 -0.76061373963576906       0.42811382696349548      -0.48804230374017737     
 -0.16749624305152111       0.73306765957947717      -0.65920923464582359     
 -0.48014410048198830       0.71745616278178614      -0.50469624256459034     
 -0.15631145320886769       0.98769630067025016       -4.7694064638524880E-003
  0.47871405032291697       0.86301620947663316       0.16135637639727438     
 -0.91489077580649714       0.38355057756860050      -0.12595166847246089     
 -0.73579707016337736       0.37486867417622388      -0.56398240102008046     
 -0.88396909081619468       0.46634822716945329       -3.3436170497859768E-002
 -0.52350595721358506      -0.83318223288133142       0.17818215278968180     
 -0.75879290674912314      -0.64640668625682363        7.9948237189571697E-002
 -0.88470678993839003      -0.42501902034542027      -0.19144902240954956     
 -0.90591058203403951       0.42202950378655751       -3.4887179484989872E-002
 -0.87394100463295865       0.26284612131983631      -0.40882641417634441     
 -0.88697399021686218       0.30211547995703497      -0.34928981870240922     
 -0.38052721239574072       0.68704451022770752      -0.61900636635846584     
 -0.86251447245971713       -3.3371186189175752E-003 -0.50602139128390011     
 -0.76151280422439571       0.64494519272981232       -6.4373499027530395E-002
 -0.96629857612585535       0.21755648917509418       0.13760899605417265     
 -0.38631941156787208       0.25041262208035397       0.88772227129252901     
   9.6216796113535868E-002  0.55904864439584556       0.82353320597583668     
  0.29101269422351755       0.90060324703891093       0.32283959364336257     
  0.35175277780596997       0.66962405344766340       0.65412048611105400     
  0.35343486701918569       0.85403441175978900       0.38171850663183926     
  -9.1605327197590639E-002  0.99530743049611337        3.1170223423605148E-002
  0.29884697468609572       0.84335292978449949       0.44659413514389346     
 -0.71881396801254616       0.31754297060955877       0.61844396771783228     
 -0.18929620262517061       0.76493430971161425       0.61566423438247708     
 -0.55157477730128324       0.20916303129193473       0.80747513360216017     
 -0.89460989573707539       0.10601675772229054       0.43408937044274631     
 -0.45864267359666872      -0.85137637788088594       0.25456857846667474     
  0.20866246418007761      -0.97519900360504796        7.3802976972948631E-002
 -0.51893129202417843      -0.36455446385592438       0.77318196890568291     
 -0.22930282079425221      -0.96000067816837253      -0.16068265087462863     
  0.60289488809623126      -0.70161724860586760      -0.37980388408517662     
 -0.23513875301879014      -0.96519810827480190      -0.11446562196354458     
 -0.82493440051557154      -0.31208461337714027      -0.47126046825428047     
 -0.97169840022505682      -0.21154518025962368      -0.10512305032185773     
 -0.88410866161173318      -0.37717572582284836       0.27584478663398371     
 -0.87478807828273830      -0.43355344086530256      -0.21628044758658793     
 -0.20660285881568369      -0.11383363835848084      -0.97178040806927635     
 -0.47703144098439709       -6.2644504698716713E-002 -0.87665082578152964     
 -0.58195854193191388      -0.22992631901222360      -0.78003727045439319     
 -0.49307534383405061      -0.41297604177852959      -0.76572024540288885     
  0.22910307598209373      -0.16584303803562658      -0.95917040577294876     
  0.63001592982267096       0.15972850642692021      -0.75997811310872587     
  0.19845079315006975       0.39037393566491191      -0.89901361116034761     
 -0.10802255836933820       0.86279142025615541      -0.49388469506119803     
 -0.15953672040044567       0.70325044144076232      -0.69281083381921016     
   9.5783601764771423E-002  0.98506350498723949       0.14309225267373490     
 -0.18490857193620203       0.97062342095883458       0.15394477812074606     
  0.54156677781556595       0.83348747108046362       0.10956304449193224     
  0.71062194804286882       0.22349012423181358       0.66713462759077147     
  0.86553200493675253       0.41132462131290159       0.28577334433425466     
  0.78025793503697671       0.27391522172415156       0.56228818778248979     
  0.59483101062722121        1.5200240430818064E-002  0.80370704954423833     
  0.91252926268460377      -0.36421290784020532       0.18611636818661201     
  0.74892349182914497      -0.49745809510076866       0.43777739435154933     
  0.92441311050499597        3.0785211301240990E-002  0.38014822358078526     
  0.82219730887528275        6.4582399028317708E-002  0.56552692156435869     
  0.79356061106064779       0.11882729703035158       0.59677603005947899     
  0.89169048364913783       0.32149912670204772       0.31863206508357522     
  0.78073877024157412       0.52116148780379501       0.34472840943538818     
  0.59351089297768223       0.79767899537941445      -0.10701887799494220     
  0.99573249425253219        9.2216109942016969E-002  -3.6040195371708711E-003
  0.98544168869886439       0.16758495829245867        2.8634942438231392E-002
  0.33024717825342270       0.25435917203241365       0.90897646441404223     
  0.49575106188503260       0.81920138886987193       0.28834002343337173     
  0.35843994916997285       0.89034950022467696      -0.28071083037298911     
  0.59041150436546852       0.78010654448842787      -0.20699766848755238     
  0.63461774137518923       0.73989706620701301       0.22318748564855623     
  0.23228547309032599       0.89074460863734561      -0.39066289966510664     
  0.20470783222810662       0.91417507626815497      -0.34982657611248708     
 -0.19066486439210426       0.71589472503825413      -0.67167079149590980     
   8.3778771419415185E-002  0.23331887937318180      -0.96878450544354699     
 -0.31692425507512262      -0.12466998759670608      -0.94022146898363979     
  0.44413630718439084       0.15445370400241692      -0.88254574610077363     
 -0.46626059972703043        4.5098172371713645E-002 -0.88349714656638978     
 -0.23546948597836795      -0.49841421760488563      -0.83434848166843589     
 -0.36004463184271474      -0.85066215373878140      -0.38306887537067313     
 -0.78670582614154927      -0.61732085178982088        2.9848049259829351E-003
 -0.81988994429916784       0.47111439819296203       0.32531784926811624     
 -0.13948807395957011       0.58520793816990269       0.79879581015803447     
 -0.12140287069167995      -0.10650879677819095       0.98687244322492285     
 -0.80688502297889719       0.21192199041206686       0.55138519174182021     
 -0.33280916516618098       0.43411042568669922       0.83712973778951727     
 -0.17527996613505928       0.85492758580111983       0.48823739769500463     
 -0.16644778147961270       0.94865627312421874       0.26897288246691858     
 -0.39794763105136843       0.64693357587534606       0.65047262151900298     
  -6.1045659294353620E-002  0.66578484784925629       0.74364236287052854     
  0.54616296487352567       0.26747386257797623       0.79382853856372326     
  0.96656879052450406        1.5336895330524064E-003  0.25640284901004612     
  0.60633291800839573       0.38027101337355984       0.69839412148682123     
  0.91388658277774404       0.12326981471279391       0.38680210263067977     
  0.92710330291229237      -0.36319649771779589       -9.2562248107224993E-002
  0.81356452669729962      -0.35465891690234547      -0.46079259278069334     
  0.49207765686741339      -0.60019195602455067      -0.63057846104617521     
  0.59321832080406722      -0.68309377202097132      -0.42599873531338495     
  0.78292383852173253      -0.19159500684264127      -0.59187973138761296     
  -3.6986706167512283E-002 -0.98790989072719260      -0.15055242067244412     
 -0.17603400447294176      -0.91722083477525773      -0.35737650947351346     
 -0.32709034776044338      -0.79856950052298847      -0.50527087511197510     
 -0.36365045398423318       0.48196990870033768      -0.79715955393163840     
   1.8214071354451581E-002  0.37576565118494165      -0.92653571058774609     
  0.14526504088529518       0.25904352417890725      -0.95487932246833807     
  -2.0583026304713606E-002  0.57653099637332028      -0.81681598248869625     
  0.74897813831255322       -1.9190729390673161E-003 -0.66259192983990456     
  0.71835419083786545        6.7964577350250382E-002 -0.69234967518683654     
  0.46871095725347051      -0.15073201408229953      -0.87039640307233734     
  0.14834209785242503       0.67794356353800977      -0.71999107401561357     
   1.1826427718836817E-002  0.44135961547741731      -0.89725237555166315     
   6.1779222406610095E-002  0.58782130851083902      -0.80662843796848949     
 -0.66343221440997113       0.49665066984857431      -0.55963899883949753     
 -0.67891912779249897       0.67696766830282973      -0.28422454853541196     
 -0.78944818419368323       0.56074226161243823      -0.24967915514738567     
 -0.93348101631241243       0.31984394598367782       0.16221295386613727     
 -0.26333486243029913       0.61041769302712201       0.74702408948325405     
 -0.94161370689273061       -6.0150615940831847E-002  0.33127862954593962     
 -0.79661106240622015      -0.47283354848196923      -0.37661552103178136     
 -0.79352800877318452      -0.58862053688435134       0.15439936156125342     
 -0.26352384425870834      -0.89096780153943345       0.36977230849156872     
 -0.44997910632709620      -0.65724646158522304       0.60460391381702061     
