  0.74937864527593601      -0.41569361724800058       0.51539350265958672     
  0.83254000648748550      -0.18824802870911517       0.52099886495555792     
  0.53455534594534437      -0.41383371009830927       0.73688007335492978     
  0.21608350521552278      -0.52927526235124389       0.82047279993722144     
 -0.38292468427873472      -0.72502069417600834       0.57246281904293994     
  -2.7563761162524215E-002 -0.96354732958276657       0.26611422871489632     
 -0.10871775170268139      -0.94217876914742549       0.31698520065230251     
 -0.24838835191214192      -0.94902808985160114       0.19403327371093715     
  0.33429489905243132      -0.84411296476460007       0.41918996073841630     
  0.44847560414805249      -0.78638686011232251       0.42481212168057503     
  0.67004299198950512      -0.59818715210274032       0.43956173621572575     
  0.98193972658159923        9.0414753732033393E-002  0.16619129239657818     
  0.96113264918146157        9.4885747404026055E-002 -0.25926960025616913     
  0.81261077791512926       0.46608394663197661      -0.34989924022230984     
   1.9843507919998712E-004  0.21588549346532598      -0.97641866754725781     
 -0.51306845590010930      -0.16855905807684729      -0.84163448331241630     
   8.4801879620416187E-002  0.30608054038393184      -0.94822114720731676     
  0.56308750457653456       0.72746086095210616      -0.39208820177682774     
  0.39827912878244015       0.88665203377451252      -0.23499341816277736     
  0.73306282944405332       0.63139450089461602      -0.25290289110157177     
  0.94367093094195953       0.23936397096366177       0.22845144670076542     
  0.95211065349694390       -9.9082590604411703E-003 -0.30559307894652621     
  0.84666407287919843      -0.13835528875643671      -0.51382658725363273     
  0.74429666519639959       0.65709095382775540      -0.11938991823124565     
  0.98531263556909110       0.11988785934821222       0.12159733290163116     
  0.93350272357897413      -0.20271173046766219       0.29577122815022017     
  0.66859470186034942       0.33904480590425445       0.66183815561937753     
  0.66209965739239995      -0.16440711954033874       0.73115958772714462     
  0.35594455853513818        3.0395225590811106E-002  0.93401263455614669     
  0.35302351040723334      -0.65616114844367224       0.66695348291530743     
  0.59698812721988304      -0.47787050848498203       0.64439502875087062     
  0.62011002165685769      -0.51951259856171339       0.58785221014845213     
  0.37723809416307519      -0.39079680247880810       0.83962448718733373     
  0.62820673131110849      -0.54821903152235985       0.55209799511693747     
  0.44377450450580164      -0.37184168121682110       0.81535142929935478     
  0.71905162756321483      -0.30145268965436878       0.62617172788210040     
  0.86483232465978621       0.20078020690889850       0.46016557752312343     
  0.76333681826963795       0.37892162880678659       0.52319719140725440     
  0.43183922079122228       0.35241360494329421       0.83025269553150427     
  0.30303911100853675       0.95239788280257809        3.3250113268205234E-002
  0.78482021293833015       0.53472809859273185       0.31324605973395997     
  0.85636676093915165       0.31905988913544769       0.40600093337757842     
  0.98889321049840739       0.14471140352915882        3.3894364115828426E-002
  0.98382835979100658        6.8633189218586049E-002  0.16544256951779596     
  0.71636516609315082        4.4530969823370681E-002 -0.69630305294099615     
  0.57694278848956959       0.37799813532981275      -0.72405416130083822     
  0.46539430557191758       -1.1654774261751211E-002 -0.88502672647676173     
  0.84060827902932578      -0.10989021136670554      -0.53037898023315322     
   8.2011920806289162E-003 -0.32636457953705128      -0.94520839060604778     
   5.4554365851175013E-002 -0.39746981167877976      -0.91599212331253876     
  0.55011556644072390      -0.39505916410716557      -0.73573169050582998     
  0.80761132571816052      -0.32786696808740334      -0.49017058031763050     
  0.93109540821931680      -0.34337474469337653      -0.12310615540925614     
  0.79721378048109570      -0.46545028033521829       0.38445575135105159     
  0.75726285529223647      -0.58926826332559468      -0.28163075441411983     
  0.55396217035616135      -0.77548964001272935      -0.30288897643728480     
  0.49614296790516205      -0.86686591244078204        4.8843067537597068E-002
  0.54388082511148772      -0.83750129560736009        5.2775258711456788E-002
  0.73429230756532660      -0.67125879323124193       0.10112585999694926     
  0.69833815536121191      -0.65938009918799889      -0.27846311346665731     
  0.67953896396875402      -0.31801700572494396      -0.66112932208307462     
  0.44402808196964771        9.2618206111664131E-003 -0.89596499993097745     
  0.42599941287472398       -1.5116423765023555E-002 -0.90459714456932949     
  0.44015450298852699      -0.16012471439251574      -0.88352933700000535     
   5.3200143794118748E-002  0.13714489972823427      -0.98912133794537660     
  0.31076020006884564       0.44920277112447404      -0.83764250636370230     
  0.37984700009690386       0.83496165162359914      -0.39819002603706871     
   6.2687582624397220E-002  0.91796226126539160       0.39168297624136267     
 -0.71258477900386996       0.50528625636315483       0.48673271090256481     
 -0.60223971998476566       0.52018673772996071       0.60556839214293245     
 -0.64794967951597249       0.34475762586050729       0.67919319212297569     
 -0.15222030715379745       0.54952993193543453       0.82149000724111565     
 -0.53804923456323994       0.52778916603301762       0.65722265436009242     
 -0.64953579948295426       0.66195365222795655       0.37405963093088940     
 -0.53114909819320055       0.84285726925113513       -8.6442230183457341E-002
 -0.20155444962387889       0.74347171625325426       0.63767202460853067     
 -0.82294372850947595       0.39326326877998585       0.41000929396224223     
 -0.22263779807030751       0.76185884677950766       0.60827913695462998     
 -0.33832447662185522       0.85579979621272217       0.39133522371595214     
 -0.55933188263857403       0.38490151678614470       0.73416528618543153     
 -0.76460399503632759       0.43064702451077436       0.47950377585010895     
  -9.8908470502374460E-002   9.9607266187599852E-002  0.99009873597814713     
  -1.8879665618313661E-002 -0.25663206987282922       0.96632475852525801     
 -0.12911827380703988      -0.24906998645935097       0.95983988936396980     
  0.12286395642872035       0.63136228206932699       0.76569322642353799     
 -0.33538421542391722       0.75015533504754406       0.56989858864908116     
 -0.40974415733671221       0.81813668101571890       0.40343784738795685     
 -0.88534252387581436       0.36459820228541434       0.28850782711634049     
 -0.88454654543326305       0.36534492853610845      -0.29000084854191327     
 -0.92610415038968374       0.35267244278034465      -0.13398974115331003     
 -0.83805826725845844       0.22568384651946288      -0.49671434658152303     
 -0.45673368980766721      -0.14084755316254677      -0.87838277724622738     
 -0.34456558565801454       0.12169818425376243      -0.93084053904496844     
  0.22030551944401566       0.14971514960678795      -0.96387284020285868     
  0.10787473665662889      -0.47704995015283264      -0.87223069554472088     
  0.53376614941196698      -0.53988848780647358      -0.65085644997647862     
  0.45615443772646785      -0.68932141020339510      -0.56281357693081491     
  0.92609253179990225      -0.10971519682323402      -0.36099196408021600     
  0.35787909791158351      -0.92910144066383205        9.3236603511562766E-002
 -0.23544524763560143      -0.97064006616489729       -4.9228013582174955E-002
 -0.34184773790229050      -0.90861564533379224       0.23991192789388419     
  -7.3247599111218083E-003 -0.78921611816512593       0.61407187423020482     
   7.8510835383726454E-002 -0.77191315061909904       0.63086142426735359     
   7.6046560942391560E-003 -0.45443806065500453       0.89074587747225276     
 -0.36296739616780671      -0.40913174210750824       0.83717733301809116     
 -0.13798252956003870      -0.28373136840536706       0.94892430262853222     
 -0.64672374254372877      -0.47464501243810825       0.59704314165547323     
 -0.47954143422244011      -0.12022234164732085       0.86924484550251979     
  0.10231204119620033      -0.20428213542828069       0.97355074617152437     
  -3.0466992580088875E-002 -0.40963938134988209       0.91173863558063317     
  0.37562794231404184      -0.51733614151367113       0.76893885689089558     
  0.24592301156258414       0.12290077762931555       0.96146620910051894     
  0.12898957370768055       -9.3756214822898094E-003  0.99160162746767466     
 -0.39430200857162317       0.46305522527121667       0.79379202842142238     
 -0.39694675240802274       0.79737312999215304       0.45456503090234740     
  0.28728072526626819       0.76632115945571022       0.57464916728465298     
  0.31717377140391678       0.24147570975683552       0.91710974279573854     
 -0.28704851855361574       0.66321077683511287       0.69119795535428585     
  0.11761658502918730        7.5649427210109435E-002  0.99017347121041066     
 -0.41140618217077229       0.26726442057176275       0.87138664367095253     
  -5.6614269841716108E-002 -0.14043937430695003       0.98846932506504204     
  0.53966758291800265      -0.36349065017676419       0.75936384374126797     
   5.0311903885721390E-002 -0.45604889884017857       0.88853143680686442     
  0.34274771295357032       0.19252402558721929       0.91948817547415285     
  0.35590958299612235       0.14409207684696734       0.92334492045034011     
  0.73945889652808527       0.24797667791061548       0.62586588623911688     
  0.76512654233223198      -0.38280593120142092       0.51772675539879431     
  -5.3681678102331529E-002 -0.67934127115825704       0.73185634842996783     
 -0.13632999774736418      -0.95812042008177778      -0.25183207169962191     
 -0.56936444093796845      -0.78590021869702908      -0.24121562894511422     
 -0.77401546610212668      -0.35374416641474743      -0.52513343348363795     
 -0.55481591233265060      -0.57897347632048490      -0.59746884198248507     
 -0.22509906568133639      -0.89616504920828011      -0.38238542755572963     
 -0.76168852150494881      -0.27973678617804426      -0.58444668419493351     
 -0.49721768853106713      -0.15814580016249122      -0.85309113001066561     
 -0.31134391949808643      -0.37748344122056621      -0.87210734167068882     
   4.6036857929070404E-002  0.18528688790771944      -0.98160550980601535     
  0.32292090970562803      -0.60170108970792791      -0.73053260346080906     
  0.24345871384685794      -0.95504347659426525      -0.16917391189787045     
  0.16350295589471855      -0.72048390263120954      -0.67392115967895494     
  -4.6395863699996653E-002 -0.37089180083987217      -0.92751641273959862     
   1.6182063171246257E-002 -0.67930125881142267      -0.73368108917208630     
  0.21811205661752345      -0.34486067977278023      -0.91296124907073184     
  0.71649593598505668      -0.62801339551048507      -0.30369845040157645     
  0.94084549555393415       -1.8756597597304633E-002 -0.33831633649958121     
  0.68855789677770396       0.25598554215080710      -0.67849791819494676     
  0.25614418371416814       0.42485125998111428      -0.86826929235223582     
 -0.27719671049658245       0.71275715590334032      -0.64431298326086894     
  0.46033601085366621       0.70561470408841975      -0.53870088777128433     
 -0.63960092427289095       0.76192607228326692       0.10187893817802243     
 -0.93138829575943149       0.15009537373583842       0.33164321386914680     
 -0.43980721256845040        6.6113561023347228E-002  0.89565540964235180     
  0.35005264351892029       0.44282948602634981       0.82544847996167459     
   8.2673641243014073E-002  0.77243169886608398       0.62969384595253908     
 -0.85725512568524231       0.37081114598622733       0.35722925901828623     
 -0.84173582036920880       0.53709397615457066        5.4871390413089874E-002
 -0.78059238829741828       0.41495079208369706      -0.46743059750219085     
 -0.67091257135650195       0.40046016394350437      -0.62410574319594270     
 -0.56726007849932836      -0.63171780088719576      -0.52834517446758478     
 -0.65573276167449623      -0.58151124199457582      -0.48151762241968821     
 -0.91221758168807410      -0.18530007749733463      -0.36540794317952552     
 -0.90679768320482868      -0.32848574728337887       0.26422542566161350     
 -0.66222192781304989       -9.4706543205261645E-002  0.74329858670503768     
  -6.7741918917150756E-002  0.48181885769469779       0.87364845377946154     
  -6.5642949748054624E-002  -2.9545348078599744E-002  0.99740567251009138     
  0.49443696850217950       -8.0129038247935241E-002  0.86551223065177341     
  0.68537494123204468       0.47133374545537793       0.55507268922748143     
  0.90756269630762687       0.40501267752007941      -0.11088139302368694     
  0.13125962413549638       0.83708843393690602      -0.53108743615426701     
  0.16004344843449408       0.75234232721992389      -0.63903608449488392     
  -9.9114365938880900E-002  0.70572537252467560      -0.70151838253854704     
  -3.1193877124539398E-002  0.61941845671922002      -0.78444102232452539     
 -0.39027695256016404       0.22315583697740243      -0.89324429621648460     
 -0.56725448044572135       0.64094359670287537      -0.51712054712603739     
  -6.8124558253834205E-002  0.63117448709707269      -0.77264339212892641     
 -0.65243160299966385       0.52798197080460452      -0.54366169803713049     
 -0.87284224185915604       0.18027059319776931      -0.45348531845525514     
 -0.79157542277480741       0.53573021143885380      -0.29394130470319607     
  -7.5365585280015829E-002  0.89464643810318956      -0.44037231900372592     
 -0.25239138080960738       0.75535280105552749      -0.60476502613048344     
 -0.35195066051145030       0.91550341946908853      -0.19489541171094563     
 -0.41278174715828087       0.85119644791086668      -0.32415403171476453     
 -0.51350811146167508       0.72564316659753825      -0.45798625987401870     
 -0.67237962702965470       0.51847317179710228      -0.52829083588695991     
 -0.80725527735340674       0.57722676825426800       0.12307792326742770     
 -0.74794314517572835       0.66094552317771516        6.1090645568742101E-002
 -0.68958148144214959       0.51262023374371213      -0.51156414691474938     
 -0.94172624572972408       0.18773490077701729      -0.27911876528475288     
 -0.70761671784250391      -0.18512939682117052      -0.68191325479305709     
 -0.87325406209855627      -0.42325987926213493      -0.24140923270535758     
 -0.81347459518936527      -0.56909975685417458      -0.11993560659796290     
 -0.28584246920638334      -0.93879602595754796       0.19223970569142043     
 -0.56080643594431279      -0.82210137330772926       -9.8211371077876558E-002
  -1.6977676304873311E-002 -0.95205548770273907       0.30545393571270207     
  0.14782040895218906      -0.76105581038019177       0.63161949002840312     
  -4.0844982122465789E-002 -0.31710167673675083       0.94751159045481903     
 -0.41720189254267137      -0.81452765086728862       0.40309711836163126     
 -0.23748375741915362      -0.92945637779283197       0.28233367978750373     
 -0.70542789420871066      -0.47684033696547140       0.52439944614288192     
 -0.52829684453555070      -0.78227487897759229       0.33007341270455332     
