  0.12944000602599140       0.25571249370505156       0.95804822707586146     
  -4.0312127480631572E-002  0.45840569047934115       0.88782833662491867     
  -9.2680644636579906E-002   2.6699294381860167E-002  0.99533785509709660     
  0.27508042253307508      -0.23210370820250481       0.93298372428337506     
  0.81004345290822222      -0.38450153535294185       0.44270551579100120     
  0.72517871720574845      -0.48891546789511864       0.48484790745629391     
  0.54380413530173710       0.11474496818002780       0.83133065305335929     
  0.23087512646398933       0.96910608128233722        8.6776028958452267E-002
  0.61847478105495768       0.71914918295923380       0.31672290388940089     
 -0.35624719828149731       0.80145549301661367      -0.48037175856841863     
 -0.67860163407627960       0.71616279330948174      -0.16312778950317686     
 -0.77989757386521885       0.54134870980923711       0.31416770786806247     
 -0.53907219634095516      -0.19009235455465540       0.82052791778951772     
 -0.21184239366302296        4.4172769636641490E-002  0.97630505820146896     
  0.59609042303828785        5.5185371700709120E-002  0.80101859049107560     
  0.65592111338246128       0.27900576890664996       0.70137242171042702     
  0.86872655716940561       0.29682320967452658       0.39649735316536977     
  0.62474201717623135       0.29309163078358702       0.72373662885003187     
 -0.18689571783462555       0.18499552623584226       0.96480394170412742     
  0.49271217679157731       0.27542646156812789       0.82545440522743707     
  0.74950149646157005       0.65247048520544881       0.11193646741638007     
  0.73865723823209617       0.61222088850146439       0.28208344171506672     
  0.82844101335014364       0.44943318481018307       0.33420846756288064     
  0.83608339292595468       0.29425936041755807       0.46300754732518568     
  0.73480006044558110       0.21928751090574533       0.64185812975292533     
  0.82807571171658945       0.54844113937394490       0.11620211834271492     
  0.22069887327943616       0.97265447874598399        7.2355181629405865E-002
  0.14914849282141357       0.96877424895648512      -0.19806862863139488     
 -0.37340665017016117       0.90690915999175725      -0.19514929959334210     
  0.20200642302138153       0.83248886396531696      -0.51590279746467360     
   3.1316682985468504E-002  0.99282930214065868       0.11536568891029236     
  0.27191019080281992       0.96190122516371201       -2.8475975245023752E-002
  0.48465207951631134       0.84987375454930614       0.20694676404536910     
  0.26263858290096109       0.91328516618881606      -0.31133772657884068     
 -0.39101813893194409       0.88329418246794578       0.25864300153782793     
 -0.50958651740213445       0.84103578852201022       0.18160502115067495     
 -0.94784207712916368       0.16443060349704752       0.27305305978342315     
 -0.94555417468745262       0.32459380761675016       -2.3794175506567136E-002
 -0.79400171370379680       -5.5785405672665433E-002 -0.60535053245984349     
 -0.48113015574294726       0.13221432522384563      -0.86662168530474148     
  -4.4007982717479306E-003  0.49462371293034207      -0.86909609110938923     
 -0.50163319136314510       0.41313391444183406      -0.76005559669067380     
 -0.17372664086008860       0.59351391840950107      -0.78585003843591039     
  0.18391338534634902       0.59681028086704102      -0.78102071377263138     
   1.2223537382967910E-002  -2.8473713097337983E-002 -0.99951980110267569     
  0.24553499336787982      -0.15674219483527485      -0.95663182645679934     
  0.34331867122801002       0.25289704377780681      -0.90453047225324767     
 -0.80931822980569312       -1.8730869714487453E-002 -0.58707167997095078     
 -0.96125038764671822      -0.16122768754890263      -0.22361423258964633     
 -0.94566573635126339       -2.2360252134808592E-002 -0.32437067409936254     
 -0.94494525485052150       0.20274740240550182      -0.25685006551159806     
 -0.92793343272023010      -0.23732506378320933      -0.28743061517579244     
 -0.16752474783791046      -0.57065924920205413      -0.80391758294115756     
  0.22024258692781315      -0.83743061468180735      -0.50020312723632276     
  0.48201016578316291      -0.87599720401857284       -1.7178435123366850E-002
  0.35782485229370492      -0.86688786596262368      -0.34708327952776091     
  0.42184141503482714      -0.83744413243566795       0.34747251058250755     
   1.0566760633026884E-002 -0.82402183460481149       0.56645949516647531     
 -0.79777004271690322      -0.38892149178577595       0.46076353172814044     
 -0.71525589584243199      -0.17171543677348844       0.67743841951599093     
 -0.88175679952937236      -0.41123663221309525       0.23106141783035020     
 -0.83190897086586324       -3.0496415113033568E-002  0.55407349048491028     
 -0.78317835550051218        3.5812023956145626E-002  0.62076498162807980     
 -0.79305042311322138      -0.56038001334745069       0.23884151029648135     
 -0.97320025697043477       -7.6331242689908596E-002  0.21692118666038310     
 -0.85861520553933379        1.5525739378342215E-002  0.51238548011571250     
 -0.85205546695275103       0.10642226919892443       0.51251905511355111     
 -0.39455786829323203       -9.9047511999065446E-002  0.91351720232010702     
  0.10469000465678896       0.41622958871067978       0.90321256213957768     
   3.4625405358439734E-002  0.45119594386778716       0.89175293750068307     
   1.4305833038626068E-002  0.97935730260020493       0.20162990101858586     
 -0.37023549699775843       0.90299502783931096      -0.21800379918771939     
  -8.6446213168483318E-002  0.56110932425966520      -0.82321526860096317     
  0.50097273398633824       0.69323435222355501      -0.51812397425666168     
 -0.12283507618247112       0.58757067581958944      -0.79979512687698717     
 -0.69856922120965170       0.43752766390620607      -0.56618953230823932     
 -0.62785797823886957        6.5711701480583404E-002 -0.77554905160819143     
 -0.67683530782915335       0.56958953413964231      -0.46632791968149168     
 -0.88436056859460777       0.41872246348119646      -0.20634408954776562     
 -0.32284677841356713       0.76555752565837121      -0.55649944526106965     
 -0.59765054816309404       0.43267943366589345      -0.67498320717108329     
 -0.23953169866777924       0.74601451032709287      -0.62135892663967129     
   8.7130652987355436E-002  0.31446233155560793      -0.94526276312070856     
  0.80312185199804531       0.39370719121396913      -0.44720234618089066     
   3.8513558797231583E-002  0.91803969324417933       0.39461351651575727     
 -0.29306210361303858       0.78836232104737780       0.54092462892599802     
 -0.42140693821958397       0.54387401769123711       0.72568398445939075     
 -0.98435762378583025        6.9784118165948594E-002 -0.16177220202036774     
 -0.75294560170261648       0.65762491587208538       -2.4543652966856122E-002
 -0.31968467582857618       0.93685396663609843      -0.14179687316241851     
  0.37029778833695365       0.89606449313369929       0.24484274973503525     
  0.23830981149168015       0.94935779250370067      -0.20476380431937191     
  0.34936153077296811       0.85304406303794045       0.38763687560879817     
  0.26601461992374714       0.95814739320939590      -0.10578182676094763     
 -0.38358488810482066       0.82730483744553940       0.41040143707943527     
  0.40329319072657632       0.86187659633571534       0.30744647502027228     
 -0.35512579160402580       0.69337081190730199       0.62699488780429180     
  0.46343732685146499       0.88611004517815728        5.9018569284663112E-003
  0.72865500097315883       0.64155213089743413      -0.23973475529800861     
  0.90248900646771424       0.31459027894838648       0.29418794944077675     
  0.66160292676921273       -6.9481130802891408E-002  0.74662838129341247     
   8.2896774155498260E-002 -0.46535701536256241       0.88123264413403413     
  0.28725522362232414      -0.47949212922227252       0.82919945400103434     
  0.19280023527142356      -0.90108061097349235       0.38843506768438668     
 -0.25426580655874564      -0.92968187775289612      -0.26653424881793086     
 -0.35605704845844177      -0.92420032256053963      -0.13812002759236802     
 -0.36555316432018214      -0.90174497960326905      -0.23070950525677292     
 -0.61515891335803485      -0.69717334140154952      -0.36814242265079089     
 -0.95500053749092562      -0.28143489807039535       -9.3639583190932421E-002
 -0.85144902782598408      -0.18358836288407290      -0.49125336235773603     
 -0.79631665766729309      -0.59511012486453652       0.10827612851103326     
 -0.65374969132532634       0.70804554737951286       0.26698847152661925     
  0.30268001130582017       0.89213599185138492      -0.33537767188541034     
  -8.6848899007693603E-002  0.99242453013241716       -8.6895458641918777E-002
 -0.31100695621038560       0.71598069647654616       0.62501705213674130     
 -0.23177967473640623       0.63982129456781844       0.73273930793743414     
 -0.73866522558562253       0.31131458102495047       0.59787700754572959     
 -0.61101709896031609       0.43017876870223859       0.66453316827375219     
  0.13251348400456722       0.64546576427177427       0.75220617101301246     
  0.17675051217326104       0.74230130472135536       0.64633430162378080     
  0.23620966683976058       0.55339082333985345       0.79872622965234963     
  0.51482366245813826       0.47045029677416461       0.71668201793980857     
  0.34893987691568845       0.93704078023962989       -1.3983506926058193E-002
 -0.14697167866308633       0.92916358227604534       0.33919664361974683     
 -0.12931525111335487       0.98420262790082602       0.12092457592470099     
   4.8356726865498925E-002  0.99499962140511400        8.7392107026440194E-002
  -2.6349362198940157E-002  0.97414681602699327       0.22437400013416348     
  0.24248403008873581       0.83128880307859832       0.50016039530143908     
 -0.16110375554665052       0.77852221589488835       0.60658778367754873     
  0.16093257499136510       0.43742625630681253       0.88473667076708906     
  0.26670194333567310      -0.27496839543177254       0.92372206584811989     
  0.46608899747677934      -0.54309522686615319       0.69843297529992643     
   6.3907780625801769E-003 -0.83665055441608338       0.54769974233250163     
   3.9127242903920861E-002 -0.57994106184955596       0.81371827043738343     
  0.22484966396710004      -0.33133915347864706       0.91632799476280780     
  0.29263639441777711      -0.59845080697364561       0.74580196586951575     
  0.24921513603627851      -0.26757989639061108       0.93074852404826069     
 -0.57562193605076861      -0.23661108539031248       0.78273531989278067     
 -0.64263219127252025      -0.62047950787932926       0.44947641433354840     
 -0.90909362620012801      -0.17234988977094462       0.37926810345490086     
 -0.44900853435302968      -0.82334630168739820       0.34711986917470927     
 -0.47262194925744316      -0.72461975161458281       0.50155229901784681     
 -0.31895827163195462       -5.0128949606830564E-002  0.94644213207617467     
 -0.22568082812965953        4.7523096496457265E-002  0.97304147861953327     
  0.29599904528323212      -0.51834175735516186       0.80231314819924993     
 -0.47188101839252133      -0.78493376173031582       0.40150628161556623     
 -0.89967365519187581      -0.42939901640261047        7.8764197870341779E-002
 -0.86775224861614253      -0.43619852382070962      -0.23819505208613634     
 -0.63885082935040194      -0.73196545761453780      -0.23684633562176816     
  0.44495535203947978      -0.87401308951664469      -0.19523282010214008     
  0.22459536949799228      -0.92620956090420126       0.30280813940465406     
  0.59249166549866139      -0.79358920003618294      -0.13845507538747404     
  0.38370688405301240      -0.86147047124071974       0.33262238997190335     
  0.34998698872186085      -0.92971827285005604       0.11459948016527040     
 -0.32467759105057564      -0.94549789735613332        2.4863386027493342E-002
  0.41759546044769780      -0.88620509388112234       0.20063539815459674     
  0.66862315628361080      -0.44909353397464236       0.59267028997878923     
  0.49826319604062907      -0.51990855150495840       0.69385076604656071     
 -0.29434192555041205      -0.32142829057218492       0.90002593567248479     
  0.59499228583819663      -0.44244724252602557       0.67098779226912497     
   3.8509732512336997E-002 -0.93376727702855811       0.35580285672342626     
 -0.20733896848407229      -0.79157989529315786       0.57481459751442665     
 -0.38710481890168236      -0.57195958132391633       0.72319575255589563     
 -0.42585554886112686      -0.63845216759377044       0.64111300189517584     
  0.34693684326838470      -0.31445526593437456       0.88360212341819055     
  0.30085962194881566      -0.37547307323555645       0.87664329071512193     
 -0.15597032004371636      -0.77375623288773032       0.61398253341027775     
  0.10898974867385203      -0.93905957292831976       0.32601894603793935     
  0.55719008332059172      -0.75849371176560798       0.33797411182108528     
  0.92973103473358076      -0.27146308387084239       0.24881317720049251     
  0.68291293917543539      -0.47746797218129977       0.55286006642541863     
  0.78621835083249958       0.48122863083391043       0.38765927008129453     
  0.87028235143834232       0.49157377300759120        3.1046005637463014E-002
  0.87961009839535897       0.37266195119047263       0.29565037618089618     
  0.73267956916932153       0.67900989624552133        4.6110841702956706E-002
  0.84790324394620897       0.49592405276086443       0.18740176839818318     
  0.69457454233843496       0.63859942302737749      -0.33129591311175616     
  0.23181765867841009        9.3018568411798730E-002 -0.96830166738240164     
  0.57778013492470637       0.56774641725034258      -0.58637370454843030     
   7.0425620794108024E-002  0.12568895338140351      -0.98956683399033052     
 -0.56926563834582622       0.66930887447657428      -0.47745393866387409     
  0.29476740951976849       0.86118229237216914       0.41409809657820895     
  0.25409222573837159       0.84163248075624786       0.47654161219710611     
  0.16755163082806063       0.79271217603081201       0.58611761360617043     
  -2.5348566435541002E-002  0.97268577781579857       0.23073757347812784     
 -0.25201322221796030       0.79490098362020811       0.55192550409178598     
   7.3055204425159517E-002  0.60357672662736883       0.79395092554906044     
 -0.46783301191756621       0.77860037707523855       0.41822688313695261     
 -0.57836724857618371       0.53051013631197286       0.61971793668145259     
  0.10915439150207944       0.71770882575558770       0.68773494912529964     
 -0.59831496178989019       0.22572494777030550       0.76880911444419753     
 -0.49503547880138987       0.23856647760010857       0.83547944947401231     
  0.25469530510836136       0.57870335578700560       0.77474687966887146     
  0.48647747380660111       -4.4672714688337473E-002  0.87255029427600861     
  0.94951806897665358      -0.21844196535345306       0.22516337281933829     
  -4.5782846047469850E-002 -0.81536580833987915       0.57713302591187721     
  0.18123483842640881      -0.92159901528607624       0.34323343130343320     
  -4.1487037596225532E-002 -0.99833446896482481        4.0088823732791767E-002
  0.52651993452694557      -0.77072679694571811       0.35882720495470938     
  0.32931852608616419      -0.81692709535439123       0.47347590144837243     
