 -0.17691114243818259      -0.91284377973390907      -0.36799277368229844     
  0.20981255515808747      -0.97170979341037045      -0.10843785818815153     
  0.46918689264893126      -0.85511754034423426       0.22053945670126968     
  0.39169681931555178      -0.74787139416567383       0.53596826354437543     
  0.45364759982217256      -0.64735161546990960       0.61248652321834485     
   2.4390265036157759E-002 -0.18099605518143175       0.98318133779087236     
 -0.58671178151747050      -0.76733796349955707       0.25876965664655677     
 -0.72371745194051618        9.9140293190703999E-003 -0.69002518923540190     
 -0.88871783081767763       -1.0994240098204267E-002 -0.45832275076787188     
   8.3657238444723673E-003  0.42177950814968879      -0.90665983762908364     
  0.15851863066980304        3.9191062716192326E-002 -0.98657787545321041     
  0.47903633064715412      -0.26114926406732997      -0.83804848057689996     
  0.93919611979546647      -0.24452561777460743      -0.24107648332651563     
  0.76088810114021765      -0.57006893900088940      -0.30995274209088153     
  0.57731759281711803      -0.40045595652873617       0.71157531147765785     
 -0.17003657958350113      -0.58375339086458722       0.79392665924357841     
  -3.1187164598243895E-002 -0.43080638859172837       0.90190532558185443     
  0.27779671313928406      -0.70131539599344794       0.65649501255651677     
  0.84381431368728133      -0.13009126951044525       0.52062814523769108     
  0.26361907769298670      -0.63506384884220957       0.72608462989518940     
 -0.16471420899151459      -0.72793025067851502       0.66557252009336743     
  0.29882926997716880      -0.69057661441503582       0.65863875305662400     
  -5.3376527351546910E-002  0.19661241614324995       0.97902732553599636     
  0.56935700237652187       0.24306609917878130       0.78533526297680156     
  0.34151924020154173        4.0158050242599191E-002  0.93901647460141280     
 -0.41663306636983982       0.10802684140685642       0.90263341924780394     
 -0.54212634109044566      -0.67292037809230598       0.50326652485939538     
 -0.67703765615436529      -0.49249557397309052       0.54687121131573446     
 -0.77522440201477238      -0.63110506238687980        2.7083698981445012E-002
 -0.87935797095390245      -0.34862598938373834       0.32432927472874951     
 -0.63936160283816301      -0.76769850821062613       -4.3078315977476717E-002
 -0.64426800037501808      -0.66260652350289884      -0.38193106538249844     
 -0.82117398255022522      -0.51317697245867777      -0.24964511876024154     
 -0.39946685889039663      -0.18343566101467651      -0.89820798644655975     
  -2.8120339871204381E-002 -0.29958558275964120      -0.95365492977706767     
  -6.4532443803780759E-002 -0.46159244663194987      -0.88474175718626979     
  0.46062542175794224      -0.37965845412397131      -0.80229899603734456     
  0.31142424514011535       0.18130625045040610      -0.93281454913962847     
  0.44160267538170972       0.89720880557319538        1.8537253520715148E-003
  0.20851513485669326       0.97720181142016993        3.9975721292963569E-002
 -0.12506396396120825       0.97214834046050724       0.19820849895559997     
 -0.32876971314917153       0.92938267093940707       0.16780442983832905     
 -0.84413092594504435       0.38093295415814732      -0.37727054523187509     
 -0.92697249145157423        9.6457813381394142E-002  0.36251605527176356     
 -0.88069132906282110      -0.13268911755992302       0.45472671022798200     
 -0.58574611485829298      -0.23812016802627173       0.77472593509419085     
 -0.88943306556350765      -0.22331862211708614       0.39879520420640258     
 -0.58633930812250712       0.79376305545978243       0.16169856999231852     
  0.16767985463090351       0.98518525156286618        3.5965072695033629E-002
  0.39135824895170468       0.89025747304034175      -0.23298144276586957     
   6.0024226028285693E-002  0.49441407183661090      -0.86715155414705414     
  0.40898183734745552       0.44420688629696004      -0.79712865892918949     
 -0.47227347463394154       0.12836246930513354      -0.87205552669026243     
 -0.78648525057606700       0.21645761134412980      -0.57843500336467701     
 -0.94047815278074809      -0.21656256420288539      -0.26191888043426315     
 -0.95892974994162661       0.16706109124804608      -0.22922549262219544     
 -0.79155689888971781       0.35178529182091511       0.49968468485494655     
 -0.29637282704169715       0.93076552865594553      -0.21409969186605465     
  -3.1916085778928870E-002  0.81161438902778704      -0.58332104967298926     
  0.19584055260220712       0.70078162626016893      -0.68596763061576826     
  0.23503404053321736       -7.5442036969791834E-002 -0.96905495140807263     
  0.26125544309158139       0.65372529957645287      -0.71020336957006536     
  0.26268259637534691       0.40303138283925527      -0.87667756787100182     
 -0.14754845486979401       0.65566910729414596      -0.74049137416021782     
 -0.11950382838932969       0.42389353779508904      -0.89779346378546843     
  0.28902423498986107       0.33942556503168275      -0.89512863734295356     
  0.17494431142183373       0.70329572228778303      -0.68903527842400947     
   7.2341587197159635E-002  0.94179298139723855      -0.32831794796014069     
 -0.29668756156527326       0.91959651280076338       0.25752425993907163     
   3.0094367570537461E-002  0.97807499874677473      -0.20606704216614058     
  0.55565707498260419       0.57997661935330469      -0.59571162152951984     
  0.66162902083491537       0.10884150620007572      -0.74188986063774864     
  0.96416268435301178       -5.7097148798504763E-002 -0.25909502832037540     
  0.72927337708488116       0.65549150144179502       0.19619182707968744     
  0.95028258360794149       0.19084762422653137      -0.24604917317178626     
  0.84356312727817073      -0.33243537472663065      -0.42176767529901676     
  0.99704736470783084        7.4675479954689969E-002  -1.7892043559657705E-002
  0.86053164290883288      -0.47563487261861731      -0.18236435918719632     
  0.64572819494721334      -0.37288847967420730      -0.66632520586910471     
  0.93517441676850943      -0.32937872732867329      -0.13022466818956735     
  0.69997981632707285      -0.68920989234408658      -0.18713091949171556     
  0.92606396485463394      -0.36933393589073404       -7.7446606105228272E-002
  0.84188493600858372      -0.40393406100367202       0.35786453985117422     
  0.62347170458863266       0.39107536619907918       0.67701040725357664     
  0.56270529280078252       0.77814803788974074      -0.27901323370470454     
   6.2098555397606808E-003  0.93685113182094515      -0.34967326820908951     
  0.18191531041541048       0.83174230800096505      -0.52451077483476116     
 -0.14077705605335000       0.98176124971113687      -0.12777585474016245     
  -7.4252684897162760E-002  0.83839221646483986      -0.53998613885615243     
 -0.11263718223870769       0.61300072404839145      -0.78201213385312918     
  0.19691735550747227       0.19898201428145940      -0.96001547544424526     
  0.33446504869769839        5.0712114107092185E-002 -0.94104272627892693     
  0.28698806684981115       0.79454373062597150      -0.53510569947331765     
  0.22651535329322237       0.81475097619067927      -0.53373368033018065     
 -0.28199924827825606       0.95027929091965668      -0.13208214572672450     
 -0.31252037940397126       0.93265520549492587       0.18023673354915254     
 -0.49728503665685914       0.74867294034133136      -0.43840212216405416     
 -0.27894739889282544       0.73136908565931735       0.62232436011524450     
 -0.16979878954809027       0.70833447307116137       0.68515008963513147     
  0.19736010598408829       0.61991136298657923       0.75944643695664371     
  0.69132569114949871       0.44278321305693080       0.57097444337877834     
  0.64961941859662398      -0.39840309544680375       0.64751029684522321     
  0.96657518819859889      -0.25250467089979384        4.4427432208687612E-002
  0.40076145570985766      -0.90664842996551120       0.13182898034360899     
 -0.17821299281470232      -0.87745366884895415       0.44532593481133104     
   6.0705056178123391E-002 -0.99809290973901821        1.1199985855407431E-002
 -0.30839856302253360      -0.92899445999358354       0.20459623561269447     
 -0.12504473405673289      -0.49073880288266980       0.86228721539287145     
  0.50769101634524849      -0.50114712512082660       0.70078626620780271     
  0.46399886898564940      -0.87802006881641026       0.11741298197262778     
  0.37102726549796866      -0.83578869601319672      -0.40471721469895894     
  0.18511467895569111      -0.44416585863188379       0.87661236910105333     
 -0.55307065658880417      -0.36094360607340614       0.75088784918599727     
 -0.11160976140964797      -0.24776099099164992       0.96237090173222384     
  0.41718143338274238        1.2417379685399290E-002  0.90873838937421980     
   1.0639902875036800E-002  -3.9942359746490755E-002  0.99914533495616509     
  0.79396851801631496       0.31269965400723548       0.52137598600507173     
  0.43912000371787774       0.49866660956903791       0.74733207801868939     
  0.82092438263933831       0.25696445401558488       0.50995335802475261     
  0.84664056148420275       0.11739886493783180       0.51905420349040310     
  0.66657715605948453       0.31379561741175316       0.67617098836964951     
  0.19958728264072306       0.72090077836048971       0.66367686743423404     
 -0.10422084028681824       0.39445185709303082       0.91298726655181162     
 -0.60339621160799706       0.47339768276989658       0.64172240553467208     
 -0.61291795088973500       0.77156712832351049       0.17034010675031663     
 -0.81411056243873403       0.58056840115663522       -1.2818880766134586E-002
 -0.65262958638238777       0.60588507173577244       0.45494824192001726     
 -0.20375402321515779       0.96922393184557731      -0.13816391700240779     
 -0.37397647815557583       0.89714116113917086       0.23511556897868816     
 -0.39932532575135571       0.91224652770204451        9.1354019665842612E-002
 -0.52322282016362365       0.54953582891533415       0.65134342185856597     
 -0.36151326321761479      -0.23600276569454687       0.90200379993783109     
  -6.2024378251875317E-002  0.43326243530633840       0.89913104643036368     
 -0.27236790390446397       0.15178467762164458       0.95014585015251196     
 -0.73412065085293976       0.38046146870426922       0.56241971944690328     
 -0.42617711629319072       0.41506767311539816       0.80379841520288298     
 -0.13451263600215807       0.11471004999620804       0.98424994548418465     
 -0.31048477624757603       0.87197893843152674       0.37848637313698413     
  0.44411060256929424       0.44644163684768190       0.77682407118622554     
 -0.15576638742084686       0.72142499703920737       0.67474647549792399     
  0.17563273649800079       0.24347483337399864       0.95387271026262377     
   5.7124174142739681E-002  0.20301330705851442       0.97750827407528540     
  0.20197695782317293       0.86141912591008252       0.46600686478293996     
  0.23809200322796703       0.53423015408741092       0.81111672431446091     
  0.63573601557666715       0.54023781749676414       0.55134636939500314     
  0.52031129347478478       0.31606807276670240       0.79333292586414172     
  -1.4053046976635231E-002  0.13381309947189796       0.99090694128176959     
 -0.24646605829163509      -0.36628504669293716       0.89726793472150090     
  0.12930171161484003        6.7880147934644169E-002  0.98927920876254949     
  0.96529604472713648      -0.16982596617356338       0.19840032068370994     
  0.99009993399939200        2.8933721315708903E-002  0.13734977417244348     
  0.82059055650126289        6.0209441909598038E-002  0.56833613441860142     
  0.95665360725004078      -0.20493454239203576       0.20691957150073997     
  0.93862771227694830        2.7889489792296031E-002  0.34380255104478685     
  0.97672165950462242      -0.16842849909965771       0.13284065848074122     
  0.82104116390817750      -0.53282588503620909      -0.20490969572889806     
  0.56118879801959221      -0.43588856016658672      -0.70361089821950251     
  0.33571636144111316      -0.27329850467618266      -0.90144464722050610     
  0.22797034717192444      -0.53812845060289727      -0.81144765170776589     
  0.47327022818381109      -0.52141595370665306      -0.71002865740409671     
  0.56407349958989528      -0.37159052446116719      -0.73738834354167193     
  0.10978812370659398      -0.73190647353487992      -0.67250240288846574     
 -0.20271299030823259      -0.40774607883971675      -0.89030926017376244     
   1.1908797107635316E-002 -0.24920177646658509      -0.96837836363551077     
  0.41579889643847356      -0.57226220349699142      -0.70684315669697384     
  0.74230641262953589       0.18393061293152574      -0.64432190665511135     
  0.24105070320933955       0.78869922442526696      -0.56555113992752282     
  0.45538134334465075       0.25037894684076312      -0.85436421689612496     
   9.6861200180169277E-003  0.62374461766207046      -0.78156818705511755     
 -0.48337152879523670       0.86959280198187416      -0.10079843198936610     
 -0.33806723109006503       0.93465874241561786      -0.11010714095474808     
 -0.39255337044742822       0.91301104217682283      -0.11096255320412364     
 -0.32121041005143114       0.90491175855626627      -0.27921064037963983     
 -0.21125585230965530       0.97718461256578015       -2.1936221864299520E-002
  0.13452661152828682       0.98921164290792385       -5.7990657231852559E-002
  0.13901505540046119       0.97746157486466412       0.15888261086452835     
   5.6872886376905844E-002  0.95562626743529400      -0.28903963704472130     
 -0.28743122977896302       0.71372093357033850      -0.63873759645984129     
  -9.6171319261619731E-002  0.75615034468659037      -0.64729261820439032     
  0.22011326653555516       0.80483221903200697      -0.55117624141744515     
  -1.8780555260541204E-003  0.80166049529493266      -0.59777664992114876     
 -0.89278268305090880       0.31159411439994172      -0.32534318606021612     
 -0.85645400120134063       -2.4161556576349313E-002 -0.51565760249417192     
 -0.83858572840404233       0.53083916386997632       0.12240816238686497     
 -0.50157867043237592       0.85926036138856599      -0.10045132509687181     
 -0.61900710397748482       0.75382767170387111       0.22039520548086144     
 -0.55821952678999753       0.82840345849110297       -4.6245755160346541E-002
 -0.85204767929410008       0.32441053815935472      -0.41081937021117898     
 -0.90945304987238651      -0.23868157723579975      -0.34047944837551475     
 -0.93550196160283750       0.32409359727880005      -0.14071041198206227     
 -0.89228835882657564       0.12958365757301893      -0.43246914386183727     
 -0.78334008351509665       0.59387059350640170      -0.18356478890833217     
 -0.52474107700813843       0.85038539874477592       -3.8619628455817380E-002
   4.1896244056185333E-002  0.77359166604598684       0.63229790364843530     
  0.68595493720432799       0.68096911785358483       0.25641155327857490     
  0.87241160016501662      -0.21593108745328315       0.43848804472745007     
  0.83197539674251830      -0.23946959286659886       0.50047103143685767     
  0.58495606180433735      -0.75939562077367584       0.28485908254466885     
  0.74909740951583914      -0.33002654954473332       0.57440016334636668     
  0.75096156675888392      -0.41135885443562248       0.51656617981486963     
