 -0.66500711844308547      -0.13447815176421810       0.73462994706053686     
 -0.74455316275006611        2.2065343100300561E-002  0.66719840263055452     
 -0.81827524164554311      -0.24207826333325785       0.52136718666550708     
 -0.89218288069105711      -0.18906710689630030       0.41019914248041639     
 -0.98919171819999319      -0.12322858897412058        7.9463573440962318E-002
 -0.67366956676371215      -0.72079606006878827      -0.16316358235134948     
 -0.22541973509293067       0.20658689296129693       0.95210703110903450     
  0.48031043829655951      -0.39946097798536567       0.78085389794141891     
  0.18994961546926684      -0.38466609029305243       0.90330013979949142     
  0.81687333049927002      -0.46989734152727403       0.33453617195254703     
  0.76414782512181634       0.51272047007868993       0.39140237725888866     
  0.42230300043012325       0.22279357736450012       0.87864850635102754     
  0.33261806388259729       0.55495296709953446       0.76249093626508546     
  0.55724161730700317        9.5103136710120231E-002  0.82488615779936425     
 -0.36443571419257625       0.42027205935505191       0.83099819876245062     
 -0.69788485671714751       0.53058651231107368       0.48107658404716674     
 -0.65161183422107594       0.57447765448403743       0.49535587409619330     
 -0.73656843097064317       0.31965245358784034       0.59606145271501976     
 -0.24404257675462079       0.50342533349189666       0.82885834394639235     
 -0.39316529577119091       0.90487181893286195       0.16318100839958802     
  -3.6941233762462833E-002  0.79650855680158350      -0.60349769195084080     
 -0.20636106024101941       0.86206988893810077      -0.46287214152772166     
  0.37367310012910682       0.76011172292877316      -0.53160002154450547     
  0.35461602098423778       0.91184098734663255      -0.20686587794035813     
  0.34758106326501509       0.67353500067032435      -0.65233274280200115     
 -0.33709591783219101       0.19155570518597720      -0.92177695457829456     
 -0.78831017318136809       0.54044414103008731      -0.29408706412399616     
 -0.97344736866804715       0.22889326168880889       -2.8452041640811068E-003
 -0.85794909917462248      -0.20440563451746180       0.47131908491275148     
 -0.92497296043531407      -0.17085336405822008       0.33946155961102786     
 -0.93440977036915951       0.19246957478355245       0.29972294510323427     
 -0.89220090413587694       0.11510722616504920       0.43672402400571197     
 -0.82863144732340621      -0.10138175495064171       0.55053761385568645     
 -0.69404038484755204       0.50413708781139144       0.51395889027600716     
 -0.53462250952530421       0.82617666826851888      -0.17779450249545312     
 -0.80227131436120203       0.55648381883815179       0.21607058458860690     
 -0.77284511666125777       0.56997721839512983      -0.27899174927480375     
 -0.22279880687900633       0.97472519133780855        1.6477045390787492E-002
  0.54876554309120751       0.47944613016047072      -0.68482682992856236     
  0.79505571714454071       0.14712858179435420      -0.58842126665767613     
  0.62135631092100851        2.8913011416322347E-002 -0.78299449081683670     
  0.62119739925261364      -0.43588105513037367      -0.65124611088300832     
  0.49788421605203775      -0.86011272484361778      -0.11098381849794500     
 -0.23212089270766190      -0.95975563383545826      -0.15807913995767198     
 -0.90021090265878323      -0.28319964117452612       0.33078436174177439     
 -0.81629386132184989       -8.1447688706044061E-002  0.57186589859225490     
 -0.66126014653230736      -0.46742929203573530       0.58672384948546652     
 -0.93970377847847042        2.9312267204831169E-002  0.34073097849269929     
 -0.87893011942708743       0.21950210227502431      -0.42343910100594551     
 -0.79959367045502405      -0.52544462447756557      -0.29078842613811862     
 -0.60170662471109626      -0.60962817671418046      -0.51604517625391211     
 -0.38326437859961737      -0.86567132911156353      -0.32205832709442683     
  0.16657991045299808      -0.83956154170594965       0.51709530177884877     
 -0.38230983231608190      -0.62945118776988007       0.67648384631825342     
   5.4920921031506510E-002 -0.99187986030030717       0.11470847903990522     
  -9.1685910031930329E-002 -0.94610797352051013       0.31060166828675967     
   3.7578511916052965E-002 -0.53342622000978279       0.84501143379736154     
 -0.64605863684083253      -0.66989608312628213       0.36585171254955390     
 -0.26931862046889438      -0.95758208575266412      -0.10248916876578872     
 -0.47340710837852529      -0.80650859008179576      -0.35416042108196333     
  0.26757617506303766      -0.54107046150105365      -0.79727394678974717     
 -0.38003045850494938      -0.69277189270571304      -0.61289799745588802     
   2.2345648437252907E-002 -0.81375975409870349      -0.58077167166208299     
   7.5288058305078912E-002 -0.87801157315802514      -0.47268106126359438     
 -0.19452757122823011      -0.98089604122375473        1.4072468392993323E-003
 -0.24005982707283977      -0.80821227786350414      -0.53773989375575593     
 -0.18537064641806575      -0.91757875939623501      -0.35169154631782595     
 -0.21279507003838374      -0.97026073591765960       0.11537921174953945     
 -0.10229255199098049      -0.96507767592935989       0.24116656739690079     
   8.8600477676812131E-002 -0.98085898858472753       0.17339434785501903     
  0.74568941619446283      -0.43682023456972935      -0.50312560782179838     
  0.93562152655738107        8.2351566089443023E-002 -0.34326458979193419     
  0.85200283802526611        7.1541605816654835E-002 -0.51862603350982117     
  0.48079331146431076      -0.46999013662529820      -0.74023446496781886     
  0.81875142420409719       -7.9600731548539139E-002 -0.56860340211849014     
  0.81451480660867925      -0.16007581270642096      -0.55762116531002537     
  0.60507960848766018       -3.8777598211835330E-002 -0.79522007348241741     
  0.20700563750000309       0.38080566733383664      -0.90118572434860078     
  0.21587932504546595       0.68515955450080612      -0.69566694753610858     
  0.17660367971399710       0.52542699457454423      -0.83230860483591229     
 -0.12918574331292659       0.67591129417063445      -0.72557216466545649     
  0.27607883182760518       0.72995081178413379      -0.62526177797178462     
  0.49010367229069390       0.61038617140229690      -0.62227575251492484     
  0.61904925270938249       0.12368121000966428      -0.77555204919499521     
  0.99235653573075844       0.12099930496400989       -2.4241992300588558E-002
  0.95443398724377893       0.11199094446974586       0.27661126576977957     
  0.84110715975107231       0.30380111089036155       0.44748590015478679     
  0.99579924555150467        5.3427658999605811E-002   7.4359584539448159E-002
  0.83485146693748424       0.17091870674580620       0.52326840515811357     
  0.86835399101516741       0.18645410962970768       0.45956088964388669     
  0.87135132642147284       0.26344208032625516       0.41393856580043842     
  0.45394593063594879       0.48133599292735324       0.74983248394007662     
  0.68010572981925332       0.54527934926249044       0.49002717020075198     
  0.44996464450344370       0.72780651696189702       0.51752245609702829     
  0.48303214250269672       0.79701261673432433      -0.36256149557778428     
  0.39981087504952967       0.82240424317507110      -0.40472524630892864     
  0.55412325338431612       0.60779821232527242      -0.56879588004228676     
 -0.53880515479595392       0.83652096674713328        9.9607616966877782E-002
 -0.88250532766907752       0.34329233558752187       0.32145718060510864     
 -0.79825472950730325       0.35831078830428348       0.48415159382579892     
 -0.98661286676355353       0.13348427834001844        9.3685636960583615E-002
 -0.54100792303468792       0.83373619755715167      -0.11042816713431550     
  0.21772803712678834       0.55985106529022466      -0.79947563223800056     
  0.42002796377403129       0.89233188602599456       0.16528858045607675     
  -2.9738395431629150E-002  0.78494482684031619       0.61885155461857955     
   7.9839315569777664E-002  0.83068756864449900       0.55098443443430878     
  0.34566626415218787       0.69691264848116774       0.62835308085029740     
  -5.4589974726192758E-002  0.64725631018009144       0.76031520015811871     
  0.14426543086951796       0.47605278198474821       0.86750287274489080     
  0.68745663998734496       0.17779441238347951       0.70412535465112525     
  0.96057878845631084        6.0780830207187483E-002  0.27128229180535163     
 -0.33126091172004646       0.90710397842979262       0.25967013822016827     
 -0.82687450258972617       0.53678369023323869       0.16775525883442954     
 -0.39344206424583095       0.57601392803028084       0.71652724777016552     
  0.26529768430608791       0.73888928653573771       0.61940274534790862     
  0.11968034333270128       0.24966299447686097       0.96090842675490928     
   9.5787105283187096E-002  0.35778436318478152       0.92887845271702230     
  0.21983445921168510       0.93075305707760436       0.29218411538584688     
  0.60040978445826032       0.60240838684563325       0.52593937500900478     
  0.48688026732598899       0.36644865979242108       0.79288270571690056     
  0.10534672897016267       0.68940521894011764       0.71667461988923886     
 -0.15775835749074546       0.17204316819652038       0.97237515852613288     
 -0.51831795375506262      -0.17452689181082315       0.83718986069469703     
 -0.20799873034766669       0.52991873469377726       0.82214515919897702     
  -3.1939708354695284E-002  0.93392069154736146       0.35605055389634366     
   1.6830279653399748E-002  0.99853417018992108        5.1441740346744147E-002
  0.17127124510242731       0.65717253582238888       0.73402344564861577     
  0.48530782418507545       0.65806944906102638       0.57569168484292310     
  0.78338862098907647       -1.1330897729531955E-002  0.62142890121191230     
  0.78194944431114299       0.16368337144929557       0.60146722309072387     
  0.47924509879738075       0.10466284775645238       0.87141828278862254     
  -2.7510435001211614E-002 -0.29518531391673708       0.95504387669569546     
  0.34544812908957506      -0.17982874935277082       0.92104680175049336     
  0.31056942762096773      -0.41204736117474561       0.85660002496858545     
   5.1426902213188769E-002 -0.50447530217754044       0.86189323191549094     
  0.63301616661973270      -0.55599154204728773       0.53866867179186995     
  0.63690370757163717      -0.41546365316298778       0.64941790873209881     
  0.54077230581865543      -0.83740012420600696        7.9538325600996218E-002
  0.18185744015660410      -0.68955603129262277       0.70102806731806400     
 -0.55674178813285158      -0.64330004779256489       0.52555078713360537     
 -0.12072751705393453      -0.64349860555341398       0.75586666236634747     
  -1.1784917152149001E-002 -0.61870089938741346       0.78553823129424627     
  0.36931677248641503      -0.48676198976081320       0.79162357650864346     
  0.41681575780903191      -0.74597414815336904       0.51941042955347205     
 -0.57061869781325469      -0.49284569123997957       0.65688463700417765     
 -0.51999838237702078      -0.55782978700038777       0.64685980788761788     
  0.50785008330268777      -0.52277516784399025       0.68468563353932188     
  0.76900457597660721        6.7430050792585239E-002  0.63567692295473543     
  0.75018400641887240      -0.47755099033768167       0.45734998430178814     
  0.50749689045332813      -0.65131483433112236       0.56412400477241453     
  0.81666843869264283      -0.52730696448847603       0.23452084437266985     
  0.80365417386179328        8.7526653491845269E-002  0.58862471385683079     
  0.76035337698571859       0.55254670818010476       0.34140134356171714     
  0.65937631421662890       0.34561564814300677       0.66766211515168550     
  0.73464357380642609       0.39762849388210919       0.54971847369175830     
  0.39605389833951066        9.4659997256352865E-002  0.91333498483827225     
  0.47044321332616301       -8.4024002398456032E-002  0.87842082742631478     
  0.37931076556136639      -0.92272023748640664        6.8634586487292898E-002
   2.8989874748285793E-002 -0.83467503766934392       0.54997924383904739     
 -0.62373623086734586      -0.39809255257974246       0.67266294225561640     
 -0.44742642769670926      -0.25176713341998136       0.85815086221951431     
 -0.51007108873009965      -0.16565164328061446       0.84403022310825027     
 -0.31995085792224603      -0.92609232598794866       0.19996112687488418     
 -0.66501814088052980      -0.73963441857654233       0.10340115645768168     
 -0.18101065452887966      -0.97063620719541754      -0.15843136125259430     
  0.56173236301424812      -0.82728778497354738       -7.1884056624821752E-003
  0.93601649793930164      -0.32316977827228432       0.13940735273629479     
  0.93414097298474286      -0.29622201382094671       0.19908079043187593     
  0.98503868650745274      -0.16051561408022555        6.2717810230793036E-002
  0.99356946472637997       0.10049355708011092        5.2160940834758175E-002
  0.74785356658281232      -0.65933278103834081       -7.7429495656951897E-002
  0.82237200604899829      -0.47535656729100956      -0.31263463915611278     
  0.75795709700603242      -0.13518852267677706      -0.63814191402435594     
  0.60482966842003816       0.23101384962214808      -0.76211132617338462     
  0.55780435354122004      -0.32310356932686163      -0.76449878133242533     
  0.38810616515476776        8.8443731704887257E-002 -0.91736105808509671     
  0.73408806639556279        8.5144048479237761E-002 -0.67369518462304911     
  0.63679316183158396       0.36486622873818686      -0.67924009317101097     
  0.47651576710288046       0.34116178438446698      -0.81027239899803127     
  0.54044380030337957       0.17616442862473608      -0.82273117894057990     
  0.72037997152410083      -0.27433736846891016      -0.63701782148423081     
 -0.20894401419580655      -0.39410478584080216      -0.89499933894344053     
  -2.1004258962307787E-002 -0.90877761879781516      -0.41675179744979585     
  0.44290845390597466      -0.60223361576599965      -0.66418880862302487     
  0.11821289707931906      -0.70320072308231585      -0.70109518185526076     
  0.18893476169461687      -0.91060874202128295      -0.36755322713566507     
  -1.1691294411739104E-003 -0.98442910794665073      -0.17577816862095197     
 -0.26246105042237788      -0.82645367123408575      -0.49808485854812029     
 -0.71138081222862026      -0.60477988946086869      -0.35802042580933785     
 -0.38141460132979094      -0.46199754377069691      -0.80067544700853510     
  0.37117995185507852       0.21103684398832548      -0.90426151848916536     
  -8.4479936685544453E-003  0.51597320655878776      -0.85656306336221799     
  0.30636104870272191       0.31832631412372692      -0.89711273849734774     
  0.96035651084447338       0.24974221180219058      -0.12387170670822162     
  0.78889340742770664       0.17528064684132746       0.58900245038540211     
  0.90309936455014783      -0.16785709902084023       0.39526640643694583     
  0.95456517484757986      -0.29720290900721902       -2.1811873965661571E-002
  0.74869168855556489      -0.32003213341057313       0.58055162481260836     
  0.89877074819642877      -0.42075376699715572       0.12319663040930601     
  0.38169682890019807      -0.70939188605214920      -0.59251217946214563     
