  0.17175695382541206      -0.59994449711435061      -0.78138732341578898     
  0.49298607660618848      -0.61911916727076788      -0.61127423059574015     
  0.48389070658716982      -0.19926359492862700      -0.85214071831753113     
  0.66139489416867103      -0.22739042192174591      -0.71473798694757074     
  0.34640663229895574       0.19571779889046900      -0.91744045490526749     
  0.58222003573079573       0.74502466441654902      -0.32551202651310396     
  0.66539691763214348       0.26541243240040069       0.69771282253731037     
  0.16613478848043117       0.43182565753213698       0.88652458147164181     
  0.36784162763078654       0.34717742207238522       0.86264730602092299     
 -0.13603248037991089       0.60350442440556884       0.78567014325646189     
  -9.3989252676237062E-002  0.35769726932213913       0.92909562688717684     
  0.58723249435038660       0.46129085721498136       0.66510806838358416     
  0.65292168761382452       0.14734407719662890       0.74295557926337996     
  0.33892877637668850       0.50358409205441867       0.79468883644704380     
  0.82624161995359635       0.28267826578905569       0.48725535759699684     
  0.99206273583848181       0.12176384465480367       -3.1386211870608055E-002
  0.86345438035354083       0.46321428051165858      -0.19969742957383346     
  0.65754562423255813       0.75294819816220893       -2.6509676288575305E-002
  0.85907153424116667        8.1133684007230256E-002  0.50538443226514684     
  0.93395698943951722      -0.28636170313893966      -0.21382543546656319     
  0.48859518037059213      -0.23073762303603135      -0.84144809645892404     
  0.64823129965556625        1.8985037956386355E-002 -0.76120677248738522     
  0.85469815284636352      -0.42060066610090258      -0.30427971867421777     
  0.87813622811882674      -0.22007773561432367      -0.42478530477422305     
  0.58181153927644047      -0.21380727567045144      -0.78471764452901138     
  0.17974759760122935       0.28269215521911445      -0.94221862990190697     
  0.80033599094081587       0.32939457418710771      -0.50096059336133281     
  0.93249634632749789       0.35163039656531814        8.2502292678520286E-002
  0.79170238976494400       0.48133018768793401      -0.37620283951720329     
  0.74280468661545684       0.62893496602749932      -0.22952561088065873     
  0.69598038756942704       0.30693329293591398      -0.64915580087240787     
  0.64062780920762097       0.55373914962158766      -0.53194827215269913     
  0.63530185794033800       0.44698058045623917      -0.62976178829191853     
 -0.11942275305511840       0.11057446683408012      -0.98666686036226792     
 -0.89672171768145692       0.17911656529053263      -0.40473128996527646     
 -0.21455890458250271       0.35697601011625191      -0.90913838587194695     
 -0.50335996420120288       0.76893221286916180      -0.39417254908418720     
 -0.49804404230162092       0.81869035467458129      -0.28582903122447978     
 -0.98598054714283034      -0.10402279418386128       0.13046692663719392     
 -0.99201081246099665        9.9078292080679073E-002  -7.8089948129828557E-002
 -0.94565852570081455       -9.0966748777747200E-003  0.32503415709057509     
 -0.25000433833553282      -0.17567485266633817       0.95217444670296869     
  0.24979586963519484        2.6115090590302162E-002  0.96794629270260135     
  0.57762808560468137       0.34710900602141315       0.73882415543860092     
  0.82001010854836398       0.56376374431744580       -9.8761644739811569E-002
  0.94448491832469228        1.1134711455966159E-002 -0.32836604157254351     
  0.90996961129975351       0.30162822616269952       0.28456233006658999     
  0.82417373105987479       0.37702835594584422      -0.42259588242624763     
  0.49745760870874833       0.74005168021126777      -0.45261400569828764     
   4.0960613348288655E-002  0.95630199165170726       0.28949737290190491     
 -0.30069905116800760       0.91143140840348669      -0.28084313842839481     
 -0.70583011679279728       0.41409413323041105      -0.57474332971546815     
 -0.55175022663488593       0.82899734591588714        9.1296702419818437E-002
 -0.51259944581064276       0.78802623055615406       0.34096402758955324     
 -0.92871637098202997       0.33348643420284202      -0.16208855750053697     
 -0.67813863451472445       0.64810805035344132      -0.34653130803083287     
 -0.84026733778025509       0.50441346920119945       0.19879097853807332     
 -0.51455088331547394       0.85430925947856162        7.3437576542775607E-002
 -0.71947434748892158       0.65325681294359150      -0.23582239004847486     
 -0.39737544940157360       0.70716507548438512      -0.58481647397116376     
  0.43566490797644625       0.19461159719678367      -0.87881876072056553     
  0.38157382036531945       0.66688371190516160      -0.64005275908115000     
  0.52454895026781478       0.37860125127266153      -0.76256769621309761     
 -0.25541352603821182       0.33232312158305133      -0.90792360558479279     
 -0.52926672679647924       0.55252412896651237      -0.64388960141937635     
 -0.25266073403832046       0.65697456601145132      -0.71031470003745301     
 -0.35355184496556802       0.76525390076536415      -0.53794754417587443     
 -0.82994177876260278       0.18671869205155334      -0.52567363820434976     
 -0.96043576204947489       0.26204416396234331       -9.4318625465920111E-002
 -0.74421020119941639       0.27611693082559985      -0.60820277617112872     
  -2.9918798503502070E-002 -0.44891507229797767      -0.89307341431702225     
 -0.15058195527787410      -0.80220780216398480      -0.57774364288316049     
 -0.22944002013612541      -0.61818180841316162      -0.75180351748780871     
 -0.67992788293633810        3.0031311253364140E-003 -0.73327283817774080     
 -0.71216317197329304      -0.51959159014192235      -0.47206799927420778     
 -0.89993416397580173      -0.43559275157190686       -1.9428208545936666E-002
 -0.96418383794890861       -7.9802771882121065E-002 -0.25294474542495077     
 -0.44565134716114707      -0.55256701621709692      -0.70431851414147872     
 -0.11601488463128266      -0.91064757591955225      -0.39656215025627195     
  -3.9228885149155727E-002 -0.25326848470777996      -0.96660031513746658     
  0.59724095145759448      -0.31054114271396216      -0.73950486447622499     
  0.34035629526060984      -0.69228208236722244      -0.63631997509887461     
  0.30930272870591974      -0.66869052265123941      -0.67615442535820647     
  0.32370084267153976      -0.45864514037237158      -0.82756413628588854     
  0.15573180657265992      -0.79563721613927640      -0.58541355016415053     
  0.26152883185103615      -0.93636417907154113      -0.23414695014533429     
  0.67648837109572291      -0.70869893382451099       0.20027307599459745     
  0.36698380483590554      -0.86261453363252982      -0.34816526730003816     
  0.44258855615186160      -0.72155969422500199       0.53241616958295279     
  0.51197995031962906      -0.44331753274709346       0.73576225482814894     
  0.56994641895010056        1.3331377313649029E-002  0.82157370570442068     
  0.13680556339053465      -0.18916416706940165       0.97236883728469437     
  0.41057705615616019      -0.13067193116407436       0.90241416620311388     
 -0.11902561153809339       -6.7011749457989989E-003  0.99286857038197907     
  0.46682203603879086       0.28483488585358169       0.83722534270614524     
  0.39755941800811695       0.44921226143670356       0.80009677747634511     
  0.32759389830380137       0.34328768805965493       0.88024757938938691     
  0.42788444304034706       0.89916805591474813        9.1715378354023047E-002
 -0.18084327235490394       0.98223470947955716        5.0106749421689731E-002
 -0.41342040097336030       0.86560009717235897      -0.28252441281119356     
 -0.61499615271535424       0.73393648217239371      -0.28830014270165194     
  0.36369040310360468       0.71627416554383949      -0.59555067833461894     
  0.34010373625333096       0.63964437018589992      -0.68933629548722253     
  0.33341607528107631       0.87421612807109739      -0.35295875419742895     
  0.58729674181867730       0.80934794702857016        6.1998136957287231E-003
  0.44865790847804338       0.89218675707461825       -5.2046821813089977E-002
  0.57995947508726087       0.74443829370465875       0.33084533262936811     
  0.20191919173284156       0.23985632132624382       0.94957758247014035     
  0.33893026920160679      -0.22066143411983813       0.91456809703331066     
  0.61628608374081806      -0.12776669339572880       0.77708888490711070     
  0.73817451830500436      -0.50515366746504908       0.44712207815295901     
  -8.1875529212120837E-002 -0.42672272698173641       0.90066870268348020     
  -7.2063451013141697E-002 -0.54764928232834464       0.83359889790795494     
  0.77129813163031502       0.15207061214447659       0.61804022609015985     
  0.72789496651836860        2.0732935053487889E-002  0.68537512584079641     
  0.61362544106381955      -0.18483350345807714       0.76765903504005439     
  0.36362190946169670      -0.11248539562000352       0.92473030810701162     
  -6.7108768454806469E-002 -0.91517969008766464       0.39741986368013954     
  0.36778509830462708      -0.71058108673382447       0.59984051267088934     
  0.12127007973136728      -0.97767566875635836       0.17159211661321383     
 -0.51941161624503662      -0.66471488212858842       0.53699692586314640     
 -0.83713972431733419      -0.54669936496464933        1.7801300995896149E-002
 -0.93361609504488530       -6.9604045673084619E-002 -0.35144880693931541     
 -0.97817781933392245       0.15634861026309341       0.13683298517512829     
 -0.92342698267520806      -0.22416242830501829       0.31150250946620039     
 -0.94862260961641098       0.15336076942291987       0.27675913521788420     
 -0.61674590923012107        9.8217440491846178E-002  0.78101076678313330     
  -4.0932054449319147E-002  0.22625419642049785       0.97320789429632937     
 -0.25223207201256170      -0.53518098916627410       0.80620114778089347     
 -0.71185835487233429      -0.33785273495161861       0.61572170018941763     
  0.11815950261496756      -0.29138137624337845       0.94928142587979258     
 -0.45880312037242488      -0.76954046024927425       0.44419272481197225     
 -0.37982885035093417      -0.60309673319635670       0.70143023519738112     
  -7.4814084419324856E-002 -0.87973558046203826       0.46954037232349699     
  -3.3138547527050664E-002 -0.98635463462461281      -0.16126491069803089     
  0.28790124871068090      -0.94270690737196827      -0.16857211449136289     
  0.48680134557280003      -0.87350741776476082        3.0399109289991622E-003
  0.93855272183911009      -0.25190016891516820      -0.23593451046631250     
  0.76822769147189629       0.20040419129269543      -0.60800030770397584     
  0.52600328798833274       0.38984479999956712      -0.75587139973595696     
  0.97471102716145219       0.18167990533058365      -0.13011850571296335     
  0.88694783584186032       -9.6590913927442512E-002 -0.45165665260468907     
  0.99598989163033369        7.2162302412547390E-003  -8.9174333702748354E-002
  0.84731282631583660      -0.48739614249789381      -0.21096439187412919     
  0.83157699488232573      -0.38392909116927304      -0.40134543044169801     
  0.86844031968959445      -0.22688570458645524      -0.44083362869881515     
  0.77643165731268859      -0.50750660539327153      -0.37361869199073500     
  0.16856316679086708      -0.84855523693448465      -0.50153810291197565     
  0.76815639271370140      -0.63601923268498373       -7.3588667523533838E-002
  0.66731801474960217      -0.54951548243530113      -0.50271204655805291     
  0.34962201184294617      -0.55882630997275884      -0.75198244934114855     
  0.28171446824802426      -0.88859754354457965      -0.36198254652160566     
  0.59544802185229151      -0.78674764592259172      -0.16269540530528692     
  0.53403635430562635      -0.71999113527403391      -0.44319063325706542     
  0.63651335959851818      -0.45450269653395470      -0.62311960480793593     
  0.50249571244497759      -0.20107339472569496      -0.84087308727769317     
  0.74473822373050935      -0.62173037300115008      -0.24252076488953986     
  0.74962807591476288      -0.27711894872247539      -0.60105144210731343     
  0.61073217032513505       -2.9784485798421238E-002 -0.79127687981874117     
  0.11378264230593182      -0.73123012167703128      -0.67257417394820629     
  0.36766034218162735      -0.86611818174896849      -0.33862245647740918     
   6.0240825391606780E-002 -0.90824453657658499      -0.41408079493615252     
  0.42640315946059065      -0.66781856170371845      -0.61008090795075709     
  0.27360577847634504      -0.12633474296175448      -0.95350899875416806     
  0.77966399893474170      -0.18734530501978669      -0.59751634743507576     
  0.43752295795942475      -0.89527963264494614       -8.3952609426622582E-002
  0.79502961895890101      -0.60464519269135730        4.8291779148729189E-002
  0.88178216373160745      -0.44322199886349201       0.16129003517964338     
  0.76479741197754803      -0.55636901304922626       0.32486680339963214     
  0.82621215694222472      -0.43861675596063116      -0.35353756958983651     
  -7.3807583373171511E-003 -0.89851352681234653      -0.43888377338616585     
  0.25557250968122175      -0.81422497152690509      -0.52126805775653207     
  0.57500960152587743      -0.81322565592936036       -8.9599055192115501E-002
  0.76382249994614304      -0.49380192675234280       0.41561381799909947     
  0.78866533886080159      -0.29356011324946385       0.54021240562263828     
  0.66841204332704229       0.50638555923368056       0.54479262635887171     
  0.16636747545897251       0.61153791571433014       0.77352649647783311     
  0.57189013923450538       0.81769916387179853        6.5648656115359111E-002
  0.85801450831650927       0.51335150665685270       -1.6773017962693246E-002
  0.59260053985807537       0.56575591201307962       0.57336275444273233     
  0.57915155775209282       0.43661116893534951       0.68844328765284146     
  0.74801942715127101      -0.10556670831094221       0.65522714130349535     
  0.46078526264536995      -0.57456333344407384       0.67642731877895745     
  0.26638696744800694      -0.53615158623136949       0.80098655429131704     
  0.18820025550592331      -0.82740144325487108       0.52913846536355169     
 -0.11132508475860464      -0.60734355417864794       0.78660061829441941     
  0.10889961260956635      -0.55655273607493039       0.82364429600466316     
  0.46570577557339793       -1.8369226073241721E-002  0.88474894864648612     
  0.72463536811228524      -0.46852121888732806       0.50536269226482489     
  0.73328951968511480      -0.24162563801702014       0.63553405209546021     
  0.66842768217923276       0.57808466873513575       0.46799845028579407     
  0.89130794519485346       0.21948688705290620       0.39673121032306335     
  0.87218944994467740        7.5850295088818548E-002  0.48325179372681076     
  0.14033316062452061       0.27849982802547846       0.95012864908860473     
 -0.63500182564386820      -0.43123274218838642       0.64094539821552499     
 -0.92570318395687223      -0.37788590815983997        1.6608902024910055E-002
 -0.79153052885554875      -0.59844878361880960      -0.12384859819497504     
 -0.97433338685950444      -0.21934545597170790        5.0616422191979676E-002
 -0.40750301003241551      -0.23786656669197809       0.88168066399619127     
 -0.75259879824031350      -0.61084988110168414       0.24588101115248173     
