 -0.46498405878866378      -0.68360089526410550       0.56256523272114645     
 -0.70044944262174125      -0.61269177631579597       0.36603191878019242     
 -0.88097265377130396      -0.42108657660853360       0.21580842964832464     
 -0.96631801421597197      -0.18657492245367532       0.17725488346757717     
 -0.78412330322547885      -0.14745610066923465       0.60283276595935198     
 -0.90256474391107888        7.5079706407007507E-002  0.42395745156158726     
 -0.91545557717747117       0.39978102362564794       -4.6002384324366027E-002
 -0.63179319040272397       0.76433357434667681       0.12896337343273212     
 -0.34616188292848704       0.77210124831459248       0.53294616347104296     
 -0.36787325191896303       0.76617483042670242       0.52692067689854227     
 -0.12276368681087402       0.87491496151031201       0.46845798885923579     
 -0.25316334757546222       0.92401001858841936      -0.28655506450360446     
   6.0424733496505317E-002  0.96126118906712898      -0.26893452358356379     
   4.6535045347950874E-002  0.96412573056964268       0.26133515876751806     
  0.58828719596426993       0.80860891865859796        8.3541444982001001E-003
  0.32337071060274791       0.85636906600665863      -0.40257099536752083     
  0.44369613688678239       0.88155347814460028       0.16123648248132061     
  0.21027334347311882       0.93174225587780024       0.29604305368714329     
  0.73910001948327408       0.66350539453154511      -0.11615400392318304     
  0.15434607847434434       0.82945150727031536      -0.53683096515254924     
 -0.20458228901791103       0.37686826229752235      -0.90339160937717022     
 -0.37674403748851881       0.45835347970847179      -0.80496957573314243     
  0.53837695532712115       0.16207118356049907      -0.82697230028094837     
  0.35926606612241180       0.22300119697919707      -0.90619995579275125     
 -0.35733588576223374        5.5067224708758092E-002 -0.93235114925085805     
 -0.64868135017111461      -0.70124465445249629      -0.29575063912363797     
 -0.90707552662711699        6.3655966421298288E-003 -0.42091978828939203     
 -0.39618817921474442       0.82552298054393958      -0.40192876886878681     
 -0.35803314759616200       0.84194723681447436      -0.40365469852695041     
  0.17435957776314379       0.86665824228100596      -0.46744221966857974     
  0.48690969821865421       0.85874166723160872      -0.15962986794758441     
  0.45580739402508985       0.76285767277151784      -0.45857146732620668     
  0.52048862363251791       0.81758364880913692      -0.24626930354621943     
  0.98627412703906703       0.16494713390103766        7.4692269476519350E-003
  0.58504723814888460      -0.77531039541582891      -0.23793595754850599     
  0.95040029791528624       -6.0021139875161118E-002 -0.30518311960301586     
  0.76934939347598852      -0.39106906041375883      -0.50514008031956015     
  0.72233732774029780      -0.33793404363916174      -0.60334846241847717     
  0.28131704103587751      -0.92414098867447625      -0.25850368561129100     
  0.13419941165609561      -0.67177706721710362      -0.72849577203468385     
 -0.65311231656403212      -0.48381347709872796      -0.58255370682027963     
 -0.66915509935562401       0.24008780473923949      -0.70327043093100794     
 -0.72412617819983205       0.64935550220396498       0.23233318704651151     
 -0.46728984460412182       0.88368892706179103        2.7093935083269981E-002
  0.32419403177938177       0.75137822281245903       0.57474254761749977     
 -0.15492554841426204       0.48937827734386313       0.85819984625524193     
 -0.49199017507303577       0.78674850698211052       0.37279009427965015     
 -0.22033373455715000       0.89668850403236267       0.38393068665099145     
  0.25124432467462282       0.96742693167584470        3.1006792595260159E-002
  0.34577032645344880       0.61370687808538715      -0.70979345526354010     
  0.86861152256146523       -3.7287766837491743E-002 -0.49408870187218384     
  0.75573619243344381      -0.59888426031767239      -0.26495367555472399     
  0.68590580207132124      -0.19879811370085418      -0.70000895756686143     
  0.84878876295042627       -9.7732390953401277E-002 -0.51962103079804489     
  0.28380925213073233      -0.95323472693228184       0.10390314612799176     
  0.69563142857086002      -0.66878140973971589       0.26235156102263618     
  0.63503404833547561      -0.62494278613215981      -0.45406857578570547     
  0.48773930737792703      -0.84679102040794751      -0.21226242200395490     
  0.10664419705728212      -0.98537294900404471      -0.13291789422452080     
 -0.15728579267548556      -0.95202255690493132      -0.26251520063920397     
 -0.49644212577855756      -0.85999868001350988       0.11809947555991279     
  -6.5827369468218155E-002 -0.99414558241916873        8.5681493832292288E-002
 -0.38272159861683502      -0.90594673754821697       0.18106542098910308     
 -0.41940574597498959      -0.82961915744721382      -0.36855240311223719     
 -0.24085292500603131      -0.61207495575120785      -0.75322912653339602     
 -0.23483625808344796      -0.96966296342726810       -6.7865081204033437E-002
 -0.16442432465503026      -0.97494529230196947       0.14982095474259244     
 -0.58667584960676489      -0.78835887744528532      -0.18520725644925520     
 -0.40271635810955569      -0.85565662987136548      -0.32507117169660982     
 -0.11616796246871745      -0.97010081411841698      -0.21309484963917144     
 -0.72203321757296857      -0.63967027371512952      -0.26360950978007025     
 -0.91173353876395413      -0.23976979410491131      -0.33354519952748046     
 -0.97871275297259708      -0.19219020168400489        7.2001899596720348E-002
 -0.79030761942253747      -0.60744333008893858       -8.0165250659044687E-002
 -0.86057319063181625      -0.14356170370613416      -0.48867557826721247     
 -0.68343498663783164      -0.41976984276541479      -0.59725195532887121     
 -0.71063332709774418      -0.67503029911152368      -0.19832894317131242     
 -0.79300363654963157      -0.60921063317456070       -2.7634844274828777E-003
 -0.98086196209736376       -2.4245757068028839E-002  0.19318890903659913     
 -0.58536833695383150      -0.76059089613634301       0.28079422858472708     
  0.24922777287819736      -0.57573227600578103       0.77872836316101801     
  0.35396464736006716       0.26834143561359225       0.89593632717518179     
  0.41586857764626267      -0.10844798213839289       0.90293541369058372     
  0.45517823214358416      -0.11949618955984380       0.88234541856541882     
  0.44403809738231503       0.38192611734118365       0.81053229976714669     
  0.23405902213107865       0.57251383196833583       0.78577623173777900     
  0.24945958995081810       0.96651744137668727        6.0116125093923625E-002
  0.41309431331708679       0.83742193059466663       0.35787930711930582     
   7.0011393397717003E-002  0.96313551048002510       0.25974678678847857     
 -0.17369893806477063       0.79164162747065114       0.58577488216109663     
 -0.35166063173545858       0.93089613188119880        9.8829103689420564E-002
 -0.54960524033500069       0.75753236697521553       0.35224819769770338     
 -0.43908610891012673       0.71984491675750872       0.53761202068090463     
 -0.50045438604501646       0.52102464657833869       0.69143237206992636     
 -0.12621060150316279       0.94779165146024558       0.29285127537798628     
   5.9217536271249260E-002  0.83308767348361057       0.54996200931308536     
  0.61116605293397830       0.78720322683607458        8.2384072490177485E-002
 -0.16709429829082909       0.97187335732171054      -0.16595684019345161     
 -0.62428957311245226       0.77763364531083379        7.4487868701450952E-002
 -0.55328806115163398       0.60176040288669508      -0.57598328005662336     
 -0.48839455616319072      -0.46006570388266071      -0.74149194575610400     
 -0.55212691367107669       0.34249014296853686      -0.76016864784694249     
 -0.28879282955268210       0.93925960128478214      -0.18544568744875234     
 -0.10261565315240423       0.98577479924164313      -0.13310925177559740     
  0.70496104128985060       0.69142509622244208       0.15799134969159107     
  0.26263491063076078       0.92639033911597579       0.26985893224166613     
  0.24402472707344885       0.81539898801999400       0.52495373406875201     
  -6.5396267617986267E-002  0.45170707651466041       0.88976628684629910     
  0.35573277667235786       0.22424146984987298       0.90728714021558143     
  -5.8809501697936396E-002  0.28067424754193843       0.95799969168933241     
  0.30467188179227256       0.13945208501283188       0.94219327127228258     
   5.7039809366330310E-002 -0.90605908931043455       0.41928914465489514     
  -7.6852368555313813E-002 -0.87286116918016909       0.48187871169506291     
  0.20167540736626627      -0.24502916276972353       0.94830782948154935     
  0.26386487105586814      -0.21943745539696899       0.93926701900554721     
  0.19957373432145872      -0.10679013160539443       0.97404629887940775     
  0.41538222198947278      -0.68207560672682088       0.60185586012215142     
  -3.0610351459779018E-002 -0.99749152847984568        6.3825206575936017E-002
  0.59548667353431195      -0.75622968554241343       0.27113148903715895     
  0.49723277049895470      -0.59227995333019356       0.63400633184942556     
  -2.5115709770560230E-002 -0.16404866727204684       0.98613246366244400     
   1.0226883796114958E-003 -0.41101468109868683       0.91162815118326879     
 -0.71126849159980099      -0.51325024677490605       0.48028253876528809     
 -0.41148641572443767      -0.70721772472556987       0.57491044477226372     
 -0.30221971450296348      -0.78152397239292193       0.54578706904883056     
  0.23813816835638280      -0.55472495523826004       0.79722671606498685     
  0.55937870714585458      -0.48322070476490425       0.67349329059640484     
  0.96474542422081644       -2.8604866539171069E-002  0.26162574042951925     
  0.40369627103193029      -0.60797406313980495       0.68366428845169069     
  0.27350826822169622      -0.51360194507552570       0.81326887880268872     
  0.15372816194202138      -0.21394219957743510       0.96467423903925675     
 -0.14865424433384092       0.24160821502210944       0.95891990597514842     
  0.60521981220345078       0.26461320368165064       0.75079213591634952     
  0.31820870134441775       0.13435697510873951       0.93845161070158289     
  0.13573508138720602      -0.61384601362435276       0.77766899079132368     
  0.24409462231233806      -0.62714931359071246       0.73966313536701966     
  0.53404952099695158       -1.9436538900430383E-002  0.84522974987780808     
  0.74725046281463481       0.14511202535494053       0.64850539390260009     
  0.70548651317721056      -0.58202108589968071       0.40440108221079191     
  0.47533236600538631      -0.70486793707585182       0.52651717266408915     
  0.71314922885330878       -7.9446960749384565E-002  0.69649577013335406     
  0.22536864876424317      -0.37244191565075818       0.90027550873082385     
  0.27035595045910976      -0.69089737240471261       0.67049868072624874     
  0.44753091209268864      -0.64093950048280668       0.62362860697879330     
  0.21171654173199572        3.4316451386240371E-002  0.97672846130401358     
  0.38080983759699139       0.12648921063809099       0.91596088736447789     
  0.63290582297355802        3.7398833759571051E-002  0.77332499408694899     
  0.80987245076374303        5.1835087963605121E-002  0.58431133580461825     
  0.50816892292046412       -8.7747033122876752E-002  0.85677581896082677     
  0.46100685980939893      -0.34598904743656350       0.81716843689820229     
 -0.24865183969375149      -0.61519998381395624       0.74813183499448221     
 -0.46594348818465436      -0.46427354205659072       0.75322423219419277     
 -0.36010234820897780      -0.56511445824655404       0.74227484660001541     
   8.1486329042137928E-002 -0.71273768675713045       0.69668139637524462     
  -7.2284846088472784E-002 -0.41097307759191348       0.90877721721036875     
  0.29879511381735152      -0.70805978594804486       0.63982249060352925     
  0.15360854299516333      -0.72886543503030565       0.66720281259675351     
  0.81775870941807594      -0.57016972111855957        7.8595052582608377E-002
  0.69535945523795595      -0.66867148765472295       0.26335084888566107     
  -9.7254947052863860E-002 -0.97081071301998534       0.21924423540746465     
 -0.31416074441971503      -0.71768242170975260       0.62147805128943401     
 -0.29811879547519021      -0.56016854804990346       0.77287539846997055     
  0.57842449245770977      -0.28341640363390896       0.76491845884138199     
  0.78259104091458565      -0.61107654015125457       0.11889795943174725     
  0.89861155216528110      -0.42710098824537607       0.10040928321102122     
  0.61598814424787485      -0.74571584554443193      -0.25390250855393637     
  0.71910070612010057      -0.28239093359110939       0.63494057602516163     
  0.62547372733848272      -0.32276603067900494       0.71035533773529247     
  0.84320167874547103      -0.39682135131276175       0.36268959745649321     
  0.59048184902333511      -0.79682679340616469       0.12805564135980735     
   6.9609586088235476E-002 -0.74414027804367033       0.66438674890291749     
  0.51338173158319333      -0.76074965812657358       0.39711352953148882     
  0.74604090127180167      -0.66570349540021345        1.6181156988968270E-002
  0.59396157635578317      -0.52399276730005417      -0.61044346636708924     
  0.72534114901996860        5.1089816614609485E-002 -0.68649111296267551     
  0.91862438558423110       0.38263861932800292       -9.8574465298019082E-002
  0.94101029385211699       0.32576802470819932        9.1514047785880209E-002
  0.94699979840645887       0.27102158460137910       0.17244907218750991     
  0.94470452720228448       0.21999668683608647       0.24317650804447782     
  0.75311175518375362       -2.2507630922127896E-002  0.65750748342076537     
  0.80583906130065641       0.10134859111045938       0.58339683780598084     
  0.50198896089421696      -0.32355139858552961       0.80207329815532691     
   2.3403609092369826E-002 -0.69314582764916366       0.72041733231094651     
 -0.50543761511435625      -0.32333119988793246       0.79999359522847269     
 -0.99088504850927328      -0.10778775275330649        8.0799882408300730E-002
 -0.75271470351221181      -0.45180812564841599       0.47884234640914136     
 -0.71307790181078579      -0.64316020837156174       0.27904274281298669     
 -0.97999162895154668      -0.11404618104936223      -0.16312533761790624     
 -0.59159005364203421       0.20816815417498286      -0.77890129542788600     
 -0.33277712244033303       -2.2441312741349390E-002 -0.94273844424782394     
 -0.90841886287353535      -0.29212451738498957      -0.29906259531769530     
 -0.72568026401618091      -0.22507498123316971      -0.65017644316011780     
 -0.88902839162250613      -0.39141462180410463      -0.23753549782524402     
 -0.56730742903747655       0.12669716223844940      -0.81370148705752743     
 -0.48464890277604561       0.50587157954228390      -0.71358908767538398     
 -0.63569174834481923      -0.17595216171360045      -0.75162280292362682     
 -0.86591057630970703      -0.21131231520044463      -0.45337178924107446     
 -0.56953031264946097      -0.81553156575145691      -0.10268148925899154     
 -0.43786373170454407      -0.57643119816813460      -0.68992929075108067     
 -0.66521354529257837      -0.12525365089137019      -0.73607232124141952     
