  0.53964353083192995       0.42770862733819259       0.72515528663300399     
  0.68288677994851898       0.40263183176526340       0.60955168264956661     
  0.80526257252844213       0.26627405456886966       0.52976439777353690     
  0.49173809013518394       0.38689915219026094       0.78006582846876460     
  0.47582865660590590       0.38672168153017972       0.78995786633662146     
  0.73090579492423180       0.32277223801300936       0.60132753247650539     
  0.90072846864560929       0.37508832901842021       0.21908211064699443     
  0.87258469720139398       0.36027817907591425       0.32984174977050512     
  0.50063845661694018       0.43135288403493705       0.75053036260434247     
  0.26237909934090625       0.11397460559949837       0.95821030964373000     
  -1.1197752808981568E-002 -0.18994805701073836       0.98173028168123055     
  0.56716467369729817      -0.12131054395983924       0.81462137513942945     
  0.72713848764931921       0.24501648515889063       0.64127727371195486     
  0.64124587785521159       0.20968669001233775       0.73812953887877697     
  0.80891017618811212       -4.4615246385897381E-002  0.58623698846905858     
  0.59068905914446868       0.50007777386457575       0.63325244215377030     
  0.58680160898005607       0.63480838435495435       0.50267503105994538     
  0.24338407578393892       0.87398517570744716       0.42061158364748941     
  0.79495382339679366       0.60666358398763864       -2.7775042970773697E-003
  0.46241642596355204       0.66046022659621817      -0.59157699252387608     
  0.59992523459605240      -0.33335940993795155      -0.72729719970637385     
  0.63338200860229199      -0.14044702169033008      -0.76098742780499407     
  0.94618756745391308       0.16865993357961248      -0.27619361687146082     
  0.65488549295643694       0.29708751921285720      -0.69488416088091598     
   1.7233772060487561E-003 -0.44877601606764900      -0.89364261165941494     
 -0.22769482686177916      -0.89379198211228206       0.38638188173392135     
 -0.64856876382018336      -0.76103521904926030        1.3562962930816224E-002
 -0.51197150301300198        7.4436141079328777E-002 -0.85577125506986784     
 -0.40313725004040302       0.12783806258310762      -0.90616653402390146     
 -0.19259274551617331       0.32270746605953199      -0.92669732152629924     
  0.15953428438722900       0.60110427287893253      -0.78308522220242016     
   8.6361125310310816E-002  0.74065319548788044      -0.66631419019015581     
  0.13120081386020319       0.53886210843576854      -0.83211415955664192     
  0.84549430371417666       0.40778169959812272      -0.34475131306462514     
  0.89959200607527534      -0.43507373130674087       -3.8014088602869214E-002
  0.97586265598801125      -0.11590115545416005      -0.18509186587321325     
  0.91543522212395423       0.31956750784008675      -0.24465273762574136     
  0.51495813825097103       -5.3873701523944412E-002 -0.85552074208242035     
  0.39227476860126309      -0.56735707621674147      -0.72403484307432397     
  0.26036732323796319      -0.35935597997736474      -0.89614292199652645     
  0.15712856420147525      -0.11776177273078241      -0.98053188586365692     
 -0.46106871588382120       0.45126298532305070      -0.76405324245801454     
 -0.56701432727744139       0.53212505846980107      -0.62875883676547506     
 -0.41879798625451031       0.81426610952296008      -0.40196884156806906     
 -0.75453211109615403       0.63685231420766364       0.15843113082081650     
 -0.88495151405813621       0.46532132680000021       -1.8354307160272761E-002
 -0.49928124931359974       0.56670707893680794      -0.65540927729684528     
 -0.32620800728386290       0.69937114710000914      -0.63597825009029618     
  0.21816484008268208       0.76214937388382087      -0.60953460479302835     
  0.69672726413580921      -0.11430733283030439      -0.70817014415396540     
  0.95528392864053124      -0.29522021839670531        1.6662482736123526E-002
  0.57972282372484196      -0.81289026365837402        5.5954149997335001E-002
  0.88294633108362197      -0.46238907287204278       -8.1253441246968150E-002
  0.79170820114381413       0.41671598018914174       0.44670562577232231     
  0.60130649401533998      -0.58721236918435449       0.54185988385544825     
  0.32993145440578048      -0.31680371520620476       0.88925847841065198     
  0.84137541953932771      -0.18933760647658796       0.50620023130058844     
  0.80235737066803425      -0.54166308771533178       0.25064666193945673     
  0.55626824864521329      -0.83029260837673413        3.4348508324958948E-002
  0.29559896687778242      -0.95421538010474605       -4.5763076298946784E-002
  0.17005592543059467      -0.96649418038691770      -0.19227579541950157     
  -1.1344803427144532E-002 -0.96674723750814406      -0.25548204282406478     
  -5.7504063414220555E-002 -0.89904176003904845      -0.43407049703566586     
  0.30724096763971259      -0.75938644397142208      -0.57352874079362215     
  0.50507108046556870      -0.78227735605903448      -0.36461670542461444     
 -0.56027383445090440      -0.78604125986890039      -0.26121326194014594     
 -0.83988133265895248      -0.54254368079786885       -1.5674867697641939E-002
 -0.84782053604554186       -7.6751724604577923E-002 -0.52469944866536777     
 -0.41247585102067608      -0.73070675169171395      -0.54399569424487770     
 -0.61210821871639287      -0.68645528242473330      -0.39255913415829363     
 -0.56247481145122458       -7.7981262073920712E-002 -0.82312879262501670     
 -0.67858331963631091      -0.54970139656838990      -0.48718892939198161     
 -0.84335467401550290      -0.14685990291466225      -0.51689947062477748     
 -0.64676642773536086      -0.66849959883139265      -0.36715320278705399     
 -0.62046364448275193      -0.47866748590187208      -0.62121035391853241     
 -0.46045481923374504      -0.33373352804968942      -0.82255898979954067     
 -0.83689309741814222      -0.53111546610619342       0.13238695236585579     
 -0.82551052743015796      -0.43275709839150439       0.36228947389320632     
 -0.64910696481992269      -0.50013606369615582       0.57317018939650477     
 -0.26332603414591116      -0.93660871312890259       0.23113528123607147     
  0.62294356535746476      -0.77165066709895069       0.12843894403775771     
  0.77579119257142148      -0.17541555210365942       0.60611666336509473     
  0.39224301797020072      -0.55590764693749173       0.73287932357929908     
  0.63796812324821273      -0.33565945986947621       0.69305800674932705     
  0.57461483952818049       0.16882675426722979       0.80082164883177187     
  0.72757368097752717      -0.31554433962245237       0.60915376423452527     
  0.94441584782781773      -0.28637299897884566       0.16145962909532396     
  0.87074556533653491      -0.47783279482489077      -0.11609470546325387     
  0.89785210792523640      -0.40840566382663135       0.16451871032981144     
  0.78907967274524271       -9.1386273705847773E-002  0.60745519920277080     
  0.95483211260896028       0.29692521960421808        1.1447737492921051E-002
  0.74151513503748123       0.58886060529432827       0.32155635904579527     
  0.75503363649258737       0.47774140571954538       0.44909615565706884     
  0.63967284514410427       0.76864728468389776       -5.4160313946866045E-005
  0.98951416002955161       -3.2680533680265883E-002 -0.14069011983585156     
  0.97096664284328360      -0.19461011388778862       0.13910672901869875     
  0.65633809130867815      -0.74045737992545180       0.14471758155561931     
  0.84686001248320253      -0.40084725941493798      -0.34949906133858383     
  0.95129555171947255      -0.21497518362434886      -0.22095801344248095     
  0.95860940540896866      -0.19974187727820178       0.20290685134543915     
  0.91843471037615809      -0.27092254062853521      -0.28823368948771499     
  0.70678925000258230      -0.68114507333969576       0.19102446216610217     
  0.49954394261403917      -0.41078607214185070       0.76269958196653076     
  0.57577685675894552      -0.58306721483419655       0.57316108922914266     
  0.24874248456900619      -0.65737951583169774       0.71132225364835222     
  0.83588157163274535      -0.38241216607339334       0.39378031114299888     
  0.79952751321684146      -0.28898323086485955       0.52654007244295087     
  0.94209696736226911       0.32504944985569439        8.2438821166721063E-002
  0.74755911112643958       0.58511664079101311      -0.31431495675724525     
  -2.0089113344091913E-002  0.93971346196859795      -0.34137228493257038     
  0.29006700130626323       0.92468204207960336      -0.24662574036121709     
 -0.31966584985562102       0.82980870684573316       0.45741803033890538     
 -0.26260412481752504       0.45357703247362502       0.85164954602304677     
   4.6804393665778272E-002  0.97883223189806368       0.19924058454796267     
  0.16523731532545510       0.95527377453748552       0.24525220754343807     
  0.19938280510327408       0.96021455579775550       0.19553645149498372     
  0.21417253512263615       0.89783967802948494       0.38472592550424034     
  -3.5883001276818108E-002  0.47619689798128761       0.87860623977545960     
  0.27146725518411491       0.76412701454017129       0.58516274233136867     
  0.28279247577448419       0.50420724735319622       0.81596781024859766     
  0.78607941545843363       -7.5913763082062477E-002  0.61344621049217984     
  0.67839550702488804       -1.4740501879155751E-002  0.73454901378518767     
  0.27124554551932178       0.77652709301294076       0.56871040772328429     
  0.73624783835287855       0.59999310655857441       0.31296548148781944     
  0.82533812714827681       0.39724100177917815      -0.40126869100494433     
  0.12946446236340617       0.50519119160818327      -0.85324135677218371     
  -1.7804216485370609E-002  0.59881474018980207      -0.80068965074290233     
  0.26471220755514685       0.22088310685646162      -0.93868956544575077     
  0.63237819786213656      -0.39170950845614716      -0.66832737176749257     
  0.90976106507620169      -0.34418837265287017      -0.23209732571048122     
  0.69234112719914798      -0.57850625660910393      -0.43127053534041349     
  -6.2981198433172250E-002 -0.94020075933699521      -0.33474751796851598     
 -0.38603850222518865      -0.87659638314751087       0.28732047586713338     
   5.1551639811100256E-003 -0.96124684291343088       0.27564094629309938     
 -0.26157633245673551      -0.61222525038574482       0.74616222437797619     
 -0.42795663909247073      -0.44208423110340384       0.78829857773971934     
 -0.33377204805509220      -0.38985344339902084       0.85826016603768918     
 -0.23580260868092659      -0.12995915968865454       0.96307203601410452     
  0.24806629458475074       0.31776409751336721       0.91514430109275768     
  0.40028252633639327      -0.17919383600568767       0.89870098934370535     
  0.51760258060971187       0.48986924710100660       0.70150957890174104     
  0.70629120333293749       -3.1695181896979049E-002  0.70721153238546508     
  0.18844228439756550       0.30827976477166030       0.93244468580360418     
  -6.4477402121596361E-002  0.51045443048710615       0.85748407507761115     
 -0.82498928034592289       0.26469887257141289       0.49932674089592860     
 -0.90017458400586070       0.32364448427359810      -0.29144461928326909     
 -0.84989342908443644       0.48318857005366389       0.21026165834167077     
 -0.60650558372072982      -0.24318550637629566       0.75697541994712714     
 -0.89362216797125771      -0.38499996370482692       0.23068257163827022     
 -0.46918752548239645        5.1817042208971431E-003  0.88308335726199372     
 -0.31304330235786759      -0.78030709452926794       0.54140994549062915     
 -0.20589223487389247      -0.74846556495292216       0.63040279639158547     
  0.32402251199225912      -0.79379345868140261       0.51468568726635733     
  0.12198392911790713      -0.91576875399758895       0.38273686814663532     
  -1.6245783109152444E-002 -0.97410156717944751       0.22552652028030482     
 -0.26412106196641105      -0.95947831935862660        9.8190729228896739E-002
 -0.39051278359407871      -0.81248145467780120       0.43286678280307550     
 -0.42070178165135735      -0.79297527090883380       0.44068155241901691     
  0.61395614854154967      -0.78888592909388622        2.6773840697858764E-002
  0.37721483488182578      -0.67771636949386926      -0.63119687171687044     
  0.42080712379492191       0.16266724619782852      -0.89244648667463655     
  0.58804498947721306        5.4618128822130449E-002 -0.80698200125823838     
  0.87233047918347051      -0.22278423287138890      -0.43520882421139173     
  0.88734447402166083      -0.34326683132123587       0.30787605775367394     
  0.73572615761667215      -0.16655461102036920       0.65648045100100982     
  0.80828183846578128       0.57623596111753905       0.12096522938967721     
  0.88747068021350894       0.37924613149644121      -0.26185523387249016     
  0.87363540142089469        5.2604404665864746E-002 -0.48372922383695566     
  0.66859935048393071       0.54385567603574436      -0.50714486310736961     
  0.46205502679542781       0.20018710143582130      -0.86396196480622978     
  0.62262070216009102      -0.13042513347420542      -0.77157808794702676     
  0.50026733200882922       0.30707075253837540      -0.80959258238962450     
  -4.0420788634565441E-002  0.88578291560846967      -0.46233622642221395     
 -0.30891500433210001       0.89779799816489125       0.31389532425587541     
 -0.21523824523227741       0.83679005045995969       0.50344305461552175     
 -0.34993240299975326       0.65902806753699861       0.66575469921684227     
 -0.45412949864463498       0.10831420501457850       0.88432710659174174     
 -0.89749356377160372       0.10618144872041985       0.42805467283540771     
 -0.99523967587210860        8.9961567100361378E-002   3.7482049235407475E-002
 -0.85417855274059162       0.32205985631584100       0.40823577622226848     
 -0.10072704908125420       0.91775579765958726       0.38415928655392650     
 -0.16536496703503697       0.96554304831776383       0.20095036581907716     
 -0.20684858653354593       0.97812395762345739       -2.2072285158567101E-002
 -0.37865877338247117       0.58957777871681605       0.71345327540342118     
 -0.50422105341041779       0.28356327506240531       0.81569172996519002     
 -0.62068724443092738       0.70832383979579983       0.33619143739498358     
 -0.46902206380479627       0.72352326338493433       0.50649026743376346     
 -0.20392987067121668       0.45716437158680456       0.86568663221726683     
  0.37019367338225218       0.11801281329911903       0.92142803304709120     
 -0.25968715965570788       0.48744778558051677       0.83364095115501591     
 -0.46726322551213156      -0.34223066919644307       0.81519522026651492     
  0.16235200948596451      -0.38159313509574855       0.90996071578047821     
  0.72949998924375070       0.47416020897415012       0.49295219029739518     
  0.82384688563392772      -0.53786664707589837       0.17881772561643242     
  0.38187318952311622      -0.89153770661760112       0.24358445106880780     
  0.78318490436721100      -0.47854537195684188      -0.39700847919177579     
  0.95845063092900651        1.0024773169932152E-002  0.28508225478748817     
  0.73852520919461562       0.35677645878136649       0.57209358836080448     
  0.77008767766266428      -0.31925712476651336       0.55230413451106597     
  0.82017852823095516        7.6634829857481601E-002  0.56695174810709570     
