  0.47785521167728101       0.36084172026722244      -0.80090426992713704     
  0.42030875253827782      -0.58999103025763400      -0.68938460728049311     
   6.4326893864735071E-002 -0.76251844280522796      -0.64376057281231025     
  -3.5834639050365226E-003 -0.38662641244443668      -0.92222945950928625     
 -0.19958625122687060      -0.49767836604141658      -0.84408623510608727     
 -0.36723158105012738      -0.75609679165498567      -0.54171819936983201     
 -0.85941655043306386      -0.28759010771388477      -0.42272345899758396     
 -0.92395401662051557      -0.12307543158031049      -0.36216213677317211     
 -0.84096928583743347      -0.19603159730002970      -0.50432357979587905     
 -0.78015078181258957      -0.43000059596031348      -0.45438336799559459     
 -0.43487711050757916      -0.74744916263209804      -0.50219682201024463     
 -0.29164006339175580      -0.95530128340489617        4.8430686035414262E-002
 -0.66345080519406252      -0.63769038713993764       0.39138727526155020     
 -0.72866247559668507      -0.63237260081394719       0.26297507561961492     
  0.41201531187692547      -0.76671349946336009       0.49233504092196917     
  0.50077673689026758      -0.67303500404591576       0.54428535082114315     
  0.10017870032711211      -0.71965611734464807       0.68706571794061200     
 -0.28140042623368333      -0.69068184342927530       0.66616243610148784     
  0.12933856992349796       0.37059463821866762       0.91974515408005919     
  0.47601720001091569       0.20431204240069192       0.85537372804164191     
  0.98991666928663558       -8.3637904584788259E-002  0.11432273958036339     
  0.69829479110597759       0.71534797677557160       -2.5722691099001022E-002
  0.28936138261981342       0.91929893732599188       0.26675729433255130     
  0.21584250691371354       0.97642755165957451       -1.1173939838036492E-003
 -0.40075695675682965       0.36068388821189146      -0.84220009166193077     
  0.41529335899245629      -0.35053945101843031      -0.83943642955052133     
 -0.45683591327302797      -0.58601501448829996      -0.66924386522279045     
 -0.75826962604814896       0.38253937523960213      -0.52791173561887295     
 -0.83595787404534994       0.39662217479664197      -0.37929577282273480     
 -0.90980549052383186       0.33646589217742950      -0.24299109616193512     
 -0.91450142904316889       0.28074333622807762       0.29132510266299122     
 -0.69955456901665458       0.58663674886886696       0.40802050174535370     
 -0.50107462566117356       0.84650131488416991       0.17988814140451065     
  0.19713548252563962       0.98018608774793903        1.9308933549411850E-002
  0.49483956319290601       0.81068631943358505       0.31292410930176906     
  0.55852076329687228       0.82757681895068491        5.6313104174430501E-002
   8.7786758308692425E-002  0.96823445196800340      -0.23412716862402183     
  0.11506783929652675       0.85537935454522307      -0.50505994909266361     
  0.42207364510181633       0.89061720305275893      -0.16927739287038152     
  0.54170457270013117       0.61962474501743969      -0.56799765076795306     
  0.57109767918223453       0.46282127217624691      -0.67797043508834964     
   6.4209921301893874E-002  -6.8408075708734417E-002 -0.99558898205246904     
 -0.39518926944933985       -6.6349846861623485E-002 -0.91620038153975492     
 -0.91826779593916663      -0.12636337674549941      -0.37525531569662207     
 -0.72006281524380722      -0.34181825516944186      -0.60387898004163221     
 -0.83300235954084734      -0.24707435850019216      -0.49503669598438566     
 -0.48181524585257662      -0.56654507999644288      -0.66849139201328500     
 -0.31514721481138486      -0.47904372368945908      -0.81926756544511670     
 -0.36665336345909927      -0.35541110767996958      -0.85979547312243021     
 -0.16723962907301149       0.16057296287236605      -0.97275239915505252     
   7.7038499773681129E-002  0.66424739506798458      -0.74353242545166764     
  0.30538234124588720       0.37685880770436331      -0.87448216946421653     
  0.23167706678793976        4.1669124711104372E-002 -0.97189990264961024     
  0.31350604216445904       0.63015809264984113      -0.71036240032416520     
  0.92151314258258377        4.8011934843267490E-002 -0.38536785304452598     
  0.76824840743469403       0.25727926989981692      -0.58617553834485014     
  0.50917950536538259      -0.31574812063081170      -0.80064933374980896     
   9.9263829217520291E-002 -0.65825235490979883      -0.74622418177435301     
   1.0770137346574657E-002 -0.76495838166349672      -0.64398965710972744     
 -0.30812615006333249      -0.87246956852279145      -0.37928238510218876     
 -0.57594079237133855      -0.80143007182536441      -0.16125149195187358     
 -0.31558913897206353      -0.94783323196249736       -4.4896099500798453E-002
 -0.67963912944920479      -0.65286182312898999       0.33445791009074405     
 -0.98156281478145235      -0.16126591256594811       0.10260480535848321     
 -0.74156098052123887      -0.63702897935504854       0.21043144163911204     
  0.43398272197867871      -0.63967750753541319       0.63440656000492113     
  0.80018604290433848      -0.35282365436893931       0.48499254185900886     
  0.78472239312418468       0.15637208514855150       0.59979874684415480     
  0.55030223701716374      -0.31499449200516744       0.77326962822832201     
  0.52186847794553048       0.29354472146827348       0.80092745503261065     
  0.10324088285877092       0.15906972204112799       0.98185444116546805     
  0.63531956523907740       0.37442707996543195       0.67540610880637575     
  0.71908568346458912       0.49559768122311232       0.48713316270052254     
  0.81955390466930955        8.9884029993738304E-002  0.56590834813904367     
  0.64154011240286657       0.47533281747612155       0.60206726933820132     
  0.42441599826836879       0.45262062170376460       0.78422294867115361     
  0.86135819183859097       0.50376708134760595        6.5427770121861184E-002
  -4.5540808429055710E-002  0.98198375215734024      -0.18339559772985586     
 -0.42017249868848328       0.72028698604619523      -0.55194359229762824     
  -1.6094294594466083E-002  0.99657569817372638       -8.1103954842736303E-002
  0.62143362388049161       0.63977974461756026      -0.45221911667676884     
  0.41208661785747536       0.36548816711736087      -0.83462747323584008     
  -8.2851685654766694E-002  0.15372939811289749      -0.98463336848799499     
  -7.3378701637802191E-002  0.49642771008648190      -0.86497115258505131     
  -4.3442283775145474E-002   5.8179248979036216E-002 -0.99736048797246812     
  0.64793995388129222       0.48611741592221247      -0.58639890356434654     
  0.83640295475704396       0.54425230606748731       -6.4957867991374540E-002
  0.89028841525166458       0.44697418653113852        8.7181501727818494E-002
  0.65779587626161562       0.74964073364370243        7.3098260139289301E-002
  0.45054890957974353       0.86308219840575862       0.22824285064738853     
  0.78777371180003408       0.53612434144953891      -0.30328743709904848     
  0.31335950143894870       0.74508897691894527      -0.58876840891122773     
  0.31942462620062106       0.85556994016376331      -0.40739168580720475     
  0.72078913916833631       0.57426569366939195      -0.38817770406272178     
  0.36273678179077862       0.91305476890945569       0.18642160847877892     
 -0.15787330281937384       0.94639845832445690       0.28179066403635644     
 -0.67111873781003706       0.74068681622856114       -3.1347727597924230E-002
 -0.53012771567415662       0.73774565889388133       0.41796644345856337     
 -0.62538705056359178       0.77827963154810442       -5.6319198367387482E-002
 -0.52668106005887094       0.63653575911765703      -0.56340863353329151     
 -0.98037407177792357       0.10828067243965780      -0.16474821808337703     
 -0.65343385953263389       -7.8259765999358771E-002 -0.75292735389412968     
 -0.36247916737319119       0.90695902846150722      -0.21455575944874594     
 -0.73551640386702966       0.67749738445271890       -3.5935640103148814E-003
 -0.47834463780469816       0.35058101343865916      -0.80515797238794573     
 -0.94470666631569034       -2.1237784841029367E-002 -0.32722816369284613     
 -0.95674976580818027       0.29090312823739478       -2.2925112256968888E-003
 -0.86502000444953997        6.2637522925179531E-002  0.49781214591846967     
 -0.38516413378794967      -0.82929575654147769       0.40486681541674957     
  0.74817109646064506      -0.58852621134728467       0.30639338925331883     
  0.74908849238229214      -0.20831584334976999       0.62886480263243516     
  0.90127440536929992       0.38075893407396383       0.20670529830921899     
  0.73246218169147259       0.66594504959529310       0.14147912676898017     
  0.79494705230728147       0.10470008841777140       0.59757599978015696     
  0.53815710094792657       0.19254131203953470       0.82055760179124881     
  0.15802968340599080       0.12479862532310781       0.97951616744188930     
 -0.18660748024580678       0.23666817738676818       0.95350187316479640     
  0.50163521141476797       0.53443398456738878       0.68025174076094108     
  0.45305327093363706       0.50981388984341935       0.73132245379114269     
  0.59255763579227094       0.41608008447975420       0.68974836829356401     
  0.36349986217246755        8.4316754382131653E-002  0.92777073414234623     
  0.29844734925603789       0.33912694235664970       0.89214466130211878     
 -0.26734528460992713       0.14179456110736952       0.95311111694135098     
 -0.71409228641131606       0.42287255850575856       0.55789874148509166     
 -0.88493824320790182       0.44687589152575230       0.13109631299601976     
 -0.98226952633409359        3.6167814328309546E-002  0.18395234937908944     
 -0.92716602337783094       0.19085037905007335       0.32239618159992683     
 -0.52275777085226349       0.71858451466558082       0.45865085663979344     
 -0.45649097473361783       0.69877630031322135       0.55075191520981848     
 -0.46724754128713525       0.77707441566361413       0.42170497706590604     
   5.2544674201094156E-003  0.68702004659819094       0.72661946446845793     
  0.34719932173610363        9.7359265899127412E-002  0.93272386284987696     
 -0.28969204922971681       0.29814952578153098       0.90949732099078584     
 -0.63981437603434843       0.30242784424840791       0.70652315124353959     
 -0.92926006603881595       0.29027591212215720       0.22850738392288195     
 -0.99037374773106990       -3.1753184269744432E-002  0.13472778144808914     
 -0.90701418425765268       0.32682076257591530       0.26554370394480803     
 -0.58363359633695766       0.79272675125446390       0.17594352239397637     
 -0.56476932895730736       0.81431104565886625       0.13391462200640869     
 -0.24617460337850416       0.96086707303857211       0.12701390711947391     
  -4.9409505496069039E-002  0.95484201544266800      -0.29297683579432071     
 -0.26838128384874699       0.95369789412206230      -0.13576381412883867     
 -0.53554376526154435       0.74398335622219636      -0.39960185329133457     
  -1.3313587654815683E-002  0.82526429541830992      -0.56458975468161576     
 -0.68011803715210994       0.59955786604673478      -0.42186469489856410     
 -0.47913485343786205       0.34634514183882914      -0.80652020120127155     
 -0.93887423471104792       0.24658225278569076      -0.24023397762779605     
 -0.56719062250153596      -0.45961436157596491      -0.68341015238251157     
 -0.68635185742047011      -0.34479677456959879      -0.64034077807202883     
 -0.86438594439111327      -0.47843501779228004       0.15471545782249199     
 -0.40529386243916882      -0.80674263621990450      -0.43000372553513599     
 -0.42623972904513086      -0.87113610874031933       0.24380642615055273     
   4.4258846291327369E-002 -0.97149842908292361       0.23287755755841494     
   2.4803516306599296E-002 -0.99545027893206450        9.1997433404111789E-002
 -0.24790695188337200      -0.64717348566030164      -0.72090819295262576     
 -0.31867054028833564      -0.76893233177570441      -0.55424918213953744     
 -0.41183153159486263      -0.90862647883322245       -6.9229412444475225E-002
 -0.43864081304762187      -0.86931864911283419       0.22777033045056572     
  0.15253586306461958      -0.64444782264157718      -0.74927953019662497     
 -0.19979632984876963      -0.43616869230387878      -0.87740429588241975     
 -0.35870238140948579       0.11214142117977977      -0.92669137431347259     
  -5.9239151527495079E-002  0.29550599812275086      -0.95350245306439785     
 -0.30882399433297691       0.42936942353505025      -0.84868700865361890     
  0.28766559468377773       0.91857609056762868      -0.27104699126307569     
 -0.35353759034568732       0.93463138006278113       -3.8410358167288744E-002
 -0.48076029670963982       0.70823204556750619       0.51698830425736564     
 -0.65103891727608099       0.42558289860545856       0.62851215151867490     
 -0.97140359275532329       0.16724579443000259       0.16853457872952363     
 -0.75975527171885715       0.60242043543258372      -0.24466619314620358     
 -0.75690043487748604       0.46228696777492595      -0.46194425108208337     
 -0.56695686910392473       0.21317358041475001      -0.79568645406913496     
 -0.18782292605418238       0.34776480284024397      -0.91857617558586546     
 -0.72324750711573504       0.55674318233624986      -0.40859524271949460     
 -0.76305468845521329       0.64258270238757742       -6.9534257879725461E-002
 -0.61517139844415580       0.69550466738265360      -0.37126460669617561     
  -9.3386274599590674E-002  0.68485270064713943      -0.72267266596486834     
  0.43441785960231044       0.74659294644442520      -0.50386515614603655     
  0.39432200582557697       0.82211700942602639       0.41065043350050529     
  0.15769678453224567       0.71967024982800210       0.67617043388539189     
 -0.52537499161718104       0.62940446621600654       0.57256539896380998     
  0.17353659311973352       0.98295528163688173        6.0695676539451751E-002
  0.30861451677155949       0.77029979758790335       0.55802804756926905     
  0.37878649364124739       0.78845617301186754       0.48462114633440390     
  0.75573206230773959       0.21841372867194592       0.61738520643740036     
  0.35568590189931004       0.57811800802045499       0.73434808367188842     
  0.23670435081642796       0.64181765904136012       0.72941150446594605     
  0.24293115336274104       0.76822534307202250       0.59229576816632967     
 -0.24223734626424342       0.96792172573500779        6.6697832986048339E-002
 -0.36101293780528354       0.91323211705245821      -0.18888292437682322     
   9.9651566477980236E-002  0.64243378096260007      -0.75983445721855980     
  0.12718235588662755       0.48467527620947704      -0.86539847757112087     
  0.57024425452297389       0.64789136953485982      -0.50503293305074604     
  0.92182870690779128       0.34271956292635436       0.18103904636383578     
  0.87775452124054265      -0.33214375350907738       0.34529339328564357     
  0.88161198844467303       0.10242146066282953       0.46072784398856476     
  0.27111598154301231      -0.85782453171669681       0.43661561737660975     
  -3.9609750229378016E-002 -0.96089171521083627      -0.27407695876520871     
  0.15079580159637476      -0.79213878532072945      -0.59141928528885279     
  0.71769412526926724      -0.67245295434386931       0.18089269401570865     
  0.50713276828325926      -0.79921714986250147      -0.32259619138963108     
