 -0.37749686018959155      -0.78121478918768261      -0.49719168708006217     
 -0.35842336372687172       0.18389505826193792      -0.91526788421837635     
 -0.70706584286519214       0.55395361553638045      -0.43953758165547213     
 -0.43316605329364077       0.89444462614930997      -0.11106746160168354     
 -0.30033469482733255       0.88022604168072072      -0.36742507621294018     
   7.1308516126519159E-002  0.98730612414144481       0.14192150210827129     
  0.56167065194752896       0.80893898925639551      -0.17361967170144715     
  0.69722447438027124       0.69500733640871848      -0.17562128191990609     
  0.63146500213080592       0.71792273072262380      -0.29298277047596422     
  0.36600793666987608       0.87107871034159756      -0.32750583305389136     
 -0.38409255285219451       0.86076619301549995      -0.33399771227529340     
 -0.24557724879610343       0.95085943897529757       0.18856866702975444     
  0.30789195658466478       0.94534482228390426       0.10735785975642695     
  0.50092018157334861       0.85322933026004255      -0.14518499122347239     
 -0.37583712052605633       0.92653045392171995        1.6963985095793908E-002
 -0.68859638850550675       0.50173191548860729       0.52354569878603252     
 -0.39059873297190456       0.89309423636240526       0.22319344698501900     
 -0.37374044109253424       0.85279553469655489       0.36477096744891080     
 -0.82263900901582043       0.23516957902313718       0.51764884810804779     
 -0.95958869775226363       0.22355077107045401       0.17092274248898795     
 -0.75057049151459765      -0.43503496677765308      -0.49738165924001432     
 -0.66096534690447384      -0.69110797172309102       0.29239456494994570     
 -0.41082344529656617      -0.40927926977290618       0.81468679633880869     
  0.38391365893341955      -0.66068328226951811       0.64506426270098005     
  0.45186228896006364      -0.78835725545103696      -0.41750845451737895     
 -0.61667899848398178      -0.78718620402351591       -6.7002256612042899E-003
 -0.64591396901829146      -0.73936285002179214      -0.19009923891156791     
 -0.16963024039615726      -0.58084671160353851      -0.79614237367604945     
   9.7488813905741240E-002 -0.83043290935754643      -0.54852266518280834     
  0.24184070342365038      -0.67635087323674425      -0.69574605312534255     
  0.59815214171003883      -0.48157844394582683      -0.64054368913797044     
  0.52163814292468924      -0.38251406776583757      -0.76261172021373735     
  0.57896853295104045      -0.59100050635755019      -0.56170618595287447     
  0.12705435142656057      -0.97149464148120102      -0.20013833555052074     
  0.59392251589695444      -0.72800828981774779       0.34243243869016793     
  0.50484207566520589      -0.83737085107329157       0.20962952180180483     
  0.55839584467432357      -0.82949746659609824       -1.1315191608392422E-002
  0.38980426546552621      -0.86023444240516234       0.32870859241100037     
  0.28565034905271897      -0.50348334559274810       0.81541915527956688     
  0.10177938874328910      -0.84141645469633397       0.53071584279477468     
  0.28194913142318145      -0.62443054366013340       0.72841690221608957     
 -0.60720564596163007      -0.43639678994803577       0.66397224733825022     
 -0.74789541255091596      -0.45005147724733546       0.48796118668685029     
 -0.96290758293718071      -0.20268788873114302      -0.17811964092671090     
 -0.96767221829132943       0.23682488210280972        8.6743605897906861E-002
 -0.98729528959109814       0.14032256185603575       -7.4549244029879669E-002
 -0.70053312997904083       0.48270116455770118       0.52559767839710059     
 -0.75912732025165164       0.29591065969190511       0.57979530278215785     
 -0.73711170585552510       0.45751543065379086       0.49733888225678835     
 -0.30187545277453892       0.13505373993907180       0.94373285326973633     
 -0.32004669371178374      -0.33277466787024679       0.88703502426230274     
 -0.22511478445025240       0.13083677907963098       0.96550767529937465     
 -0.62460716063714006       0.54726122895055873       0.55710954234181809     
 -0.29635818232857503       0.72909532985314496       0.61692124923142033     
   2.8134999201676732E-002  0.98926157149398242      -0.14342233084548128     
   2.7318067655978509E-002  0.87486347843234680       0.48359861174821528     
 -0.12327727140239568       0.99227211658984538        1.4098262088868330E-002
 -0.21968452290283760       0.96650607882209927      -0.13268274189547935     
 -0.25270977306773401       0.93327910234971601      -0.25520166087501489     
 -0.15224664820382161       0.90424128024335915      -0.39895947816107380     
  0.12327855767286822       0.65008726161333308      -0.74979260432883299     
  0.47044313602712506       0.64555944668177356      -0.60161138334049891     
  0.93557942365281133       0.20180775042532384      -0.28976675776526128     
  0.96642247504730128      -0.23389176780188867       0.10640601805359737     
  0.95778937373592554       -9.0501027931304129E-002 -0.27285358619961042     
  0.27150864059898588      -0.48394377847384640       0.83191434496380778     
 -0.22603670971273257      -0.80597743844589598       0.54709028009867755     
 -0.68605253300884772      -0.72698310497717722        2.8766074288228749E-002
 -0.29577939862702712      -0.91544718640703993       0.27289374534298272     
 -0.63829812328654267      -0.74542909218438258       0.19212229005017878     
  -9.7729814489793634E-002 -0.99064316827790100        9.5262776067911295E-002
 -0.54706632427364610      -0.79213237903159639      -0.27063763769188121     
 -0.61297037956460687      -0.69142889724382584      -0.38235244713834043     
 -0.89657263273568100      -0.43391386009197980        8.8748387306879839E-002
 -0.69933177818284342      -0.66004338858382428      -0.27436798138710283     
 -0.73751531593315001      -0.55417643319823706      -0.38595289822958917     
 -0.54948269156725282       0.65873093867053700      -0.51394778149758158     
 -0.30049277425571863        4.1388304525591002E-002 -0.95288567040787830     
 -0.14987930433762997      -0.55308713091715900      -0.81953085344307530     
 -0.21257262365858667      -0.52734985620750363      -0.82262689527446409     
  -9.9237826686718794E-002   4.7708648661722586E-002 -0.99391938234317212     
   6.2385335649791325E-002  0.22210047345160450      -0.97302592441748281     
  0.33929093276092992      -0.20877043500795592      -0.91722220231130935     
 -0.33954650848253548      -0.14217352984996898      -0.92978215512419271     
  0.16519435272906141       0.31454728845778079      -0.93475709633590243     
 -0.11541338377796881       0.60964768141723658      -0.78422538557965271     
 -0.52890400387936354       0.70478985453136533      -0.47279151391507412     
 -0.73339435835676292       0.64118329677954811      -0.22586875627538960     
 -0.87976709907046102       0.45421849131223224      -0.14034034894937847     
 -0.78334313149476553       0.61716391832371997        7.4042124897557515E-002
 -0.83435044587452334       0.50202291672517041      -0.22766713542308115     
 -0.94559969899330942      -0.25999653452921562      -0.19555820437047750     
 -0.99708270591919734       -7.3812672950891695E-002  -1.9436225682035069E-002
 -0.77715273128065865        9.8768932815591265E-002 -0.62151293644904071     
 -0.83196091403489236       0.35600827480379049       0.42555745298314474     
 -0.87074346770540634       0.22189968215445588       0.43882381944029991     
 -0.95220077899311328      -0.30305495444183944        3.8358455042579412E-002
 -0.93054795658665279       -1.8898069039687479E-003  0.36616516645134095     
 -0.93837438544313923        4.7819174605312320E-002  0.34229642020376011     
 -0.94002950412387720      -0.19075732267279888      -0.28276522986994368     
 -0.75331134863057414      -0.64784911613173457       0.11319688490313903     
 -0.57287105606417243      -0.81676884064775290        6.8610597365505621E-002
 -0.40075302599978901      -0.87830528358485305       0.26072368703088133     
 -0.31213850920376268      -0.67319803503142306       0.67035360572010172     
  -7.3721642525026054E-002 -0.99707644718130495        2.0091737101898072E-002
 -0.57337732905496674      -0.81818655977673027        4.2534596819080117E-002
 -0.98984862762896242      -0.13674081445781761       -3.8751052147051393E-002
 -0.90355880353474261       0.28889526993102160      -0.31641904425362716     
 -0.88884818524760811       0.29599025177423111       0.34976945898217182     
  -6.5489587737972088E-002   6.6396700844995327E-002  0.99564179904966632     
 -0.76942647716336043       0.39005124429553478       0.50580917653154200     
 -0.34886109739948123       0.64934875467743214       0.67575300925717330     
   3.9603732491065587E-002  0.77437763051447805       0.63148303993977239     
 -0.55811770750979750       0.74735836723156790       0.36049978570444074     
 -0.46436712040043754       0.81885677566698811       0.33739703382699465     
 -0.80089617975592897       0.59434369865749381        7.2944342607702606E-002
 -0.82226580611308253       0.56784252237497213        3.7865734907334761E-002
 -0.44080983040197469       0.74388661477780260      -0.50231404298049209     
  -9.2050697939854820E-002  0.68786476322747936      -0.71997828892184768     
   4.7181549406081415E-002  0.31133754504190581      -0.94912740685482389     
  0.35759470731332016       0.49716734575605004      -0.79053820629704896     
  -3.7531781071126785E-002  0.55847261486229183      -0.82867346033193501     
 -0.16375823265769676       0.93788684347129148      -0.30586191341889307     
   4.4429157206469130E-002  0.93845928590278782       0.34252039164514969     
 -0.59197627899558747       0.66435245136906573       0.45628927827248611     
 -0.35399628620047835       0.68125637024592889       0.64076234857830572     
 -0.62490378807607860       0.60673412440396346       0.49129314867190776     
 -0.53054627912694630       0.42062472744305757       0.73593171175593308     
 -0.68677848202573422       0.20369914111071247       0.69774062267948189     
 -0.88472486400061878       0.25502477672344925       0.39015929858996334     
 -0.98778661446083316       -7.3745594645733242E-002  0.13725593452533585     
 -0.94613878592649092        2.9864405332818894E-002 -0.32238100914861406     
 -0.97276570794134221       0.15862779416020925      -0.16900917245321589     
 -0.96595550377634587       0.21467899052647715      -0.14437068868290925     
 -0.59717968634797669       0.57983076993165827       0.55423163068691750     
 -0.74211970402409244       0.56902494819504001       0.35421596975700742     
 -0.82494653709620758       0.48300378193878268       0.29354822017142351     
 -0.58500633165401750       0.76456401583475797       0.27057246278104424     
 -0.16066426361211195       0.92025609038696710       0.35681328801449130     
  -5.3149246999213695E-004  0.93267029230355669       0.36072959868879206     
  0.56406455020767698       0.81989536242195171       -9.7993764485397303E-002
  0.64535886769252615       0.71620546936996310      -0.26563444342768538     
  0.70856360790380390       0.67629012039203784       0.20141818839044839     
  0.30544743240884215       0.75828206746371629       0.57594285497587872     
  0.87013792616473862       0.48019085327634181       0.11080042364301779     
  0.36239383529936320       0.62462524676626974       0.69174707027873472     
  0.52232252463250051       0.85175227222157956       -4.1197658026880857E-002
  0.64329578822739508       0.46733712718089049       0.60643757997608605     
  0.67336842806190711        3.1967168924101619E-003  0.73930016981640079     
  0.56187318039765821       0.17359586900494398       0.80880343929429022     
  0.75764027166077896      -0.25357909414348584       0.60139742414741570     
  0.79709421959582072       0.15888603245555918       0.58257706252259611     
  0.78942472329527813      -0.46230195129094076       0.40383847276202178     
  0.94026820269229838       -2.6213590574534013E-002  0.33942385696209126     
  0.24385496117623662      -0.84811487914412276       0.47035721498039673     
   7.2775151766734103E-002 -0.97879280152056924       0.19149002317842001     
  0.31983850985457374      -0.81202846979432208       0.48817321911134681     
  0.21919961400662322      -0.84404873224254662       0.48942135917744867     
  -8.0192246227694830E-002 -0.94691953923137173       0.31130786990825754     
 -0.27354012605176536      -0.96068855776380468        4.7468878450248858E-002
 -0.21300728247129527      -0.96266626851876691       0.16703757981481482     
  -5.0738369876768129E-002 -0.99511645245686331        8.4669143564555460E-002
 -0.20494565695354794      -0.90044257678678774       0.38366709997791648     
 -0.37983865625285917      -0.72664985638941160       0.57245312596343612     
  0.53668302197880835      -0.63614456509105399       0.55433872877946289     
  0.88333848948569071      -0.43630602067308832       0.17131891114973047     
  0.98425013372380499       -4.1024779094277423E-002  0.17195534817213293     
  0.85647086922873494      -0.38037670269511137      -0.34895732433834081     
  0.89996607545412555      -0.37121628415598434      -0.22860344137643007     
  0.88678965032045420      -0.45921931973301977       -5.2170225881380164E-002
  0.82840478903574555      -0.19057681201531099       0.52671243029265691     
  0.66446181144614225       0.14450881840783725       0.73321736376881974     
  0.83468080582471960       0.54186877753963225       -9.8418394192933134E-002
  0.87515662168010222       0.47719965169075401        7.9883539955207084E-002
  0.79669091130420311       0.58244679614362360       0.16136703971802380     
  0.87477418947508434       0.38359408498296754       0.29601637690222782     
  0.81163083496594057       0.39417934878115379       0.43113574280850298     
 -0.31741272951722482       0.86192142635036983       0.39539930948171309     
 -0.46740485130106912       0.85035805483898330       0.24171032983873106     
 -0.11405930756521912       0.86785972392959221       0.48353900973818620     
 -0.80286615411272866       0.27081167949889151       0.53109977671549236     
 -0.11405118615863688       0.98565302219237183       0.12442044357309395     
 -0.65352498963450811       0.75020988119961007      -0.10045009743000309     
 -0.49432970717851848       0.70169061850221504      -0.51309688803072850     
 -0.39585430714530917       0.62486819443661112      -0.67293321146757834     
  -3.1902343774349438E-002  0.79169212694082769      -0.61008672875390080     
  0.36502525574241934       0.41979655782514624      -0.83097979079418693     
  0.28750414811735725      -0.26395288002275835      -0.92069009006451685     
  0.27125473003798178      -0.44085061866354130      -0.85561182989486850     
 -0.27531452965420944      -0.20616785095917947      -0.93898707498675971     
  -3.4209882576140695E-002 -0.57324447290534042      -0.81866993240109998     
  0.37184104103794147      -0.48885801528138417      -0.78914642563659543     
  0.51533567037205119      -0.83314385202338714      -0.20074976632081368     
  0.52134914803599486      -0.84790570716941305        9.6182002431332014E-002
  0.81272328120415738      -0.46881495349397356       0.34596735043818028     
  0.38442422880666233      -0.56446049924839026       0.73048090809741151     
 -0.29547406000490767      -0.64805748743620117       0.70193772718249758     
 -0.34487189421617892      -0.91145731024463505       0.22429656301741879     
 -0.11627959126100783      -0.47965491650945735       0.86971847038254257     
   8.0821360835212075E-002  -8.7556451550417747E-002  0.99287550852295547     
