 -0.32836810218910245      -0.94414301541820356       -2.7719233427762269E-002
 -0.23112161904510534      -0.22589382855632112      -0.94633755892396376     
 -0.53321228960634315       0.15273990720732231      -0.83207882737099526     
  -9.4763116717105661E-002  0.28201116624588851      -0.95471967290021864     
 -0.24046053235710246       0.23932729662273899      -0.94069186106280889     
  0.17347919009097357       0.79212791009295136      -0.58518231745088345     
  0.56954152162819860       0.19607802405239377      -0.79823296325395099     
  0.60192880577239016       -1.6980542821770570E-002 -0.79836919651679861     
  0.64696096773381806      -0.33666734521386399      -0.68417585816486615     
  0.79249998477773376      -0.15013962355786148      -0.59110224797850319     
  0.97494016821353280        6.8776026401490831E-002 -0.21156920049060665     
  0.76855164894828154      -0.63017617597415998       0.11048235213608470     
  0.53630088188354097      -0.70610560366485875      -0.46238105558513565     
  -1.5239873226047251E-002 -0.89471118229252877      -0.44638508772672630     
  0.33791136619819617      -0.78734325893694590       0.51566122716436236     
  0.11230501946792561      -0.39989709706211540       0.90965372222821694     
 -0.35869666976158315      -0.83539648637586938       0.41647257971307083     
 -0.27685568909591546      -0.81681248045268040       0.50613071354344963     
 -0.71233984753117763      -0.36834294321077177       0.59740724619485752     
 -0.43604604367980909      -0.42544977388555916       0.79300462652619397     
  0.30488899085040450       -9.9706984565864853E-002  0.94715427491357318     
 -0.20813114867874152       0.12388072213928367       0.97022419658135794     
 -0.79417766532835266       0.21604698064864725       0.56798374804759078     
 -0.13221866929567616       0.63066953407977522       0.76470527804724320     
  0.76844315221342563       0.63789910088924806       -5.0792311435808951E-002
  0.89955354062354720      -0.30889682111724770       0.30884653382444616     
  0.90133680915698100       0.42052710418459904      -0.10367695551519636     
  0.17591554500288512       0.31770764972875004      -0.93172719737603960     
 -0.19757618906030550       0.56061530736581788      -0.80416051050991966     
 -0.25810248816151049       0.48849556449980830      -0.83351975925522837     
 -0.76543235996366499       0.49097733412887135      -0.41599826885725616     
 -0.85643934013707490        9.7144751208899316E-002 -0.50702520053561151     
 -0.85593977299938706       0.16437424031698039      -0.49025321428631141     
 -0.92204559345885817        3.0032252020725264E-002 -0.38591448200567630     
 -0.87184753534776216       0.47958765229058758        9.9385908852614613E-002
 -0.94677094745910584       0.20772462935283378       0.24591716371093481     
 -0.91955802911409101        9.8988116660075468E-002  0.38028197939414532     
 -0.54477380139058840       0.69677135073581442       0.46661674864099917     
 -0.14087493765643019       0.66798068407795375       0.73072296914706092     
   4.4388924068690834E-002  0.88745736139468734       0.45874726715968639     
  0.13630749479116355       0.72093261223136995       0.67946775897394196     
 -0.51311716735389268       0.85586938267251289        6.4794848333253247E-002
 -0.80888281120306849       0.58007883015885409        9.6005981802234824E-002
 -0.96839770080667531      -0.24929126513523853        7.7303427925737994E-003
 -0.61874636414461581      -0.63936168861440368      -0.45647515593951471     
 -0.84189294577437712       -8.2170668678967135E-002 -0.53335189984121800     
 -0.38725240493957575       0.40421699575582853      -0.82863996718156618     
 -0.25473757244040768       0.67677714339635409      -0.69071084207752875     
  0.14587571605962610       0.68717149317810267      -0.71169910385461876     
  0.71971591411731106       0.59148661485774257      -0.36352797335338399     
  -1.3618658440192343E-002  0.98614294226196897      -0.16533792538077077     
  0.50028026945530890       0.73407649808547237      -0.45918552563458825     
  0.12792957870492053       0.33718598918123871      -0.93270554388415128     
  0.46919577377373084       0.46767909167348043      -0.74908717322108798     
  0.31145289107389346      -0.11277143570656611      -0.94354634222722245     
  0.52525158492002466       0.29206770830342588      -0.79925416877573707     
  0.11916231107118719       0.12465537608259097      -0.98501846725527076     
 -0.44690876062338614      -0.18494003788983274      -0.87525410142620830     
 -0.21452662696405672        9.2715705191515077E-002 -0.97230762844599472     
  -7.3475458280579747E-002   4.3516662411176757E-002 -0.99634715693028231     
 -0.61441186796215164       0.25041440464174047      -0.74819160811601171     
 -0.32186163463508033      -0.31655238823232051      -0.89230021498060452     
 -0.69876733627009224      -0.71480666935289294       -2.7850228197962290E-002
 -0.87690126505401988      -0.46030335879275919       0.13843767272977014     
 -0.96097654593640547       -8.7789542568187731E-002  0.26233008667683327     
  0.33534820629459311      -0.15273316823990965       0.92963119561168717     
  0.37810838256896573        5.2593636041946182E-002  0.92426617404240730     
  0.71317763241039589       0.21896297275069115       0.66590756204878709     
  0.10477073239568216       0.31896524786189989       0.94195767648537321     
  0.43862117975584308       0.18545138413559423       0.87932886043383496     
 -0.18788761461674758       0.24587252567842124       0.95091794882113523     
  -8.2902683993343593E-002  0.57028189707527943       0.81725498031819765     
 -0.15272487613385469       0.26786467354986165       0.95127473890248682     
  0.27659444455015264       0.21244004884755258       0.93721114957608687     
  0.23931399005460949      -0.31966381089489981       0.91681179211892816     
  -6.5258695509919751E-002 -0.17887159701175073       0.98170578812744358     
 -0.79726246056010164       0.50026609806419176       0.33779638853801930     
 -0.57844841692156002       0.20833502699902054       0.78866592768188826     
 -0.42454953023391895      -0.20583701746491145       0.88169655699642646     
 -0.24722656572301496      -0.31956760243767979       0.91474344636794824     
 -0.35431503983678397       0.12168365513973400       0.92717524806120599     
 -0.76145474283149850       0.20729002910372765       0.61418036312931301     
 -0.68391797221568773      -0.35941675190161937       0.63488251333051937     
 -0.56575639773247210       0.28291888818260302       0.77451701152032149     
 -0.72075883924345030       -6.8378330401939663E-002  0.68980511710477044     
 -0.51502638899374864       0.77255642894945886       0.37135479359901841     
 -0.66437894961385358       0.62318142196073745       0.41260819991010506     
 -0.41858636669368110       0.89373146945453730       0.16133664842443302     
 -0.58323185947344813       0.76784795049017318      -0.26504739769187213     
 -0.81820201885877752       0.56930578350442285        8.0227060296979597E-002
 -0.53713069081234732       0.83868348768930123       -9.0003491403249564E-002
   6.1005792217032791E-002  0.96030267888309151      -0.27220774832097411     
 -0.34993058150660872       0.79445704015225072      -0.49637344759670432     
 -0.25730456598259810       0.96319275892125367       -7.7807901181040390E-002
 -0.45588345853345202       0.21073497019501941      -0.86473177608581553     
 -0.43479219648310818       0.40839669397832767      -0.80260070161009933     
   9.0807212318727376E-002  0.29438980537925719      -0.95136149421750260     
 -0.42482336306913060       -2.8552274065559741E-002 -0.90482588260747154     
 -0.55597271602248943        2.0335571236301545E-002 -0.83095174563936047     
 -0.43911061433729137       0.65749240181682467      -0.61227902947067303     
 -0.64022176910868867       0.34159377374695632      -0.68806233736247457     
 -0.39221419001637725       0.91820762685488866        5.5342417143783018E-002
 -0.80870012117741119       0.44632481640076194      -0.38314262654069198     
 -0.67752787013526938       0.36841628707331975      -0.63657318872941482     
 -0.89465521695008376       0.44423846302839176       -4.7373312637213699E-002
 -0.87972165617195019       0.35702676519235454       0.31404091548461233     
 -0.97771773487305669       0.13006190757868447       0.16477843035945114     
 -0.92326830834940810        2.1837381874484370E-002  0.38353456109003109     
 -0.95277035189111470       -9.9630632116816692E-002 -0.28688393768439213     
 -0.82142615583385381      -0.45904401162708264      -0.33843413820324997     
 -0.94958740916523598      -0.30067534938129831       -8.8758586228711855E-002
 -0.99366393320949997       -8.5631822485199072E-002   7.2795458763006499E-002
 -0.42600955114458999      -0.89212990642941281      -0.15039977522538200     
 -0.39246680328471978      -0.71980455305621571       0.57258293173914132     
 -0.42579078298721018      -0.81978021469011364       0.38296554508957192     
 -0.18024147618088526      -0.98241866038234482        4.8647569278171494E-002
  -6.4245326158558144E-002 -0.96659457406048177       0.24812792560222191     
  0.34324477324185421      -0.52683058747083489       0.77758122260461526     
  0.37258655053240747      -0.34788225273882700       0.86032389284023014     
   4.5093306592871141E-002   5.9299905697017818E-003  0.99896517902898241     
 -0.43604250766423158        1.7091105990830566E-002  0.89976376099833644     
  -5.9509240580241651E-002  -1.7901776335203901E-002  0.99806722052655794     
  0.26132747687493496       -2.4531442203582027E-002  0.96493842195944146     
  0.74897359193360491       -9.1220026347369754E-003  0.66253705379699701     
  0.53389624609893893      -0.59659653380130462       0.59918893035311571     
  0.48644617789319766      -0.49260399553318490       0.72160336723009921     
  0.34623673056828780        3.8507492089989798E-002  0.93735654873605090     
  0.58802073817352651       0.24968568587549644       0.76934301176182507     
  0.34266099853787219      -0.71974050757926100       0.60378559259934639     
  0.60258819382422668      -0.11003067231304445       0.79043071790889252     
 -0.21196037169550830      -0.37761614443995550       0.90137608593143825     
  0.22416246174851659      -0.31459254253525387       0.92237883915670271     
  0.31094544790832201      -0.23850329710255527       0.92001581817726596     
  0.46495893695562679       0.39497362251739127       0.79234400638904590     
  0.60390232131739663       0.21730849108267422       0.76686309469873504     
  0.37507241832110061       -2.2641512264595320E-002  0.92671896653581487     
 -0.32165437223014448      -0.24474087519498477       0.91468047362673432     
 -0.56065705448987502      -0.32612597391930942       0.76112122318720377     
 -0.66781148740854457      -0.37907330713929543       0.64057103048741371     
 -0.92546215387115527      -0.37599798282562064        4.6317584816704699E-002
 -0.86590093936498358       0.45558717561459938       0.20653302065864787     
 -0.92288890866025786       -8.7748351439901257E-002  0.37493504649662612     
 -0.95057145829766265       0.31048483256730097       -3.6154412644284484E-003
 -0.78067199633188089       0.49832173290384035      -0.37712953299746155     
 -0.92006532556361975      -0.16506016188620676      -0.35529556661125961     
 -0.89330602474482346       0.43291127863482742      -0.12079805869871689     
 -0.67363141154944328      -0.17835171567018146       0.71722478128645362     
 -0.99472386944404645        1.7198024785511405E-002  0.10113679598340000     
 -0.91373093734330280      -0.21079602805867245      -0.34736264723835392     
 -0.85015507297065607        4.1911151277506734E-002 -0.52486170302365465     
 -0.80723256227473794      -0.41252845319628884      -0.42213252149868430     
 -0.98292941141254142       -9.1449711221873425E-002  0.15964561534107910     
 -0.85698216260838245      -0.39618250080054657      -0.32957700015396629     
 -0.91573762713359064      -0.23640692271405983      -0.32486361006528208     
 -0.81491156549647648        2.3630750762987998E-003 -0.57958050027265684     
 -0.74922507055034671      -0.38291767340346206      -0.54040341325174690     
 -0.81717720392630910      -0.47682714496693546      -0.32381675559781620     
 -0.54399991050575858      -0.83638968877141884       -6.7204061533368623E-002
 -0.56423237338121401      -0.62921972606435284      -0.53453191219993479     
 -0.17231345103581855      -0.40131606472417769      -0.89958517706022079     
  -4.0547754169779959E-002 -0.65050568972721079      -0.75841824032941096     
   9.9837646572186189E-003 -0.71355957869558440      -0.70052341295283893     
 -0.40302122826402192      -0.73206115615031975      -0.54923615433111639     
 -0.36742520702993720      -0.83771574289736406      -0.40401862746780365     
 -0.33265467574846463      -0.21617792744881334      -0.91793680086738327     
  0.52069106613104221      -0.18370278705231879      -0.83374702379109478     
  0.76638569181996341      -0.63879316982334655       -6.7795704589213357E-002
  0.60595568659888355      -0.24242887767251142      -0.75765819810052126     
  0.68597628333563798      -0.28723107862767672      -0.66853185875576149     
  0.54697908045881305      -0.45027687160523222      -0.70573693713584684     
 -0.26268812653545737      -0.76781522506971345      -0.58434127727597018     
  0.41687173791607912      -0.82262728371034921      -0.38665528086679674     
  0.43755380875080940      -0.39530838634976645      -0.80763726024077176     
  0.42713111650180635      -0.47264651892888976      -0.77082052221020170     
  0.47359905935533431      -0.59350404117968003      -0.65073564838664555     
  0.12900614722105036      -0.89442147352357648      -0.42821448093115155     
  0.50488272076400120      -0.66242400271089452      -0.55343281336265915     
  0.99582793335882402        3.2550938594448256E-002   8.5247660020461885E-002
  0.83771129410562617      -0.34776335492567600      -0.42107058398656344     
  0.74424631102751482      -0.64218820771889540       0.18355308329941680     
  0.82739383185955573      -0.55576478630222659        8.0900860979507508E-002
  0.17328676648571334      -0.61165918955755261      -0.77190979550126337     
  0.38110056614912874      -0.76659862119707534      -0.51680645551267257     
  0.59644140619360209      -0.63439712017336003      -0.49172954242508932     
  0.65983753475716800      -0.73875626507400372      -0.13730844307444243     
  0.58897097571089674      -0.54351636454771790      -0.59808289662806080     
   5.6154061348471430E-002 -0.52493980415078390      -0.84928494830193513     
 -0.39416318732136302       -9.9062205446613372E-002 -0.91368597516473171     
   3.0694726399735466E-002   8.5756769262195054E-002 -0.99584316551202579     
  0.42020893018467426       0.60213650815435804      -0.67886381590181200     
  -7.1875078419143229E-002  0.66918667300116508      -0.73961014715854889     
  0.33596474316345232       0.67951374353707961      -0.65221834050829364     
  0.26274922418567581       -4.8257133628061347E-002 -0.96365662673167740     
  0.47399804515263178      -0.44158513536164035      -0.76179289929688387     
  0.71892568161832737      -0.58324169060394915      -0.37812034413808365     
  0.71238489103753844      -0.69031818014320467      -0.12636683578128385     
  0.48818593698132029      -0.81134673695744408       0.32154465220591766     
  0.47721458117759497      -0.87718553104850094       -5.3026291881710097E-002
  0.60880547553724418      -0.67918510221748629      -0.40995547304771035     
  0.76885850015223478      -0.56375193653329114      -0.30172895253638043     
