  0.58551897112758844      -0.50605029613863295      -0.63330927059988829     
 -0.39313912675237278      -0.17366048681505764      -0.90293059663274544     
 -0.81319132758855361      -0.12371688218250616      -0.56869499540424373     
 -0.81717324834990313       0.31304366624048785      -0.48397473612574476     
 -0.87262912488122146      -0.26520250708368770      -0.41010491419340439     
 -0.96924895118748167        9.2434431564302616E-002  0.22806215486876089     
 -0.76904936934783996       0.62306564309243873       0.14266138897238978     
 -0.77576725130369995       0.59406488935439150      -0.21277236437335706     
 -0.34362647018341597       0.82987670271393765      -0.43957423409702273     
 -0.35623651736235812       0.84250328517290463      -0.40408385042023270     
 -0.66077399582452356       0.75032350966354278       -1.9808010710685248E-002
  0.46741221577600800       0.82963665731952341      -0.30533397677805713     
  0.29554864883656079       0.82106350107557213      -0.48837047758070462     
  0.46540356091534540       0.36638442538528954      -0.80570588822624323     
  0.60438743737071143       0.70846489595568285      -0.36440817327140146     
  0.47540335017071306       0.85521516488386395       0.20639446794710953     
  0.79241961020121965       0.60018366481082441       0.10886105760486718     
  0.80852758784236056       0.38937935653530698       0.44121067122407048     
  0.74728975070590176      -0.21795504622957140       0.62773690851582808     
  0.34113204348101461      -0.13390618851000180       0.93042896643925621     
  -6.6351653847208300E-002  0.15438631752157594       0.98578005812347191     
 -0.46096935036351583      -0.35279881283973452       0.81427283860161648     
 -0.61585309389078724      -0.78373532036320970        8.0522756785232893E-002
 -0.68657368517484541      -0.18235597829419087       0.70382019863444034     
 -0.65430072761824920       0.74798068412325713       0.11142465623342257     
  0.33550939163889110       0.86520290222726659       0.37263572842614440     
   6.7799635874800479E-002  0.96992513006674519      -0.23377008243211803     
  0.18426473340624600       0.53099320120277393      -0.82709898337453225     
 -0.46896190196712306       0.18541481611375649      -0.86353695952686782     
 -0.10458516642081776       0.84330352410766296      -0.52716326616368325     
 -0.75613022092179050       0.64691272159595758       -9.8848468102145717E-002
 -0.61513216428742135       0.75881783153806304      -0.21402784631673602     
 -0.61812149781438830       0.70724657336197438      -0.34311528442714456     
 -0.88335708191844142       0.29850852623750856      -0.36134875894083374     
 -0.95540346393608966       0.27669816896694960       0.10316173897947413     
 -0.98263307182072701       -2.2510690749794660E-002 -0.18418880249932545     
 -0.94090979763788207       -2.9691236257737695E-002 -0.33735320244299766     
 -0.91019485319971216       0.12729445910200390       0.39413379694050099     
 -0.58831389267597134      -0.20124523092758509       0.78319034768911222     
 -0.26893978115003342       0.17160525637908908       0.94774628994162269     
 -0.48707790269249440      -0.29189289448237177       0.82313647401839651     
 -0.81770888923407203       0.43919652118042840       0.37210023951970794     
 -0.87483684257443084       0.40278803547709491       0.26911391147792829     
 -0.86377403557853294      -0.44087008890736629      -0.24398356536302160     
 -0.26714323572417364      -0.48385736006654645      -0.83337659357357197     
 -0.51842233671152949        2.2188019996656309E-002 -0.85483681048912574     
  -3.5589413941113313E-002  0.62866027691407944      -0.77686527136026384     
 -0.17784581025503401       0.89817029296534290      -0.40207088008121256     
 -0.16609007023338046       0.96856860599134609      -0.18517274113065629     
  0.17898642596326966       0.95613687122893443       0.23187527422611665     
 -0.60709680175547587       0.52151791091767907       0.59954361133310441     
 -0.28081472146165398       0.91395536250814779       0.29296533507058781     
 -0.23707894667978832       0.76507477837216875      -0.59871041125067193     
  -3.8349840886821321E-002  0.77898349052001026      -0.62587060260187122     
  0.20763211759982741       0.48673196594305423      -0.84851688083985111     
  0.17056352194038268       0.36851537509083254      -0.91384052400019544     
   3.1216789198958317E-002  0.29249537555152411      -0.95575727428731350     
 -0.28037420166563737       0.31664156609734062      -0.90616136844371720     
 -0.16435385688754955       0.86917313341486246      -0.46639669153626928     
 -0.60456974899638405       0.24739596263824748      -0.75715959762043605     
 -0.53888193729602563       0.79060735335596388      -0.29076841382032831     
 -0.84865700326505578       0.15443927883020306      -0.50589504836829491     
 -0.97327437518617788       0.22263019832541453       -5.6327483519036478E-002
 -0.99725004999333566        7.2726082128715452E-002  -1.4256744598962770E-002
 -0.93542353980130033       0.35099786937836208        4.2229099889915425E-002
 -0.27839430539305310      -0.94198679710658917       0.18750329277533595     
 -0.35817110132525587      -0.81429253956368708       0.45677250594402552     
 -0.54465483088513433      -0.62803645350362602       0.55580691635147550     
 -0.75671371528227482      -0.53269150696309986       0.37897771901936478     
 -0.47417958957129386      -0.45877401561118136       0.75145200740570561     
 -0.63088127009792494      -0.67497768800000579       0.38261461517020101     
 -0.90535004124002028      -0.40411625447823607       0.13050423630343233     
 -0.66797581881117751      -0.73701688070711258      -0.10302632205583792     
 -0.29237460503647222      -0.94680872293850993       0.13442593684773846     
   3.0094743701476145E-002 -0.94948049399318701      -0.31237973354238668     
 -0.15330637904167502      -0.83657339442560985      -0.52596778407470124     
 -0.49972971678563494      -0.31819674681450344      -0.80561842113872495     
 -0.54434411186764375      -0.83843315168527432        2.6820477814359311E-002
 -0.73543065555546727      -0.64332313091314997       0.21278416318277027     
 -0.62772843347620511      -0.69493657235292972       0.35074231882100609     
 -0.69710830076371078      -0.71656525682626482       -2.3963508004796907E-002
 -0.93651734563021038      -0.32762571091590781       0.12488656805535442     
 -0.97575908878633466      -0.17417314730312977       0.13250628441466841     
 -0.99808235635887543       -3.9472600132188299E-002   4.7681482401285114E-002
 -0.97724038448582262       0.14503370705604107       0.15481102915368075     
 -0.50987920829088529       0.82886502766020098       0.23023023014919983     
 -0.89076034803639792       0.35124525077020646       0.28839690736467222     
 -0.78774048979190747       0.60893086316636913       -9.3102763792846807E-002
 -0.99277615738375358       0.10078575882569962       -6.5097865927499166E-002
 -0.74465981724313857       0.16162214583494386       0.64758014064605951     
 -0.51600619468956554       0.46610451882777726       0.71866834114932465     
 -0.17593063866640352       0.75958247104831922       0.62616521785755030     
 -0.51337322697117482       0.76761778893049215       0.38368067445040832     
 -0.27422716338509101       0.50497055668536417       0.81841566440449764     
  0.30807250569392602       0.92786992207738261       0.21011601304901334     
   7.0205073625644793E-002  0.99644292045545579        4.6612808448604146E-002
 -0.35118461942425683       0.91779114611179835      -0.18528026122261815     
 -0.48962023505087027       0.82589134672892572       0.27959883552524628     
 -0.50098199700729207       0.56842973975059274       0.65261372161615083     
 -0.69292288726232443       0.72061503149755413        2.3913357938526954E-002
 -0.85708886577389842       0.47358573750619720       0.20276889652304239     
 -0.10552056826974138       0.87212751101482144       0.47776460124534015     
 -0.37194666898268086       0.92695012544991151        4.9184757406207563E-002
 -0.53368276443049889       0.81900381785695475      -0.21074974089095264     
 -0.82771901751360943        3.9863267413332064E-002  0.55972506461430538     
 -0.42730703215110510       -8.5748499951081872E-002  0.90003105225897551     
 -0.77090102100712854      -0.12910699761953690       0.62373311518297880     
 -0.44709944274517444      -0.27623481858710197       0.85076225427385543     
 -0.49879199413177744       0.29184193816795007       0.81610956967580472     
 -0.52067134285658867      -0.18233883755563762       0.83405869160798074     
  0.42342500290394214      -0.70990831157673018       0.56279788207676862     
  0.56046483832014249      -0.30088725116977610       0.77158669447463391     
  0.91977543626015346       -3.2378340318460520E-002  0.39110713357169913     
  0.79563604273478583       0.25205758161630498       0.55084504450075467     
  0.45959058657286062       0.44414547096828039       0.76909771378671687     
   1.3094220410803721E-002  0.76612424762885356       0.64255908567767350     
 -0.16760730542460120       0.61001391622849055       0.77446162795578366     
 -0.68766325045687571       0.38638795581057900       0.61467357318791871     
 -0.54022884808247895       0.35487923849899211       0.76302917230070100     
  0.17564117347122649       0.65928232269330367       0.73109301539941751     
  0.26053202168511291       0.66183402249199574       0.70292161180938539     
   4.3020968477742914E-002  0.66424920862427350       0.74627219237571851     
 -0.35786798809037623       0.74680101957806655       0.56055217442918570     
 -0.22719856521000548       0.96020709674629823      -0.16242888697689747     
   9.1956561205540938E-002  0.94745853040843886      -0.30637611526930802     
 -0.15349331263503649       0.98422586279597446       -8.7973029843334036E-002
 -0.25300970985245491       0.82916256645502628       0.49847319397348627     
 -0.47473967348058421       0.85783114841729025       0.19684502337786358     
  0.38222775479809801       0.87225112829703988      -0.30509000745110249     
  0.27975146730455686       0.95838659084866806        5.6870546176293287E-002
  0.40540500913969918       0.79504560225153631       0.45116434799860666     
  0.41104819093965317       0.33199834112328491       0.84900912021994512     
  0.39034961351415831       0.62526637487609826       0.67577299419164105     
  -1.9042127453491590E-002  0.54572968121627907       0.83774489698337651     
   8.7028621587455390E-002  0.86956045423387096       0.48609735183115826     
 -0.58277022735713280       0.21993924082743752       0.78230786296089649     
 -0.29424681015242249       0.74908486208273872       0.59354080239998253     
 -0.27109351877158372       0.88476683674851198       0.37907248471781840     
  -8.0853760095210642E-002  0.76964565821676656       0.63333105897831388     
  0.52682885755960984       0.84834964624394693        5.2480782770808643E-002
  0.92244303987207799       0.21863031289270451       0.31827601932290828     
  0.77389133645262342       0.60635122130187835       0.18283980909327729     
  0.94618534258546805       0.27976227098488232       0.16268487701637785     
  0.92829382217192902       0.34831047507080481      -0.13019367370713045     
  0.47994895294986695       0.87049765110558930      -0.10900844913119917     
  0.43753114012450339       0.84712648304646687      -0.30156794117195984     
  0.26876286649477327       0.87428275443894587      -0.40422294205569220     
  0.83309085547255857       0.41007239015005104      -0.37121457590546791     
  0.96207996892773029      -0.17510926924040929      -0.20913841639959496     
  0.98838648996844158       -8.6674640657097957E-002  0.12481848066239802     
  0.82254236917641210      -0.56705259364823268       -4.3305968947350698E-002
  0.83243965701617362      -0.44284966159092815      -0.33305914588192831     
 -0.44261095357272862      -0.21225774429291669      -0.87123027596906288     
 -0.20389676469729615      -0.82674027247673421      -0.52433446502315229     
 -0.14165943355464591      -0.77921408190502883      -0.61053912196183058     
  0.24358931377158832       -6.4369957493780772E-002 -0.96774002438081064     
 -0.18373781348146279       0.51938563879462230      -0.83455315834942123     
 -0.13468825865271011       0.38135925334587140      -0.91456229578339387     
 -0.38123401141041879        5.3034006353845337E-002 -0.92295613260544607     
 -0.77067989237848955       0.39707164824597174      -0.49838399818087720     
 -0.89138199842813870       0.44283131964167533       -9.6636200374022027E-002
 -0.98800606703844740       0.14729166457686499       -4.6359217437833722E-002
 -0.68950268673209836       0.66316001576209960       0.29121270316325981     
 -0.30412600606179907       0.95137441062314765        4.8929574373848789E-002
 -0.54694977314167514       0.40601338058865133      -0.73211958069927319     
 -0.89804791080714486       0.33327292381263518      -0.28712211365250978     
 -0.62390889134632344       0.68815277741301506       0.37038284279624994     
 -0.47027706604363162       0.42994552685495852       0.77070508308354724     
  -9.2844107471899778E-002  0.19720834460020614       0.97595534760962643     
   9.8245541429569219E-002  0.40994328685178710       0.90680445254443698     
 -0.45783396220590228      -0.24126862339099592       0.85567371960224148     
 -0.54983062481563538      -0.51774830433357966       0.65545631233101531     
 -0.76203052325119247      -0.22639913427068370       0.60667364672863233     
 -0.40102361176464751       0.60960766739229710       0.68378253462913940     
 -0.44507080378754227       0.43894597906469857       0.78053725540739272     
 -0.39514838342904857       0.46158960345506123       0.79422464898519474     
 -0.20898405096405451       0.49449142324873446       0.84368471526761379     
  0.40892695984757976      -0.47451208341541778       0.77949793085205210     
 -0.24670626916264365      -0.54567806350196735       0.80085670863686298     
 -0.19327660729750507       -8.8222064805873024E-002  0.97716990352392552     
 -0.26186626976268940       0.71675912880983528       0.64628353532205174     
  0.15452540697879147       0.88767116865917617       0.43377620373802994     
  -5.4002387148402164E-003  0.76435609913125435       0.64477173568845070     
  0.64838743900768070       0.61675805291568830       0.44632189404146722     
  0.89580677786611573       -9.0378450553227602E-002  0.43515738808478099     
  0.63349824686993395       0.23835282415991321       0.73611677227716421     
  0.79247549692047792      -0.17502628384094626       0.58425027748858871     
  0.78273257385444561      -0.53446459684860081       0.31886880145707541     
  0.80922758545867945      -0.54500911479852365      -0.21935309370808864     
  -2.9605003875488228E-002 -0.59249570553833664      -0.80502942968826452     
  0.23419087327089314      -0.95546799766861112      -0.17954258633476244     
  0.40678764343882778      -0.84140670148121244      -0.35575072150039533     
  0.45439097177549514      -0.71747015044979645      -0.52798241256932177     
  0.58259515721054456      -0.34238783253666571      -0.73712512840473776     
  0.67644891501832383       -9.8269645696784452E-002 -0.72990406363110871     
  0.96214832126344785      -0.25769880369085491       -8.8667550244724225E-002
  0.99823253830677827        1.4578333674415002E-002   5.7613120492968267E-002
  0.65629238043750138      -0.74410716751884753      -0.12483923512595196     
  0.52650226065061145      -0.73666753220436809       0.42440112691391552     
  0.11364364137480790      -0.81668602141410929       0.56578181766644864     
