 -0.55655292051990191      -0.25267969411796642       0.79145550654554209     
 -0.74990645235611242      -0.11516727656132630       0.65144210112959888     
 -0.48172561433945460      -0.27840809877287936       0.83092079227023263     
  -5.0786726598719280E-002 -0.38245303708950668       0.92257811746346241     
  0.51102439012959966      -0.49371139332400177       0.70363565344200651     
  0.77840140642921984       0.19004619476261941       0.59830902911897221     
  0.59826282229088112       0.12335006808083193       0.79174892242997275     
  0.94288460151613485        6.6302749724990321E-003  0.33305355076554433     
  0.96240024754043163       -3.5483231958282992E-002  0.26930782347332605     
  0.73262429128354856      -0.19959274800362231       0.65071067515883518     
  0.79929801490838170        5.3672638211465090E-002  0.59853314968425209     
  0.48248750733676304       0.16202959714135751       0.86078581244940411     
  0.65554224519194404       0.33582597401693998       0.67637658145759372     
  -7.1997219282590952E-002  0.60907692173335592       0.78983650449153642     
  0.41410514919138908       0.84678258699490294       0.33388048127346581     
  0.57797550855699864       0.81360918379783798       -6.3122163683771368E-002
  0.11524050667959387       0.99320806711520304       -1.6042476041406819E-002
 -0.44617873681865883       0.51896630864552284       0.72910802032465483     
 -0.40245843654953656       0.81169455285855330       0.42329559377561532     
 -0.78602073206552980       0.38658688529810326       0.48241267487358874     
 -0.99270726928085051       0.11627869548302033        3.1804755835377056E-002
 -0.80409407341266104      -0.31223545032263089       0.50590685374331323     
 -0.80721456469716346       -2.3028151857216680E-002  0.58980874083281520     
 -0.86939364543653386       0.40415208697267224       0.28428116341083415     
 -0.94328894578821221       0.33187226900646771       -8.1707905525790925E-003
 -0.88386060129057864        3.4764809608595057E-002  0.46645669198670164     
 -0.80938511393932300       0.38063136060551706      -0.44723092989758850     
 -0.93662868338491867       0.32697561989841606      -0.12575234969053709     
 -0.91407215606993641      -0.28566445209016522      -0.28786787648100459     
 -0.90608210238278553      -0.42249074008204834        2.2733197895060547E-002
 -0.91187327218345193      -0.22218521612253453      -0.34513890712879253     
 -0.88461832214326830       -2.1266609156027051E-002 -0.46583060812216170     
 -0.73124819415168574       0.25326863726391680      -0.63334909483508361     
 -0.72550160556991838       0.51592306131173848      -0.45548964326561386     
 -0.85339009710257363       0.44302630215506517      -0.27468716345342642     
 -0.20288294157999043       0.97918313878093133        6.2364046523935186E-003
  -2.6464188739557248E-002  0.95797889045808848      -0.28561528697019301     
 -0.25452803759977943       0.94910755081422127      -0.18550022928038257     
   4.7733013979147178E-002  0.83717801127406910      -0.54484358931319565     
  0.42355827836523741       0.84984528539464144       0.31362617193212838     
 -0.27919705534226436       0.94681143494021591       0.15999097147859595     
   3.2357181112651186E-002  0.97511288186527356       0.21933508714030026     
  -5.1410804710186185E-002  0.89157361967995763       0.44994823018861729     
  0.65499506088081905       0.72277505965046152       0.22040345589174268     
  0.73254734122247245       0.61928164140446706       0.28260332886804529     
  0.90309731063349918       0.26434587501476514       0.33843242440583621     
  0.75319873691151762       0.54988103191238991       0.36100209619597290     
  0.80763439536673520       0.55851246497850859       0.18918379921191666     
  0.16401194228479249       0.25149934427582127       0.95385961368369698     
  0.13553573673456751       0.23943947046057562       0.96140459955908930     
  0.25867210326784956       0.65161268012249984       0.71308460794955364     
  -7.2715146704027386E-002  0.97501004585138507       0.20992360021846318     
   8.1785772136558882E-002  0.98848628084931922      -0.12730263174297962     
   7.6670054214068487E-002  0.99434599411377811        7.3469359441123316E-002
  0.39310948048657318       0.59915330548902457       0.69748136381779180     
  0.51253745508184179       0.64738326604339591       0.56409242503797263     
  0.84320365544286557       0.51923673294014605       0.13928679267413074     
  0.69310760844648278       0.46935913134997714       0.54708669233679164     
  0.83672753059146510       0.45420690922877610       0.30591358773213689     
  0.78520034176100062       0.43314998572254770       0.44253984359261966     
  0.99140692956126253      -0.12380436526477176       -4.2246646722646303E-002
  0.92867702229705384      -0.29756903457093226      -0.22138576720736453     
  0.72277696313443518      -0.47104214363856894       0.50568049248372682     
  0.74450176366273813      -0.64066340317697323       0.18779650617836707     
  0.41423033628685735      -0.60560796866457722       0.67944993692668576     
  0.24355138974947216      -0.75237736020703183       0.61205475931406705     
 -0.57244349775635672      -0.61767106405046246       0.53925031155416603     
 -0.47936926051060907      -0.87377740077573385        8.1964418933871186E-002
 -0.78727123184623005      -0.47490156180096721      -0.39328426628377872     
 -0.73001198866645778      -0.42951700481695620      -0.53159913372423906     
 -0.70566518039378967      -0.70822147490566356        2.1424184051422414E-002
 -0.54969968853964379      -0.74300443039978459       0.38180449031628838     
 -0.56755918453087451      -0.72438255023824982       0.39133935780217660     
 -0.27211764140709815      -0.84764835592226984       0.45546048559381763     
   8.7885002646880594E-002 -0.67159581828280268       0.73568694644857791     
  0.28534722527942380      -0.95080511298804993      -0.12060927883541996     
  0.37151707973766340      -0.83556204515441757       0.40473587456584514     
  0.86485272230866239      -0.47353083478356728       0.16672827362070775     
  0.65375789842321241      -0.19262773672859543       0.73177535165656216     
  0.42117298000071957      -0.70355778304313887       0.57238078831906758     
  -3.1603850022934483E-002 -0.72327367342549709       0.68983794473290994     
  0.50740394512481612      -0.86078218420856079       -3.9940803959379420E-002
   3.3617431686523772E-003 -0.85806945827260184      -0.51352264162605821     
  0.25794567324297518      -0.91963211814338797      -0.29621073061984043     
  0.85488759745116427      -0.36013892212918419      -0.37345301242833523     
  0.65732571322961919      -0.70782940630762037       0.25865119039624718     
  0.93646713438518192       -5.3594112605067384E-002  0.34663666469445353     
  0.68848779652098913      -0.61505658021096665       0.38430451100761875     
  0.90048963755483569      -0.37341687276845642       0.22288618572757729     
  0.99742657851950833        6.9449403659679184E-003   7.1358168881813941E-002
  0.96529802014848676      -0.13123754299132681      -0.22577962619996070     
  0.84983282328069598      -0.48091892431649380      -0.21564127784130022     
  0.48848201977460104      -0.77775051823756192      -0.39558747166482644     
  0.23743096695452354      -0.94594080709120898      -0.22095819833325214     
 -0.14725830633815967      -0.90905382637422560      -0.38978985616454820     
 -0.15759875525260206      -0.92385905647255218       0.34877940896288284     
 -0.31255930459539083      -0.94624370825108595        8.3243772776617736E-002
 -0.15306959413408869      -0.92631672346119842       0.34424849627520604     
 -0.60345007849294940      -0.75476220224640744       0.25725866521265217     
 -0.64963141196667396      -0.53828111271162382      -0.53687286417191371     
 -0.48791368735743473      -0.67497390690521730      -0.55348934830436880     
  0.11442434534651744      -0.92560849919917509      -0.36077136167142465     
   8.6161361492961108E-002 -0.89142620468764933      -0.44489947334407837     
 -0.42614312612579452      -0.78779975321831275      -0.44471742138677578     
  -2.0438471771125802E-002 -0.36439909045126967      -0.93101856681271022     
  0.38455007918926809      -0.32469073476376198      -0.86411640613641261     
  0.46853592564831237       0.11409216528185014      -0.87604626829760335     
  0.57929374049424676       0.22312519837276529      -0.78398591063569179     
  0.83265822818084034      -0.32804328120923681      -0.44617023734918038     
  0.99830852359029998        3.5264060160540761E-002   4.6222697757409142E-002
  0.78590140746162773      -0.22378703819651161       0.57643589347392177     
  0.53162553102803778      -0.81533724201510671      -0.22934575762890227     
  0.75276664357300549      -0.61992148791850676      -0.22144915701068416     
  0.87248271725556203      -0.21608452235230430      -0.43827090627842502     
  0.36966427863968709      -0.10692977174611532      -0.92299206118586330     
  0.18088174880146812       0.14480250800504418      -0.97278673234474600     
  0.13743853056337174      -0.28727195937555899      -0.94793748299828362     
  0.55504244216692133      -0.12450430198157185      -0.82245155856224328     
  0.67627931985884693      -0.24621919984251309      -0.69427832110774235     
  0.77542377185698452      -0.44588666903968643      -0.44710519166275992     
   4.7557041382920495E-002 -0.80423664774465808      -0.59240336109724567     
  0.16178671612568857      -0.31621953738633712      -0.93478888667999982     
   8.8691585106149870E-002 -0.23042426294336907      -0.96903996913356238     
  0.22776970983165185      -0.61748746328676929      -0.75288126020433666     
  0.67612327252099713      -0.13165619278982882      -0.72493031889663206     
  0.56540376415463645       0.28669592097058705      -0.77338478933748489     
  0.31616463367156655       0.65767646170552940      -0.68374088376653608     
  0.44270168785241443       0.23677995274804475      -0.86484129731951342     
 -0.38952956642852732       0.38026255685401689      -0.83884867808970565     
 -0.70489463233646721       0.29052579107068099      -0.64708447827622695     
 -0.41139912835188830      -0.73710180980872098      -0.53612655144851773     
 -0.90759395490087347      -0.19552408729423301      -0.37154211647560409     
 -0.94558620767109713       -1.2319302284287915E-003 -0.32536933815306784     
 -0.77953475899579328       0.14174376704867236       0.61011004254993229     
 -0.56643659701934457       0.79818528151380896       0.20506057137330730     
 -0.60316179062451958       0.79723435822984867       -2.4763529403683961E-002
 -0.71975213914758096       0.58736004236226602       0.37008787987275443     
 -0.87661852320338607       0.46336610093856534       0.12973750913960247     
 -0.97943518035111810      -0.20086873158583871       -1.8933572344460643E-002
 -0.78308872724422340       0.58200171363961906       0.21919409340490839     
 -0.42831407939673505       0.35534020911644981       0.83083114119274915     
 -0.60825975019901513      -0.58038401866511891       0.54145587739533707     
 -0.31354344902695924      -0.93222794485080740      -0.18066976618009811     
 -0.39794399771855904      -0.56886681262241257      -0.71974379064817584     
 -0.88419809058925425      -0.33853887744333921      -0.32184649300212365     
 -0.90226147778329713      -0.37581905100037094      -0.21138653366175053     
 -0.95676542879851956      -0.24451835304210714      -0.15751409232683827     
 -0.89302589920269715      -0.44993329069178489        8.0484334213725833E-003
 -0.67685294594449030      -0.68308694572723327       0.27433977863832015     
 -0.79556755904438148       0.49752200906292515       0.34575151408804283     
 -0.63024904051553932       0.66083050917729691       0.40754040912494344     
 -0.53216593434035508       0.80724026691815454      -0.25526960217304728     
 -0.72120294488663172        7.3966309248290035E-002 -0.68876360050674723     
 -0.66008828438026668       -2.8511933116080277E-003 -0.75118261928817243     
 -0.71591432460665483      -0.62771261947538126      -0.30568537284983216     
 -0.35564120657399345      -0.93280158134162161       -5.8314166659374514E-002
   4.1695185509521046E-002 -0.99470571930598350       -9.3925733882133391E-002
  0.40078357498943901      -0.90565240583745377       0.13844221111902816     
 -0.10475211954063507      -0.99364790128383140        4.1119845889520348E-002
   1.1774944199804037E-002 -0.96005740037258269      -0.27955525156750266     
   8.4405808120205067E-002 -0.91885861041221162      -0.38545364653478309     
   9.5339212061545359E-002 -0.48017175733160722      -0.87197793441381399     
  0.64109285560411566      -0.34135160756607225      -0.68737110101126853     
  0.50773177680592929      -0.53017815199122553      -0.67905785465798563     
  0.67025073046048489      -0.69246811257030694      -0.26693046171337537     
  0.74744718765650797      -0.52379690654363353      -0.40860678207742340     
  0.31175711018837049      -0.41366974954567082      -0.85538578580536651     
  0.26456397057159486      -0.28081438820940985      -0.92257746821065711     
  0.26042488304558226       -4.3920998834475391E-003 -0.96548412195610378     
  -8.5050932615447772E-003 -0.18844905863727573      -0.98204613724986223     
 -0.74392517564139460      -0.26434155191341846      -0.61375799545013809     
 -0.66889830782065307      -0.44044691902164990      -0.59881680447280705     
 -0.72557070912898070      -0.66547858705742891      -0.17517247564080873     
 -0.74215593628319931      -0.46978593662925122      -0.47802274002925160     
 -0.92593184831375830      -0.36159162228386349       0.10909496309370244     
 -0.75712906725209084       0.52362363722468064       0.39060704302612625     
 -0.87411088003870940      -0.27856416337954248       0.39790975896384184     
 -0.96272243033750526      -0.26201342876806227        6.7189919409826271E-002
 -0.68569035891151875       0.58379340055934525      -0.43475740035011323     
 -0.43403768916847069       0.42826380760594612      -0.79259156914274764     
 -0.72810417886090195       0.62456735563337329      -0.28245339970062877     
 -0.59481230647064043       0.33925239738326129      -0.72877028681254419     
 -0.87571987551581454       0.46434273780268281       0.13228953653447495     
 -0.86851164914868784       0.39257562918675426       0.30260847751124764     
 -0.86323544828756360      -0.26013983446875616       0.43261047992663543     
 -0.67175892073097532      -0.62316059662965362       0.40051319981563716     
 -0.63926966474021341      -0.57004176970614773       0.51612660901492302     
 -0.90358189241336473       0.17119296058910372       0.39272475596460699     
 -0.44373967676310455       0.42697599547187604       0.78790011965794571     
  -9.8185412324015175E-002  0.30543090475795387       0.94713863147139998     
  0.30689584377690182       -5.8170786303226696E-002  0.94996373651488863     
  0.39456033428927750      -0.46154722123738678       0.79454156919169061     
  0.72725765422659183      -0.64222839484273919       0.24215489511172200     
  0.65741153038733735      -0.74819758219985577        8.9501160350386411E-002
  0.90652049044771454      -0.14027758151632547       0.39817433433403659     
  0.61906521935298886       0.15317707323996727       0.77025647574112854     
 -0.32764759941202032       0.58295151756629293       0.74351501583137147     
  0.12085319128342693       0.57052562639240434       0.81233922457690788     
 -0.25497655982473472       0.62028062470009737       0.74178089794874502     
 -0.84250398493543066       0.53829071001234630        2.0739982699707879E-002
