  0.45994991001994001       0.38908072137611666      -0.79816180848632623     
 -0.19426742517889301       0.98085320504481344        1.3680558018883696E-002
 -0.41960925206923305       0.85633306848583046       0.30103446878317497     
  0.14882189964579090       0.58948819481647563       0.79394943816205243     
 -0.21714793637867874       0.68249475219083866       0.69788801892457664     
 -0.18149605647719957      -0.16684557854915744       0.96913452853659920     
  0.68609782555122034       0.15903600401600732       0.70991360263101511     
  0.51121499701630657       0.41064420554853170       0.75500368427909348     
   6.3755572531922045E-002  0.39027505658362122       0.91848821831302518     
  0.69898825904961492        7.5647670548454532E-002  0.71112083618146305     
  0.75630435590346556      -0.18408502156233603       0.62778692729132168     
  0.86805939435275947       0.46517914677137934       0.17343946864836529     
  0.69497665428818101       0.70977764192969506       0.11499195194067227     
  0.20279866750625883       0.97899060630307266       -2.1215400728268566E-002
  0.61521984678832387       0.78659683836521299       -5.2630352379925721E-002
  0.88206384992175701       0.15561005334044525       0.44468964004194633     
  0.98659209780128698      -0.13741989150451284       -8.8044340959551645E-002
  0.93420970325644381       0.21161834870106555      -0.28717573858975631     
  0.61442659532496591       -7.5419548043593868E-002 -0.78536096842808922     
  0.52782765709664337      -0.58677280469877457      -0.61408113476139148     
  0.51968224930007112      -0.82110245441031282      -0.23605321248361344     
   1.4181475528573462E-002 -0.94894491331061936      -0.31512289230355794     
 -0.24336411297823390      -0.84733250719009734      -0.47201857036904449     
 -0.46325790819089369      -0.86426052164425626       0.19607616179899001     
 -0.68142959331732178      -0.46095973768866960       0.56848028073222356     
 -0.36410125776486768       -7.4011446347916440E-002  0.92841401319863848     
 -0.70437997042383993       0.25860793809973726       0.66103766278297993     
 -0.89730943105567340       0.30517698403327681       0.31890875396409457     
 -0.96790456065524300      -0.14724804575127989      -0.20366338523466346     
 -0.97251239841173176       0.17140647945913273       0.15760537343292272     
 -0.79729315064071715      -0.53904978531084480       0.27156759913105011     
 -0.92572794582262974      -0.37354340722832008       -5.9102396223121245E-002
 -0.94671807668521180      -0.31728165860069540       -5.5292245325460856E-002
 -0.37622821062657952      -0.92224577211488123       -8.8966675474524956E-002
   3.6042945739875133E-002 -0.98021704281284039       0.19461617363842348     
  0.21006412242855252      -0.93858000902068384      -0.27375286507189422     
  0.47170617038202822      -0.69386905114620312      -0.54409468724203935     
  -2.6774476531358737E-002 -0.96872007225009160       0.24670741583160039     
  0.56420371541431580      -0.40641889792670771       0.71867784641017696     
  0.60987482009018923      -0.13876727741785336       0.78025402692845502     
  0.53077475202956959      -0.65922492151079470       0.53263558411646628     
 -0.40579992955339877      -0.59626432820828723       0.69267255473334410     
  0.41245282286668739      -0.82686123143303181       0.38233908100324276     
  0.81305112442314875      -0.27357512313818388       0.51391100501375941     
  0.77120245585749059       0.27018007802525712       0.57641087560670368     
  0.81841919932814666       -5.7206150871924662E-002  0.57176697217794747     
  0.57469351042681971      -0.59606192232680966       0.56074731726989846     
  0.37270386826294444      -0.76547459394307604       0.52453834236357777     
  -7.7214601840886105E-002 -0.59221515022311721       0.80207176805368374     
 -0.40900757202436805      -0.64142098382056223       0.64907004825473025     
 -0.58553513305755112       0.25100768598386153       0.77080720646107037     
 -0.85417616744889691      -0.47187439809106424       0.21844364808463529     
 -0.11960566654679022      -0.93335802579502392       0.33843356839102939     
  -8.4028728271993008E-002 -0.99319265689588410        8.0669195564988000E-002
   6.4336532483831727E-002 -0.89546423370565520      -0.44045955176596469     
   2.3412024242138989E-002 -0.86785542110240044      -0.49626489416849079     
  0.45319707921313923      -0.72635751615288247      -0.51673703769028800     
  0.65849493039339868      -0.62208997499982088      -0.42354278373138909     
  0.72225671315113849      -0.63871580579540388       0.26530616226399395     
  0.94050400935998624      -0.33847022003790350       -2.9834854202544215E-002
  0.92083977895583180      -0.24282313015395049       0.30510822498722101     
  0.96686114232123932       0.23815655274396869        9.1983628186546249E-002
  0.85018941284210714       0.52620006741072967        1.7071946233157387E-002
  0.79028163490490055       0.56716352721500096      -0.23190616837234368     
  0.91035346171413056      -0.10008290815906605      -0.40154699132179350     
 -0.25290931172352138       0.35579427816043824      -0.89969289853362600     
   2.2143709178582879E-002  0.68787109266140067      -0.72549501447263021     
  0.25307324069753256       0.69877562962364947      -0.66907888495078793     
  0.80552247052815462       0.46772629082746164      -0.36382092620278722     
  0.74234635223925016       0.66394474547077054       -8.9995934791036306E-002
  0.74233789160764363       0.54172285843107837      -0.39429785611493029     
  0.67493526465227671       0.48049624490957615      -0.55998727410230353     
  0.19312018532989703       0.52462966451376336      -0.82913708705520017     
  0.37890848452894815       0.75910617520140444      -0.52932615193579213     
   4.0594561997413701E-002  0.95570410605970302      -0.29151628290180309     
  0.20124360188464496       0.46579198499090485      -0.86170693360262496     
  0.81001429184390716       0.56201220993506129      -0.16738913612465756     
  -1.8443946958507706E-002  0.98710292751817441      -0.15902085179531231     
  0.54134340841562978       0.84073574586427358       -1.0522347220395901E-002
  0.11345978339923617       0.98883800262225297       -9.6572677922375186E-002
  0.65931432707948201       0.74938375837648752       -6.1062269768792393E-002
  0.45478906833706795       0.88987777530504164        3.5839201153314598E-002
  0.32075391708481604       0.89662605493820491      -0.30525176867742898     
  -3.1507570264200917E-002  0.99156444103078023       0.12572681615085124     
  0.34051910590575213       0.80896942402250105       0.47918181258253761     
 -0.19176662925069915       0.87336235990227951       0.44773178155206916     
 -0.16521847541412313       0.93872923737917735       0.30247359268438556     
 -0.21313774959107040       0.58382929096988978       0.78340006299773302     
  0.17930440323429189       0.81261687774961111       0.55453019843585838     
 -0.41868318373179236       0.90356436691013242        9.0971569792732507E-002
 -0.45913182678450160       0.84683369887330506       0.26845977740825061     
 -0.79422084748065724       0.39174167661527648       0.46449080101741330     
 -0.43939823020539176       0.55049533002230244       0.70984793224751019     
 -0.80569556918919805       0.50324340240122534      -0.31241115173526096     
 -0.98105969224076139       0.19311741828729961       -1.5084528980055861E-002
 -0.94816247936110021       0.13729550511629862       0.28659702895655276     
 -0.68548016963686365       0.10860371950963771       0.71994594876517215     
 -0.53621258055493437       0.65217301827157814       0.53586045076421418     
 -0.57028507026987163       0.80370953390708133      -0.16978198883916071     
 -0.81322285956611340       0.58087607309631051       -3.5377512397044092E-002
 -0.93634065191182558        5.2767694837324207E-002 -0.34710481696304302     
 -0.30542560300333610       -9.8675992427722500E-002 -0.94708935668629124     
 -0.81532047526196927        5.5220063240234214E-002 -0.57637077236304335     
 -0.93654457859038753        9.1095236857798315E-002 -0.33850540635982501     
 -0.89855126627953663       0.43784809740056135       -2.9910959031853472E-002
   6.9978567718783316E-002  0.96961467303773596      -0.23441498648763956     
  0.16928405340098038       0.97433553497534398      -0.14836837448888668     
 -0.19876902898492443       0.80927950679084937       0.55277260515041882     
 -0.51800864189160600       0.84831562265554916      -0.10967064914622147     
  -2.2922635316984852E-002  0.79876154704942970       0.60121089789304982     
  0.84924536745139345       0.52354395420749622       -6.8440002010164952E-002
  0.77194670516613495       0.53056986062961276      -0.35013412769200647     
  0.57863851893642948       0.69515811240343595      -0.42653565286239836     
  0.75528223816067885       0.59388183008847562      -0.27722393946000884     
  0.41809554324518627       0.90672987951497364        5.5109366837689105E-002
  0.87122425752600996       0.18356837736997139       0.45527018783133960     
  0.72744365157275082       -9.8350437754470249E-002  0.67908241412957426     
 -0.25367900402061155       0.61396167411761127       0.74746105292102616     
 -0.11368893016781847       0.60424090564102173       0.78864932327838533     
  0.42214868224177682       0.88931510042794337       0.17580996056085693     
  0.24157755419684107       0.88576345818151547       0.39631222723828236     
  -1.3948503605758014E-002  0.91806986931801970       0.39617313676921262     
   4.3062545275522335E-002  0.71953876284535068       0.69311585320014235     
   3.3443800594707508E-002  0.99941785357062773       -6.7428603767992947E-003
  0.26455407986084789       0.68197166041670620       0.68185467162544366     
  0.25266318057980647       0.76817532160538049       0.58827543927631898     
 -0.17083081018725507       0.94425515573543994       0.28142323137553682     
 -0.64665680598524078       0.63720904286143221       0.41928464194220066     
 -0.53581366297196609      -0.30953006832312319       0.78555385262655497     
 -0.68521703534638423      -0.36624319648040082       0.62955820660437434     
 -0.52650224727141814      -0.82890460433069868       0.18897761914469868     
 -0.68760437436504818      -0.64555865440306992      -0.33234657825735403     
 -0.91193320064950012       -7.5340478687925039E-002 -0.40336292569387833     
 -0.39859146489188596      -0.46350043112928618      -0.79138624859064599     
 -0.54666360181290818      -0.39393234148525624      -0.73890203463313042     
  0.23537476048395908      -0.39966498393286665      -0.88592698499658840     
  0.11951577499454430       0.22813849330506084      -0.96626539180494464     
   5.5325790186290968E-002   3.8783051108355407E-002 -0.99771485499969403     
 -0.40805690638273212      -0.10497876307725268      -0.90690077762463872     
 -0.62383663539818568       0.16881089163077584      -0.76310597901073218     
 -0.32985333815466139      -0.23275640213377005      -0.91488864490385269     
 -0.35803105323853268      -0.43635226168569163      -0.82547590433559526     
 -0.64150159911040405      -0.42078432251671644      -0.64141737758106887     
 -0.72630618369444755      -0.44760312858283802      -0.52166154430822820     
 -0.33743131180519925       -6.9141850533476115E-002 -0.93880749587881052     
 -0.55982225790065332        8.3314173444141604E-002 -0.82441360254568641     
 -0.46549302417474547       0.12479860310401092      -0.87620862419171364     
 -0.74162052249520405      -0.12278056305769207      -0.65948762986824183     
 -0.72208741902343632      -0.37568325348150133      -0.58090606154665791     
 -0.57032809066778078      -0.30129234877032685      -0.76416542029049372     
 -0.84251733227840941      -0.47234354219658548      -0.25895197036449968     
 -0.79587391308455657      -0.24953862057835205      -0.55164770579721545     
 -0.89469131813057889      -0.42808588139236953       0.12755360996183146     
 -0.75737618057449663      -0.15684571887108209       0.63386176850339015     
 -0.89890187166323077      -0.33828367492249883      -0.27845929756665078     
 -0.98475717930502737      -0.11786853403666461      -0.12790741374637765     
 -0.79007684763403296      -0.18366538575240557       0.58484664734366798     
 -0.86143019708802082       0.27661468492168717       0.42593700429826825     
 -0.73657883038221239       0.64076996738927505       0.21648435399524885     
 -0.29692349606388557       0.95476457815220517        1.6156663984067975E-002
 -0.10775032565767609       0.99274338077030500        5.3389580045842266E-002
  0.34374807639371041       0.92475223259757833      -0.16331126195542453     
   7.9666319180382500E-002  0.70598913264901431      -0.70372766193305492     
  0.28103919147281803       0.77770138522666932      -0.56231443896886812     
  0.17473598636359788       0.59057177674025274      -0.78784028304436926     
 -0.33659635195555554       0.80294199563813862      -0.49192179001426706     
 -0.22035064580471000       0.77310295076897351      -0.59477510069422779     
  -8.6763354597077361E-002  0.94370723253712652      -0.31920021860298325     
 -0.17430002469118522       0.93027051115672177      -0.32282545975325500     
   2.8013326228501237E-002  0.95845719549493791       0.28385746063411593     
  0.31291378603496389       0.81712112357601741       0.48414670495131062     
  0.85392850282241550       0.44007248435944102       0.27774506400151300     
  0.39648565548181175       0.74957228806131115       0.53003821557290687     
 -0.26505634207583439       0.88389541683889106       0.38532327676468664     
 -0.68633395174322442       0.67784274537691491      -0.26358095383483399     
 -0.89604497850753617       0.33650815996469552       0.28959567463734659     
 -0.54317819558522062       0.79958872488666843       0.25615487283087801     
 -0.42520181180450101       0.72597486428448721      -0.54052189193903055     
  0.16881361823411004       0.75645478723862014      -0.63188457582264301     
  0.14600788867337339       0.89112504711349760      -0.42962524000822155     
  -8.7342503274032202E-002  0.99049225213182379       0.10628445600692510     
  0.44032147090133877       0.70599341627808543       0.55469838510254288     
  0.55049288232651783       0.83329124156845291       -5.0826107790932218E-002
  0.44798427844272781       0.88883655818579155       -9.6330987229669790E-002
  0.46016914229515393       0.75833886906872794      -0.46169959945721922     
 -0.38173177223524957       0.80315221952905946      -0.45741378021625434     
 -0.30248652139207011       0.66885844430628116      -0.67906574487035676     
  0.18204032003917392       0.46133531899403030      -0.86834961008152023     
  0.76397158576861302       -5.8397906197349164E-002 -0.64260182126261345     
  0.72848497689619540       0.66589856282159632      -0.16089979014511813     
  0.77342831698686521      -0.12959244086107469      -0.62049531646464784     
  0.68150470144715203        5.8694680953928713E-002 -0.72945615106955797     
  0.77946530612865150       -2.1766425207103701E-004 -0.62644536007867746     
  0.94542854531830756      -0.14660854499703854      -0.29098247409629785     
  0.88711919652792992      -0.17609822274404424      -0.42662506618584817     
  0.29044102070670796      -0.57361201596973199      -0.76590682764038431     
  -1.2865387569210296E-003 -0.71141772831128014      -0.70276821261530109     
 -0.24913525738274392      -0.59769364712137274      -0.76203276026669231     
 -0.85021089110927361      -0.52355799327483532       -5.5031521124607144E-002
 -0.65378290806993100      -0.49468259999792563       0.57258801452266417     
