  0.20748730330720708      -0.89804794475332328       0.38789032972054249     
  0.55809087542726088       -1.1604750688620921E-002  0.82969868297251059     
  0.95025678107074185      -0.24184285227906985       0.19627553293935510     
  0.70558623283238708       0.61639471242247268      -0.34957921353396870     
  0.75614401452765689       0.49479329641477748      -0.42828241046886706     
 -0.45097504979228281       0.44180719237000793      -0.77551783295744803     
 -0.51849141271568888       0.81620608756747759      -0.25490052482864489     
 -0.25778562749252965       0.77088523682478771      -0.58247963217939702     
  0.18464980172120854       0.55439697970059476      -0.81150997506083478     
  -5.0076629240893164E-002  0.96418184662696038      -0.26047206729117106     
 -0.43231492631935714       0.89312311701968428      -0.12423728235346715     
  0.32967114402001496       0.93728762149472677       0.11317619623112753     
  0.27914611214623192       0.95930360116207036        4.2591652599121274E-002
  0.75078249138437314       0.64393994248788222       0.14719715044595535     
   5.9511595104417593E-002  0.94315491290611808       0.32698192657884273     
 -0.37076374963322556       0.86136074504098581      -0.34726345742158410     
 -0.64617066231966103       0.75946400909532530       -7.5351801878146635E-002
  -6.0215156087847103E-002  0.99550822581017639        7.3058246089136192E-002
  -2.3221171257508361E-002  0.83875957248842747       0.54400657786877726     
  -2.2886546784051116E-002  0.99941673410267773        2.5345563159499582E-002
 -0.15498430254841788       0.93031065815440006      -0.33241832874852018     
 -0.42871630470206729       0.89325395052745504      -0.13527642052375907     
 -0.70165161476851456       0.66489836603936159      -0.25611554878783943     
 -0.15641672086622024       0.82701339370064086      -0.53998394056974552     
  0.45226400015092533       0.46033876884613334      -0.76390149369189719     
  0.69903338891580880       0.25776083568857810      -0.66701699585998242     
  0.54631600221311294       -8.1830751011469527E-002 -0.83357216479129614     
  -4.9540619835256261E-002  -7.3274030473716237E-003 -0.99874523085267064     
  -4.5076438379455519E-002  -1.7436628866624910E-002 -0.99883135647456511     
  0.39986791003038474       -1.3431957442932609E-004 -0.91657276660733711     
  -2.7262763095819396E-002  0.55775281308271141      -0.82955924516985002     
 -0.29982507191857199        9.2831586532888297E-002 -0.94946680973631026     
 -0.65604564191911141       0.40533637254780175      -0.63663689871763940     
 -0.42337122455781301       0.64871942359956358      -0.63239221663545608     
  -9.5249002418433509E-002  0.83342090087547571      -0.54436865222220576     
 -0.45362776043681802       0.82997307895817996      -0.32460213056258325     
 -0.69986629074790641       0.71424978833312047       -5.8664248807432824E-003
   7.2290713359686093E-002  0.80042031530381108      -0.59506417436353065     
  0.68725879794957523       0.61168535775328570      -0.39181164830972293     
  0.78859111766814793       0.37512879074791311      -0.48723961198468041     
  0.53645793415919674       0.74361328037327334      -0.39906412283014808     
 -0.10840339596159843       0.29398614202717821      -0.94964248643371507     
  0.44836101859426464       0.57146012152892001      -0.68731777694696550     
  0.77732449017572047       0.59656023169322336       0.19970610139715628     
  0.91652345262027890       0.12145690786041048       0.38109445066811820     
  0.86153857980497950        1.5512554709356176E-002  0.50745505826038351     
  0.32178604389947801       0.87142896906363398       0.37022330265426795     
  0.47549017340085192       0.77930289664769259       0.40816184323837706     
  0.54731660972308593       0.82383427499599216      -0.14745038508953101     
  0.71086500988346535       0.63163002777531685      -0.30937751330039570     
  0.86412937415666990      -0.12653509497275958      -0.48710296084077132     
  0.66318239040358928       0.60783389448641989      -0.43672310881388193     
  0.41430055836727187       0.86280013805357703      -0.28970842084976134     
  0.70072520608684830        9.0867926855632969E-002 -0.70762080623983514     
  0.52705454092459103      -0.13636865447403090      -0.83881887256289422     
  0.16704537664239791      -0.21257753004517105      -0.96275990561629399     
   9.9038362471638580E-003  0.22109082533849977      -0.97520293322916529     
 -0.54861445631169403      -0.47585520381519997      -0.68744745495771264     
 -0.31159332747970109      -0.49265691391071686      -0.81252616169948477     
 -0.48208156655221601      -0.44975488080947429      -0.75187626001797403     
 -0.55569635813862350      -0.50843571466948279      -0.65779531892530130     
 -0.17168826543078855      -0.94345386588091384      -0.28358057491249944     
  0.11914474779752815      -0.96170398199496210       0.24683998883354957     
  0.31074234522772282      -0.70878564046494841       0.63329464765867649     
  0.78844098548804487      -0.22905409534006538       0.57087216941329499     
 -0.13516589678570828       0.84297236494691996       0.52069931081375376     
 -0.25149214951901971       0.94540135216742782       0.20728719702459580     
 -0.78211230693315414       0.43725874594444469       0.44396523336726790     
 -0.76733317893918196       0.13901717393916302       0.62599841681038104     
 -0.82921877302714031       0.12465793524768266       0.54484550621182737     
 -0.81494779491174363       0.44446283764425398       0.37190439298527955     
 -0.88064817709447207       0.30536497654511069       0.36223061615461949     
 -0.83185225419616604       0.30884681006749720      -0.46112414282917868     
 -0.85356995024703908        2.5528094523695685E-003 -0.52097199847904141     
 -0.73771315376854818      -0.33245935515591840      -0.58757984982995715     
 -0.78495879466129714        4.1037893374589685E-002 -0.61818733567695017     
 -0.94128817636044715       0.33592992517961467       -3.3580565999901758E-002
 -0.88883945262932051      -0.43934012914041881      -0.13017172648678477     
 -0.97879421052393889       -2.0401226729115114E-002  0.20382758251226671     
 -0.96185882590331129      -0.21677164162572526      -0.16684619989335964     
 -0.88520716142249867       0.40466622321705076      -0.22946356824913264     
 -0.89687373271300808       0.20443144135069685      -0.39220567736426626     
 -0.66451317323879266      -0.58076371731690313      -0.47025072805935780     
 -0.72819350800393079      -0.66553296185465716       0.16370733516235442     
 -0.81239479588936603      -0.58046340938720131       -5.5470045740870361E-002
 -0.54321061567719120      -0.71620039823557180       0.43815432964066020     
  0.25926287493165417      -0.96573173216513986        1.2040895794988959E-002
  -2.4347269129457318E-002 -0.95185581761639237       0.30557767090505400     
 -0.30110796162923104      -0.88914834220737449       0.34460008849882889     
 -0.11161899195094201      -0.89041107025779687      -0.44125879775735477     
 -0.22837277885487939      -0.94370103926350968      -0.23932033421977811     
  0.31730154194791366      -0.63157014785282484       0.70741704801246463     
  0.42234225142181681      -0.50023984762174589       0.75590152633486174     
  0.62794810570564241      -0.67944887534525444      -0.37951337569678900     
  0.82860247353749794      -0.49558224694216707      -0.26041539386780843     
  0.89157980516352442      -0.42229741756210054       0.16355531830239511     
  0.63432581314621739       -4.4750505951648173E-002  0.77176949602426903     
  0.80549047169441890      -0.59248558525818229       -1.2080201605747506E-002
  0.42508798276618492        7.2246063044115877E-003 -0.90512320264787582     
   5.3803949548926026E-002 -0.32317652900979410      -0.94480795197235223     
  0.25014780737981124       0.30628568762532449      -0.91848524866706804     
  0.14264798935210951       0.69516088132597575      -0.70455865632883030     
 -0.50257588318524460       0.62688059199717228      -0.59534712984768590     
 -0.84305983883145830       0.41326020732620611      -0.34418906024194112     
 -0.82778862796631592        6.2271580321713350E-003 -0.56100553465410630     
 -0.90258574568689098        9.8494424308937942E-002  0.41909166069361853     
 -0.56276954344255326      -0.14669484285580153       0.81349312477303559     
 -0.20297508070395659      -0.42087583224169434       0.88411800708283017     
  -6.1858692134748858E-002 -0.98898651694222484      -0.13445880972949970     
 -0.21421227585915883      -0.92403307402945356       0.31666382643263469     
 -0.38658387726495497      -0.18986826956756514       0.90249816955506190     
  0.19322807638493522        3.8743896600965527E-002  0.98038860712106068     
  0.32581663644161551       0.25312931620180396       0.91091660907960392     
  0.62775960676361753      -0.14043751347177477       0.76563384259437006     
  0.45289382499181979        2.8500727960925974E-002  0.89110879907559848     
  0.67095858988610868      -0.69053408002047867       0.27014302691035702     
  0.48931221722383106      -0.86006836239689344       0.14441594814794861     
   2.6435832751936353E-002 -0.51466931816809014       0.85698111979384262     
 -0.23035013472231061      -0.89724416076493907       0.37668518872750334     
  -2.4267385947014580E-002 -0.78661049347950762       0.61697246739806977     
  0.32139262021731257      -0.81107391274031604       0.48873908350155665     
  0.82001040862713914      -0.57130461975285796       -3.4553743533776035E-002
  0.69464301302902276      -0.68076871019755369      -0.23243288852033825     
 -0.50825485926883407      -0.80831826731261691      -0.29715076435767224     
  -7.9692997455822354E-002 -0.98532683774228613       0.15093060982210305     
  0.18783608612140476      -0.97076344271562554       0.14945214296716880     
  0.13638426938876039      -0.98700221898750851        8.5005592622321685E-002
 -0.15200132847244160      -0.98605221703550849        6.7798388048597308E-002
  0.57618764476986817      -0.81725089278203289        1.0429585873915258E-002
  0.47006656203548530      -0.82861148906088589      -0.30404017407642842     
   6.9453995357578818E-002 -0.71758791145330980      -0.69299619902639775     
 -0.47564576578471884      -0.51070977082951308      -0.71619594767798056     
 -0.82162517621805209      -0.23419546697213905      -0.51969659711648264     
 -0.83916273791414064       0.40070320135893706       0.36775378137717774     
 -0.85621649479820916      -0.16152870882377834       0.49071558999209747     
 -0.82977457978584923       0.51083283851078376       0.22477534971681673     
 -0.24860515604578137       0.84760936013758215       0.46877910469071132     
 -0.94838474698757791       0.27412780900157524       0.15943749876793772     
 -0.83596660340090834       0.35473308647222451      -0.41871741707300492     
 -0.76270143785107569      -0.28303423161764940      -0.58153085939831273     
 -0.66459471860538222       0.70746385225233355      -0.24043451864938176     
 -0.73569945454272323       0.67211433536643295        8.3717577487983863E-002
 -0.54920354196653576       0.82800660082314115       0.11305104371368563     
 -0.27716580924565076       0.64017252568601712       0.71649023129556610     
 -0.24472678976307177       0.39227282560765475       0.88669658207419755     
 -0.54967947478103651       0.10127965629658328       0.82921342622084659     
 -0.47422726502361445       0.46374649304186200       0.74836334176628261     
 -0.35577907732440789       0.93073833495824643       -8.4542296972598477E-002
 -0.65931910498300705       0.75092458159910602       -3.7557829471917090E-002
 -0.65484346442576757       0.74786179517405804      -0.10900813005433660     
 -0.71560765973910101       0.69765305172589498        3.4436851486110684E-002
  -5.6676899749482597E-002  0.99778010138753903        3.4965673307744492E-002
 -0.42485815025410478       0.90442300613203919        3.8917581396537504E-002
 -0.31782244980374064       0.74221849313522392       0.59000050749882604     
  -1.3973908469864262E-002  0.93049817945354862       0.36602987298272999     
  0.52762066392529927       0.63646628803796634       0.56260741124716318     
  0.74367823817066514       0.12250281897507630       0.65721818098297913     
  0.80316124960026847        3.6811918005196745E-002  0.59462331759974829     
  0.98698226383056387        9.5431650062954065E-002  0.12945582663665106     
  0.84429983663940478      -0.53450747565603718       -3.8203983019359650E-002
  0.86158905730203050      -0.50760557372409354       -9.3694274087251228E-004
  0.84770012279661677      -0.37061555460341306      -0.37953736640371194     
  0.44157934234770319      -0.73860977900835389      -0.50937538099620250     
  0.32517775111546315      -0.91821041767310985      -0.22616157732054165     
  0.41563646343754296      -0.65774263662009813      -0.62818862950009446     
  0.83109810355669267      -0.51832595629521461      -0.20152951469973784     
  0.77774661748090845        4.3451930630075686E-004 -0.62857776781402119     
  0.28082072360011917      -0.83632300155408712      -0.47085407322044698     
  0.69356806758294220      -0.45894019997573143      -0.55528121566962674     
  0.18614431634433262      -0.51401924643765795      -0.83733775012501432     
  0.36460411669043896      -0.62527543316082423      -0.68999599330576999     
 -0.30606765148011611      -0.55845300831187983      -0.77100767196240605     
  -6.2243426867275492E-002 -0.94388242273346701      -0.32436357358163542     
  0.57243607595888535      -0.63989844929459194      -0.51268597945649985     
  0.87417903407023545      -0.42067167905918118      -0.24258267627682378     
  0.53953462796317941      -0.59376362547468753       0.59694819062616133     
  0.88823315114693757      -0.43983558957031238       0.13261418985548862     
  0.94782988316843819       0.20061831674177538       0.24773131324211189     
  0.45480946650680260       0.88793591273252537       -6.8688893248697008E-002
  0.89199729547579676       0.13036929020790725      -0.43283330860107999     
  0.94197950987577050      -0.29720877829224679      -0.15601777168087760     
  0.77764217632493149      -0.33240134872467592      -0.53364968749801400     
  0.98825982870367224      -0.14865752549289682        3.5262601789145614E-002
  0.39747683042067328      -0.47874693916443922       0.78282407827012734     
 -0.38409571330777664      -0.30952703550229543       0.86986406829562046     
 -0.84995663415293654       0.16921434925824314       0.49893909855268137     
 -0.84908341389989972       0.45725977483815500       0.26452004565831988     
 -0.53903613338665746       0.77458649223186127       0.33084106902789701     
 -0.25498125759730206       0.90494250746675065      -0.34068110668770857     
 -0.72797272706069605       0.55231787610827376      -0.40620274788228738     
   1.3797617660348711E-002  0.49000637296208849      -0.87160964898483584     
  0.17774623501729425       0.51186420457861159      -0.84047683609267565     
  0.42716666726979580       0.31012105402374041      -0.84932536181659368     
   3.1445955623845973E-002  0.78046550445417395      -0.62440751775746595     
 -0.18312711289766320       0.88700295507117088      -0.42389883016685642     
 -0.42435120318700048       0.74189846701329920      -0.51914614608724441     
 -0.31342223497774557       0.71373235496902077      -0.62638057767781918     
  -6.1431126838743522E-002   4.2753160084529687E-002 -0.99719525869219960     
  0.42157694962068781      -0.59418330358770066      -0.68499567683761375     
  0.35782030180498375      -0.34944609463290000      -0.86593998554293594     
