 -0.28238937808312464      -0.16656758058714874       0.94472825735406696     
  0.55149198405575994       -1.3523219834707965E-002  0.83407056898537013     
  0.65829769328244547      -0.71831685446703408      -0.22508896820509527     
   8.4232620158734367E-002 -0.85363579021912095      -0.51401439995216580     
  -6.8489650193974752E-002 -0.96596680682855518      -0.24943395102066759     
 -0.58954392539822831      -0.80771844067444787       -5.3740692708155700E-003
 -0.42379307639406250      -0.45148989010834079      -0.78521099554862173     
 -0.36475199846392037      -0.43727117945987815      -0.82204008127969042     
  0.45226969133688283      -0.64729353786678023      -0.61356597211222086     
  0.59653293022398535      -0.79525004860036097      -0.10828584099297681     
  0.65262458737716122      -0.75150459165277972       -9.6550487702716820E-002
  0.50997211278280807      -0.79413816699394368       0.33056469246941217     
  0.55751563748141386      -0.68604364300666942       0.46746169239183194     
  0.69596491863793752      -0.64417573197555877       0.31728608283232590     
  0.54885572951565587      -0.81795225950637895       0.17237021014747442     
  0.15472471644101149      -0.98785961700771263       -1.3915430560161750E-002
  0.37521638632431698      -0.63215768062352096      -0.67793018096443747     
  0.36565868414956199      -0.91218742590111934      -0.18495357994355316     
  0.58952499350783449      -0.78459884963289073       0.19200241452747252     
  0.34608647154127853      -0.89712398273241478      -0.27457733668763390     
  0.16999012776836891      -0.98524169029667119       -2.0054130814052624E-002
  0.25266592765080159      -0.81761282657602308      -0.51736756259235328     
  -7.5510719623760492E-002 -0.90422522734226973      -0.42032709817438019     
 -0.37897283615527999      -0.91696353373205852      -0.12472957653286823     
 -0.11417120219985424      -0.53158044781195701       0.83927776337293991     
  0.33607236636467042      -0.34533193210200419       0.87624267257239929     
  -2.6538517712372256E-003 -0.13256581850982327       0.99117065172132157     
 -0.22884768992907728      -0.32025244142138648       0.91927531707198906     
 -0.53747161347517947      -0.33425075793732650       0.77420972321893722     
 -0.14624951262387412      -0.41988299567774573       0.89571722658326158     
 -0.17955118696166034      -0.46359615211213362       0.86766351715832568     
 -0.28971833114588680       -3.8811659588183695E-002  0.95632470619455068     
 -0.29670531283261847      -0.38190082290269167       0.87528150831788398     
  0.33559139407166355      -0.40531329701361646       0.85035260185938688     
  0.63341688648495786      -0.39755562490644186       0.66387692610978055     
   1.5191977473422696E-002 -0.70033623921114685       0.71365142462412900     
  0.38194766336412278      -0.70747716451753251       0.59463606023932503     
  0.44958482565294156        4.1310792501856597E-003  0.89322808885911276     
  0.80939051483767477       -7.9933151173228051E-002  0.58180553953565028     
  0.88213528637903527       0.11624066710139064       0.45642682199546469     
  0.33577299678805017       -2.8410435863494288E-002  0.94151438744294813     
  -1.0242432351919267E-002  0.79753872279584404       0.60318080060686285     
  0.28343162910521436       0.63879512467938615       0.71526729291130564     
  0.91356885981720548       -7.2687756611763576E-002  0.40013551255931790     
  0.85829062747972662      -0.36987413933046404       0.35571100606398720     
  0.70295725015433774      -0.23769017814988275       0.67033908111236817     
  0.10869059521670013       0.32636393595233892       0.93897440637174057     
  0.19054619312089052       0.28024177774822506       0.94082766450166677     
  0.26694952079483192       0.72498377675263981       0.63493029286125968     
  0.16503188967142113       0.85566952730751478       0.49050396066578272     
  0.66822588866074351       0.72857210362361013       0.15052193044550971     
  0.40286791324691024       0.66579603487398797       0.62802315596016844     
 -0.25471095625855189       0.76677189716387217       0.58922252713346057     
  0.49798073567827672       0.82057654984382189       0.28048050331484309     
  0.68116269251117711       0.58097624899139400      -0.44551541436721637     
  0.50868934152200296       0.42815253372447476      -0.74694080199653756     
  0.21059705503734513       0.82253404034706112      -0.52828650643375430     
  -9.6756555242972303E-002  0.98933510115595824       0.10887711714711554     
  0.34858237319156976       0.93727011907206959        3.8798189091750648E-003
 -0.14602711808261454       0.98827391670598430       -4.4617780571300031E-002
 -0.34523437731711670       0.76939590549969472       0.53744131337180123     
 -0.11841313246036207       0.97214141353220329       0.20228544721880451     
 -0.57597093565703572       0.77820699936164484       0.25030251181910168     
 -0.34239843100354761       0.87997765402191352      -0.32924556620926598     
 -0.51412280800993704       0.57817072471581565      -0.63355848298766415     
 -0.16056897163692851       0.28849285248155165      -0.94392239056742799     
 -0.34745265748582455        5.6686264230362077E-002 -0.93598254163935302     
  -1.5334376830701754E-002 -0.43065248263074118      -0.90238755315621688     
 -0.28927062827040750      -0.54102083840488313      -0.78969548310204662     
 -0.13051746662455097      -0.24091860417491093      -0.96172938868914937     
 -0.22905348822513716       0.15708156871011758      -0.96065596354965621     
  0.21396334055903554       0.20716322906714416      -0.95462195942648853     
  0.66468226443938305       0.19217536183185935      -0.72198761599115313     
  0.72074065366976892      -0.37266034375699075      -0.58451448086311741     
  0.59074338138049332      -0.47270435773063879      -0.65389054706245375     
  0.50761553943369564      -0.25144970792083327      -0.82407494107761647     
 -0.31029597937037762      -0.64875599411165097      -0.69486118418776244     
 -0.44586721343891167      -0.74442708342420871      -0.49702187622358041     
 -0.75689945720006246      -0.31313702127683934      -0.57362742054067906     
 -0.54401154133365903      -0.80395094048318450      -0.24023806565997086     
 -0.70032945930589663      -0.14615952078456870      -0.69869595884933777     
   5.6128849484061730E-002 -0.43988543826368576      -0.89629813871234543     
   5.0087887507557050E-002 -0.83944546676902032      -0.54113077148317046     
 -0.83878564422105717      -0.20979803110584225      -0.50241758447813978     
 -0.81556962577726055      -0.31946307562060444      -0.48248267204595113     
 -0.98978917266931399       -8.8328362443450575E-002  0.11187266893526560     
 -0.71435789094482105      -0.41880869802766479       0.56061758632894887     
 -0.75046821378453876      -0.48600941171503081       0.44787533067076540     
 -0.97249667865738554       0.20522234739028056       0.11015442856287805     
 -0.99965941511946443        1.9172497540570189E-002   1.7705058630602420E-002
 -0.90749491140116145       0.41898802310708139       -3.0033685651558874E-002
 -0.58078536574691797       0.59716738390561341       0.55324449796955011     
 -0.55898819275358591       0.75777922354243221       0.33660488518374210     
 -0.75036424740683816      -0.34854022053007633       0.56167001957237173     
 -0.55103248125914783      -0.16257929988509751       0.81849323506446559     
 -0.58689433098390564        1.6574914903701998E-002  0.80949386437139581     
   8.0503972919823572E-002  0.65979055506132644       0.74712484485264297     
 -0.64238702729339259       0.43400436128586034       0.63164794114291190     
 -0.72725007882184745      -0.64328916432151984       0.23934572049687933     
 -0.47320774007680239      -0.65865207444128648       0.58502297353665789     
 -0.43280721442121073      -0.48349786578080772       0.76085986155823071     
  0.22140582911972875      -0.60963060946066450       0.76113729302959532     
  0.33023075655076467       -5.2435959340214028E-002  0.94244263358361247     
  0.49703647043545512      -0.15664283398527218       0.85347394196787452     
  0.77499042519732109       -2.9684738341261819E-003  0.63196600305366679     
  0.95587846414848343        4.1498204278335990E-002 -0.29081654151518560     
  0.63558899970145277      -0.67145283626591501      -0.38102193129660050     
  0.28982363465065203      -0.89948202669224908       0.32700817184823383     
 -0.54481331667672250      -0.17004941389222575       0.82113436586629052     
 -0.86555807395689410      -0.22069983813835839       0.44955622791123417     
 -0.67810972280971060      -0.66132280766564144       0.32065456162699180     
 -0.55983846623962830      -0.77927412263843643       0.28162516489933487     
 -0.19716232101374503      -0.95535975543048357       0.22003353579916479     
 -0.79919897815366614      -0.50667364747882537      -0.32336172975261934     
 -0.41995694558887781      -0.52880260869133200      -0.73756624440987140     
  0.16343175174385724       0.60810171143417091      -0.77685415045086881     
  -9.5941704967860628E-002  0.99518634848035259       -1.9983018947333155E-002
 -0.29488954099758324       0.79004378728766200       0.53746718297809104     
   8.3268992744196121E-002  0.98185732860465580       0.17035979899242942     
 -0.41870888469427092       0.86261777843453535       0.28385460751375013     
 -0.54669167606041191       0.76340440046516000      -0.34400862296847734     
  0.23781989784825036       0.50388781262485893      -0.83038471112827617     
  0.49034032120013538       0.52580380321710773      -0.69505160234889041     
  0.15367897000007780       0.94562218621866923       0.28667308054776303     
   9.7586796097915943E-002  0.96783283236071582       0.23189744679913865     
  0.49092431638780831       0.78208971554897111       0.38383458991038993     
  0.49223161906925145       0.81036196176245612       0.31783883355722420     
  0.18385487869067449       0.95716757215191517       0.22366855479138825     
  0.57067077651817610       0.82009492325847499       -4.2180347009018015E-002
  0.44964646801381697       0.88083747501020604       0.14813303622194623     
  0.49656168340101403       0.64152791762134775       0.58469515603471656     
  -8.2689481234337697E-002  0.94852007034975705       0.30573211450044768     
   8.3072128585947591E-003  0.78021377063935438       0.62545780218919456     
 -0.77752812987362607        6.3524341813983129E-002  0.62563141325575744     
 -0.83729513737881445       0.35649630358998907       0.41454461575151702     
 -0.47983800460042170      -0.40282212462273126       0.77941633627709206     
 -0.12182593325132401      -0.53399887000526558       0.83666220711859829     
 -0.50780811553809035       0.36188587317104814       0.78177332558290624     
  0.14138554046898985       0.20885956042175272       0.96767133519949622     
  0.32531360053778929       0.73907986534246883       0.58985762176183887     
 -0.52698547701112197       0.43330867887143015       0.73111551469935132     
 -0.89008890216731273       0.45548654857784904       -1.6545401270663288E-002
 -0.96151094717454955        9.7467828917425711E-002 -0.25689826933955945     
 -0.51553355891428532       0.47464418551507265      -0.71339893943704091     
 -0.47106706868118936       0.25539185987233065      -0.84431677391550453     
   9.7170428645106416E-002  0.25111014553449501      -0.96306884624444233     
 -0.17801249054248228      -0.71853464301704273      -0.67232396952305573     
  0.29005376271384398      -0.42410758830048567      -0.85790533759940613     
   9.7518416482545639E-002  0.30680634734157503      -0.94676291841077698     
  0.51780321515164673       0.55041033534287631      -0.65492617379855533     
  0.55136343382485176       0.24348476300952596      -0.79794331504379024     
  0.55862460056523311       0.14718775891856475      -0.81625628283516116     
   8.9754382629591664E-002   1.5896698647688733E-002 -0.99583705784174337     
  0.25241032193847435        3.8973781596058708E-002 -0.96683508093524884     
 -0.10111265989176679       0.18915261475788697      -0.97672796537209705     
  0.53644423089409143       0.22313706526494453      -0.81390259690299238     
  0.70155297578802212       0.49009266675286056      -0.51733219516871842     
  0.41004350025874148       0.77358517534207794      -0.48314625568925296     
  0.44838142688873472       0.50098706872722598      -0.74024729178116022     
  0.34348620416440578       0.93774740111143662        5.1449385395074654E-002
  0.83200969946023740       0.54821713051390941        8.4957859055232898E-002
  0.59533684521991803       0.39601112978397257       0.69910601900632618     
  0.34571365353252964       0.49976173241713812       0.79417899781638246     
  0.50635638448807707        6.0570347696988720E-002  0.86019442271388913     
  0.64185335682796307       0.75692831253491022       0.12281611462573236     
  0.96077982476999169       0.25101797515147695       0.11786477194560097     
  0.93243255085485788        1.0118322489439138E-002  0.36120237770034586     
  0.69794875968912340      -0.59442883620218068       0.39940191228855254     
  0.82569035076863340      -0.10185441937280706       0.55485234243160386     
  0.69953329364028027      -0.23504287201599455       0.67483925449199522     
  -5.4789503906639822E-002 -0.48800122049540234       0.87112164423618266     
 -0.13592457030359192      -0.81802446894604997       0.55889218941880880     
  0.22754334246168972      -0.60075140221219314       0.76636921913753564     
 -0.36260824757994958      -0.82944972244275472       0.42488635742600039     
 -0.36349257369357185      -0.82001009805299696       0.44210472510572207     
  0.68145165885869807      -0.73182036873322365        7.9110394992167044E-003
  0.32946803948230002      -0.93806457225561157       0.10717121459932649     
  0.79796170015339840      -0.52492321441946932      -0.29616337392035946     
  0.33593160305961772      -0.23423753546150583      -0.91229531131470332     
 -0.78766229351014838       0.12091582539323444      -0.60412537982757730     
 -0.49911067023124972       -4.9444173816131247E-002 -0.86512647198949122     
 -0.40705869175318599       0.61528133892253745      -0.67507932529589876     
  -4.5892711749471987E-002  0.48310218013543471      -0.87436041913886586     
 -0.38052969656101426       0.48822393152320620      -0.78538814781181143     
 -0.72573452995944110       0.50444883676396501      -0.46780419313222155     
 -0.97874267329923403       -4.2900186408991146E-003  0.20504725114756550     
 -0.95294617145474347        6.8554035055458665E-002  0.29528619775970399     
 -0.90671925774205253      -0.24975166810201693       0.33982979845796452     
 -0.55783899449942209      -0.82715702671097846        6.8021389125789311E-002
 -0.63851941546265312      -0.76889554552613615        3.3054442172799306E-002
  -6.0243215766142014E-002 -0.99482057147879577       -8.1870541202490960E-002
 -0.30010862821490009      -0.89852264392576542       0.32029965598435661     
   9.3880506222908777E-002 -0.93852137127905977       0.33221090620850446     
 -0.28696049173065907      -0.94994330292161855       0.12353702853844266     
 -0.75535091816008060      -0.65289633697808303       -5.6314861230240057E-002
 -0.51851716663206771      -0.85329608624159237       -5.5006700617365539E-002
 -0.14821615455149026      -0.92580345220931026       0.34773544456578531     
  -3.7469220489137117E-002 -0.68830320908767006       0.72445479491521303     
  0.21951448904445375      -0.38396389375232132       0.89687519610824773     
  0.37667537927739930      -0.68775615438512760       0.62057000471477930     
