  0.17290524702058546       0.24259309493711501      -0.95459539378820746     
   1.1052131641453300E-002  0.54015422963039295      -0.84149346913604406     
  -9.0170657526682588E-003  0.99983355868622092       -1.5860247479074385E-002
 -0.43323281720897761       0.79157143493662774       0.43095706222958818     
 -0.59479968074974987       0.53099775743360156       0.60353518653059035     
 -0.91263579618488500      -0.26337275197117826       0.31261909257297893     
 -0.49554093726769521      -0.42805424946316462       0.75578352655269287     
 -0.55019402586825039      -0.27520239904753102       0.78838453400440900     
 -0.77275507261318599       0.49714216523648824       0.39458746216097046     
 -0.92982970578499902       0.29507057823935384      -0.21988649821515494     
 -0.93418346860661960       0.16258298147200856      -0.31759726245329989     
 -0.64576638519714813       0.45639007834933515      -0.61212243230726349     
 -0.67525912832355983       0.43336224023145320      -0.59684359622709204     
 -0.78053595868765469       0.61458025617930068      -0.11425727946247893     
 -0.88296753619379187       0.46147162477069759       -8.6094538499226367E-002
 -0.97541903546684139       0.20627429451063145       -7.7515293156471488E-002
 -0.98974277338953898      -0.14279842015884225       -4.2253666568242421E-003
 -0.90818591092774703      -0.22172469537157272       0.35501621181962217     
 -0.53526825475738993      -0.54096109941616743       0.64872874482904974     
 -0.86929551488641466       0.11019217738706023       0.48185370377439213     
 -0.86492790966991773      -0.16476002563728848       0.47408210789491129     
 -0.93396975098454982       0.25758008234913771       0.24769538837631569     
 -0.81052990229755562       0.18934981640187665      -0.55424536489723164     
 -0.25450698791117021       0.65574804128135855      -0.71078878681368929     
  -9.9178884323517902E-002  0.97586712664215081      -0.19454279745994124     
 -0.28958808680348869       0.91655573811760527       0.27579760496651307     
  0.12241394279937273       0.97747296803840400       0.17193435771415336     
  0.61081832010048953       0.76977675642535326      -0.18532329885073687     
  0.68074139398715650       0.45735226966333647      -0.57220630540588124     
  0.71934465024981142       0.67434033975183716      -0.16675844908250409     
  0.48498330707597181       0.72357667781561807      -0.49114965456471960     
  0.90522303019298300       0.41548656362566910       -8.9118915247042241E-002
  0.77194854171574989       0.49610843077343753      -0.39745675721835461     
  0.52854322891546213       0.84267555764991975      -0.10266430590547887     
  0.46851699327232810       0.86399117365681644       0.18442092847124003     
  0.64964925657012096       0.57319300071113788      -0.49940527367426341     
  0.51994041528800639       0.79692212738344625      -0.30753388014461625     
  0.38686457921914819       0.90318097094950756       0.18601056706637972     
   5.0191943973478745E-002  0.96891586557492715      -0.24224535949611653     
  0.39214762478773052       0.87724424787240429      -0.27688042536120017     
  0.63675260231786923       0.76688532319136704       -8.0206137640109476E-002
  0.26398287661820552       0.93090040267590879       0.25246283122522423     
  0.51061365287101046       0.82803190764803181      -0.23159632427683588     
   3.7062434067471145E-002  0.35503709662245975      -0.93411724960143760     
  0.46912588002814276       0.41010087499903242      -0.78213693239284943     
  0.36891669100061120       0.34689351227987880      -0.86230236358213419     
  0.45025095552962724       0.70084448259090271      -0.55325499389212052     
  0.29070998773381435       0.93634484935244222      -0.19684010293374171     
  0.18033379055814780       0.95670414944690618      -0.22846639668449628     
  -4.2848336201244633E-002  0.81110300621818787       0.58333175242618962     
 -0.12883978189674788       0.80026690115019061       0.58563913592270023     
  0.37944675763417895       0.85523217344739966       0.35298454303462140     
  0.56288824270516002       0.63247421384461733       0.53210261702598372     
  0.10476584101153805       0.67461819212265806       0.73069447337059035     
 -0.51180950145340343       0.31005306961637119       0.80119793324962085     
 -0.65512999273977213      -0.27795094573907514       0.70252968931963822     
   9.3789997375185605E-002 -0.26841771291963246       0.95872590858044526     
  0.79124071047769617       -1.6249130090251904E-002  0.61128888739619924     
  0.48487149871256091      -0.25975595380560196       0.83512063451861940     
  0.29912894948649249      -0.12375319138190762       0.94615380314297171     
  0.24739371437348431      -0.20070132805899790       0.94790048370273627     
   8.1795391756432842E-002  0.38033558984160121       0.92122437711299721     
  -5.3159585672453741E-002  0.29001215673950398       0.95554539787206316     
 -0.32148170609794369       0.44600188992798034       0.83530343398377382     
 -0.60309529237777915       0.72504533600226673       0.33254372502451929     
 -0.62255889366009587       0.76005595998985620      -0.18637425146361786     
 -0.68016975976579064       0.63096505618603504      -0.37316510524473945     
 -0.40264894344618218       0.80051606702772948      -0.44390072625779553     
 -0.18051903795745106       0.95437119262277570      -0.23788338240984488     
 -0.37286456926707018       0.84583376429757906       0.38149345493671566     
 -0.36760025867575724       0.74008419683162929       0.56315666685359100     
   4.6519939986190167E-002  0.95910334319415069       0.27920722099806417     
  0.40776664344286517       0.88512930244094012       0.22421525919485907     
  0.23651960582480924       0.89630902127406831      -0.37508480966747038     
  0.17535565164294056       0.85737756384322639      -0.48389472869123284     
   4.6246214612702598E-002  0.99546947308833345       -8.3077167641541466E-002
  0.28504656162645775       0.80262747195915440      -0.52396335650637349     
  0.15779563942367353       0.78683460396625460      -0.59665051929936208     
   5.3705959180977897E-002  0.98168138370800917      -0.18280407771602852     
 -0.32602794923827588       0.64462143593881738      -0.69149763603624903     
 -0.22293976120880768       0.97414186776890721       -3.6680844209470681E-002
  0.56961595197415338       0.80657489536247196      -0.15803355791618404     
  0.75996207118795678       0.48900131356625876      -0.42817679255907948     
  0.25462317174396054       0.68983760175121456      -0.67771020622478884     
  0.40230028007505303       0.42004798904058288      -0.81345815599484450     
  0.42052510482408412      -0.22182757124429139      -0.87974494306508977     
  0.51557521093546688       -3.2751325946156623E-002 -0.85621816876172174     
  0.46334303505368324       -5.6453040666606835E-002 -0.88437903981648636     
   3.0945398174763036E-002  0.52993989847754219      -0.84747040439973864     
  -5.9429689414906131E-002  0.57704881992505508      -0.81454451777615566     
 -0.37255146818798690       0.55778256822948802      -0.74167648616515147     
 -0.66515723510353542      -0.13367177761568863      -0.73464121069983279     
 -0.56429848750453138        8.7030261640713411E-002 -0.82097073672506471     
  -3.6998851741491326E-002 -0.11365982278501402      -0.99283056442391338     
  0.24328405992767774      -0.71847322946186420      -0.65162035322093836     
  0.41674101279261433      -0.64044718471741113      -0.64510024945288469     
 -0.50557379318449103      -0.72754742880033285      -0.46375627056802499     
 -0.36267451738314638      -0.40122914964127770      -0.84111970843579087     
  0.46014221139388234        4.6063952675461026E-002 -0.88664945584909394     
  0.86630765354826589       0.37814643667978787      -0.32636838362525217     
  0.70534641734150183       0.21489756362249554      -0.67550386282587782     
  0.65315818915729862       0.23563400854832392      -0.71962559289689543     
  0.84418045077301662      -0.11323490178373870      -0.52396299826488579     
  0.84342111338166903      -0.48961682102088261      -0.22117005691432221     
  0.89042184030739047      -0.44345228653509805      -0.10246470548658311     
  0.71019141600584501      -0.70096796201526579       -6.5361065320443362E-002
  0.68962436876767563      -0.65242936641678528       0.31425173323118533     
  0.98549618020397545      -0.10092972992108509      -0.13642019066643463     
  0.31857750087175529       0.45627884581576283      -0.83085377221227119     
  0.25656911673236155       0.86761431031405356      -0.42593156360792367     
  0.23733469461514498       0.96065532343591609      -0.14426916609656465     
  -7.2227455501651425E-002  0.95287084441412706       0.29465292894741535     
  -4.4269027969152185E-002  0.99749950499993245        5.5090749564326476E-002
 -0.66831682448767304       0.71988581458072198      -0.18739540034944979     
 -0.86962938798347855        2.9345294873350695E-002  0.49283220392366611     
 -0.79797337989178674      -0.37877897512780456       0.46879096939380627     
 -0.20683672091429561      -0.65164725460633643       0.72977697034470557     
  0.32656180207495444      -0.60334772755194022       0.72754993580061411     
  0.22468301369199767      -0.57702862039227321       0.78521049063707904     
  0.40172402013923170      -0.80767756018261461       0.43159560982553669     
  0.76021455391833925      -0.50254658603640689       0.41172898959616389     
  0.93072277142253679       -8.0323966241074490E-002 -0.35679571634601176     
  0.88749012607071598       0.21631781273916767      -0.40690033179971963     
  0.86881761768208032      -0.12573940759100133       0.47890035350154653     
  0.75439206843768680      -0.36879905806500746       0.54302841716493488     
  0.34324920343846965      -0.85610180772662670       0.38635434402378394     
  0.51278805977126773      -0.81263092616555133       0.27691042521975873     
  0.39814506391062732      -0.61181631249516433       0.68349199545309358     
  0.59679565466220608      -0.52814722370011780       0.60406577181144561     
  0.67571267160285509      -0.58245138419244802       0.45184374565509378     
  0.38788472838204940      -0.90241124458608235      -0.18761498642878843     
  0.37986247916683724      -0.92222423420023614        7.2159259801100328E-002
  0.34109976170461698      -0.93288208748334545       0.11568043662549005     
 -0.37533240145534891      -0.92521032527885450        5.5780304904478523E-002
 -0.41428261826081558      -0.81342007047607767      -0.40831078990612346     
 -0.64833841307094808      -0.16521452885998431      -0.74321024050420159     
 -0.74693189418155148       0.31636606792391353      -0.58481215490167848     
 -0.47062821532557558      -0.78104278460387344      -0.41046467760060729     
 -0.58770260008327191      -0.61192899401134215      -0.52929061973899005     
 -0.37518013533309658      -0.85379671102458121      -0.36093079987039217     
 -0.78661004384830502      -0.50869770100652023      -0.34995898032153933     
 -0.67143037135855355      -0.50153474296998068       0.54556773915924872     
 -0.39951055470629582      -0.32640975664102223       0.85664927913811661     
  0.27924974206624648       -2.7357451495176488E-002  0.95982870940789033     
  -7.4854651880144341E-003  0.31135192002855772       0.95026519967084466     
 -0.11352256729676544       0.97383634597844471       0.19686390721951408     
 -0.58841631371715564       0.76232856388240045       0.26948358473293799     
 -0.71558730682136529       0.69843725051528560        1.0964187560471295E-002
 -0.23371616067396112       0.97044657245337085       -6.0084991914469588E-002
  -9.3103438477623507E-002  0.78329195688278319      -0.61464254654753547     
 -0.71095088464111145       0.33336160074718207      -0.61920827091965336     
 -0.13580788098122845       0.84521721709183351      -0.51687916904721098     
  0.21616788734653089       0.91396436869341446      -0.34342477668187771     
   4.2578982072826455E-003  0.71678594739023671      -0.69728027071385434     
  0.23313531961723866       0.69167922605345822      -0.68354061400410382     
 -0.17260400435257123       0.72224596280597619      -0.66975266098162467     
 -0.45558724092640335       0.42094594122232309      -0.78437540787149140     
 -0.54199148558216748      -0.14511653277500963      -0.82775988153075863     
 -0.10588434710196057       0.54884358833173708      -0.82919190817684063     
 -0.72223458311986599       0.42800493345645180      -0.54331297047159821     
 -0.68036455485227343       0.73265777625356399        1.7794813736420112E-002
 -0.89820606756031707       0.11074886468959899       0.42539458055768975     
 -0.94630732497626002       0.20021746149274489       0.25380192042161098     
 -0.99670740040890404        7.3021423250137052E-002   3.5245279353457892E-002
 -0.82241634994289847      -0.46761159913659800       0.32399188215068619     
 -0.48191523286446364      -0.58428465009876429       0.65296949085860567     
 -0.37924771725616291      -0.34701070452051624       0.85776147028427696     
 -0.72714604505858671       -8.3755386333096982E-003  0.68643170054148450     
 -0.97645512108543986      -0.11947476222567349       0.17961396854692996     
 -0.82860864036869997       0.55304119779059557        8.6908887075676899E-002
 -0.49818429030824374       0.80296153311517027       0.32720817414528797     
   4.7652092579344524E-002  0.83248714009825320       0.55199134018920359     
  0.44880397624497448       0.69824287589456657       0.55770231949420257     
  0.32982035604600368       0.59295454317043927       0.73459066320728628     
  0.53114766242540168        5.0991413321832130E-002  0.84574348148096223     
  0.13330112762170207       -9.0885649263856172E-002  0.98689949241689556     
  -2.0552408677673717E-002  0.16279654087993714       0.98644558125381354     
  0.80839386641404776        8.0616083060669766E-002  0.58309553582252449     
  0.98779604711442082       -4.3047515683227053E-002 -0.14968594021718640     
  0.63907572892910147      -0.52309382647953184      -0.56387504058323823     
  0.65932974051241666      -0.24157495332364487      -0.71198724370773914     
 -0.16849147289641886      -0.47170137703793008      -0.86551050511348937     
 -0.41883191876568987      -0.25903210202487559      -0.87033452990424698     
 -0.66379221230920804      -0.39511755494473216      -0.63502914630133567     
 -0.64594036523308351      -0.60978732287957560      -0.45926078149343963     
 -0.17260625199375576      -0.95086827431080756      -0.25701479856594422     
 -0.16607222676341293      -0.98499647109235644       -4.6925125822590175E-002
 -0.14203696786566389      -0.87418053309057042       0.46436396859040846     
  0.24187324256370143      -0.70562103751204830       0.66603024402216060     
  0.28297747198072287       -4.5353673108857115E-003  0.95911583283501856     
  0.58509239470998931       0.36374379332749285       0.72481538509353438     
  0.28862283768265651       0.41367225974207522       0.86346518116711790     
 -0.29903359430189030       -8.5654589914873999E-002  0.95039055167098352     
  -7.7994392813979435E-002  -3.6456293110288328E-002  0.99628701355697558     
  0.20236516619613854      -0.25034353417042882       0.94677159569218616     
  0.35678975790308504      -0.66816170202596581       0.65288667362827713     
  0.28067524398369292      -0.53032599871523523       0.79998483891975047     
  0.11740877120735840      -0.34270062615558738       0.93207910676950889     
 -0.12394481400795675      -0.55734980364594655       0.82097434762387866     
  -6.8720521894696573E-002 -0.48073974446764212       0.87416633883935668     
