 -0.35744527795893338       0.45166464044655436       0.81745454053129019     
  0.32637056878403553       0.93268797257966651       0.15354282020611909     
   2.2093801437849642E-002  0.41273111560741876      -0.91058491649461970     
  -5.9049411755855763E-002 -0.36073744027401622      -0.93079625383638498     
   4.7768752805173620E-002 -0.53327632756545340      -0.84459132408151538     
  0.58199170918509613      -0.79742213020935937      -0.15938505793272176     
  -3.9042012336890267E-002 -0.99918039116637303       -1.0689582842243875E-002
   4.8158952672772974E-002 -0.97727291821048767      -0.20644214349253370     
 -0.26341526713938301      -0.58472257399448335      -0.76727564049643759     
 -0.33418972882148978       -4.2094191420816870E-002 -0.94156534781123336     
 -0.42946597487851607       -6.3493045264388148E-002 -0.90084827225495911     
 -0.64616884798054486       0.12679149816841120      -0.75258868971820381     
 -0.36060719317868994       0.49577649286877357      -0.79004311359983814     
 -0.69643799713029408      -0.18207201088256147      -0.69413536072322235     
 -0.10442749312892916      -0.20846390849771074      -0.97243904566440431     
  0.34320890871041915        8.8209066305330097E-002 -0.93510791120779058     
  0.41288626389877708       0.51157546118297337      -0.75353532140119128     
  0.43972868791726455       0.76053562562709809      -0.47772821057018566     
  0.18165929803791797       0.92066723095230529       0.34550216972839753     
  0.49823631727958828       0.72852047306334433      -0.47012603892070187     
  0.57826076499072854       0.81508635380247674        3.5337282257895772E-002
  0.46695038171717146       0.83890259924397892      -0.27964221783540799     
 -0.57057203545421187       0.56831119371132377      -0.59284900224257653     
 -0.30540040623297704      -0.55539990346700108      -0.77347368352233314     
 -0.10918883497341343      -0.26268719315650152      -0.95868307425796906     
 -0.34072881392739496      -0.33393606508295831      -0.87885754237908997     
 -0.60873557547262402      -0.66897143280632354      -0.42651872320349304     
 -0.34440601512426794      -0.82905470828570604       0.44051423066180512     
  0.18952749119062096      -0.84829033715421909       0.49445205427199912     
 -0.31321368601972188      -0.93613107704765663       0.15986179492167477     
 -0.10371690248065604      -0.97419188383733202       0.20048186353224812     
 -0.18376462577821817      -0.97747538391356548       0.10379034712178745     
  0.18338378792165863      -0.92278453392189397       0.33887916767210546     
 -0.23469475866078437      -0.80199671997195399       0.54929011588724108     
 -0.56076346246981590      -0.74486859892827328       0.36154544595322013     
 -0.93669330309567056      -0.33013539716333595       0.11668879755802238     
 -0.81641352466024608      -0.46940272640834285       0.33634808932454618     
 -0.60711961748636145      -0.21635235581424742       0.76458971232739947     
 -0.39813962690036364      -0.41210784971159192       0.81954374971551880     
 -0.63839958865326474      -0.31850268627526224       0.70071535165347787     
 -0.24742573874406162       0.19017016236625744       0.95006095233547661     
   7.2066075799398749E-002 -0.49473951780403624       0.86604808771912056     
  0.60844474127614545      -0.68970680972897191       0.39255510877702349     
  0.14456773548302981      -0.85574280986647910      -0.49679413565298652     
  0.41358857733711851      -0.70635775223886432      -0.57445906255220791     
   9.7813613431500489E-003 -0.98508839183766050      -0.17177073451844679     
  0.19822040424752141      -0.92622604623260318       0.32064619539343697     
  0.36332222960441374      -0.57845342678123879       0.73033457437007765     
   4.1129417112482337E-002 -0.72302152539155373       0.68960006153454489     
  0.26880803298939310       -9.7009310610691457E-003  0.96314491813897263     
   7.1557895814802264E-002  0.26519099438838728       0.96153689686973176     
  -8.6627446037626246E-002 -0.49282727143510607       0.86580423082983371     
  0.29861168750247907      -0.87578949389813920       0.37924111389000509     
  0.23647217903434953      -0.67758629563725803       0.69638905829094455     
  -4.1680291104968806E-002 -0.41214426776519830       0.91016474106706236     
 -0.71657035433805549      -0.16128816483348613       0.67861112219627462     
 -0.73847947151963478      -0.67152816376988200        6.0811145425638785E-002
 -0.37724902931725685      -0.83181449577506339      -0.40714593759202433     
 -0.63861615964189400      -0.74498896342905996      -0.19277148392109808     
 -0.52864062239646825      -0.71469859407703595      -0.45797927024767515     
 -0.58695458389009847      -0.44697223908405348      -0.67505565247513100     
   9.8860920767090132E-002 -0.95757878593722223      -0.27068318578747552     
  0.31265273972698837      -0.94980478150560932       -1.0915189890149640E-002
  0.61296424678545447      -0.78915488592089633       -3.8850974118822816E-002
  0.58853249048883560      -0.70399266595160215       0.39752211752986388     
  0.64693275053675381      -0.10561682949335366       0.75519739248141615     
  0.19436379329558121      -0.23909580358160926       0.95134426606010336     
 -0.11186073454893022       0.43268884654589962       0.89457673686555461     
   3.1623211084208583E-002  0.80798059944851031       0.58835985879017794     
  0.56991960705453582        7.3680454311977339E-002  0.81839039104040567     
  0.28352703208487029       0.43469435508960236       0.85478256868657976     
  0.58482147723600042       0.74045085226903085       0.33123462249219665     
  0.50331843933795017       0.84248416560032258       0.19207024583522450     
  0.25606948174024663       0.87634772785981441       0.40797436242527096     
  0.23130268598950512       0.59950222552472421       0.76622199723381057     
  0.33583154869331333       0.46789872714039321       0.81748880851223849     
  0.15731681067077680       0.84801301471015811       0.50608828079950008     
  -2.2271406469803579E-002  0.69636007789959375       0.71734693584177278     
   6.7298474798514502E-002  0.85523188087981183       0.51385731990174111     
 -0.48350572436573386       0.77107626011666031       0.41432308116991423     
  -6.5287521500907886E-002  0.52427259463562270       0.84904404246797061     
  0.59930480816027809       0.69616531993309161       0.39520576189939172     
  0.46721049930271541       0.77346862775904623      -0.42832304539195309     
 -0.10761213392997060       0.98039018760920005      -0.16509000172845600     
 -0.28953405973371565       0.87743886269467075      -0.38245401094409998     
  0.13507276047736155       0.76639277159028385      -0.62801072365942445     
  0.32861411032338639       0.89918619214406359      -0.28892379333292223     
  0.46622840087676742       0.87895824778577603      -0.10031688225439726     
  0.27548080244143897       0.95707090101037151       -9.0142209455131142E-002
  0.13068041256098156       0.96394954832587676       0.23178416264980445     
 -0.13923816199392319       0.96149623662214356       0.23693400179375521     
  0.35591344780423001       0.93434876010771961        1.7832895370683013E-002
  0.15249347195135940       0.97909386090084460       0.13461408751889170     
  0.13147310236828114       0.60429948997304495       0.78583519250030320     
  0.69652171618229708       0.63778933933573156       0.32875866150748556     
  0.60948047617236245       0.79265480870154759       -1.5228375063265314E-002
 -0.14060651399038818       0.95100005865333526      -0.27537010851745214     
  0.11244085498061573       0.99214390847560285       -5.4840851616773170E-002
  0.43095889445148289       0.79525510232629193       0.42643141713197735     
   5.9355315021774220E-002  0.22040528404367457       0.97360076897277703     
   9.8801206250520912E-002   8.3056301896137288E-002  0.99163499956326839     
 -0.22532109837440364       0.10929832522645731       0.96813443215807982     
  0.31531520988123768       0.49941134980559432       0.80694771955991196     
  0.47450284608673104       0.68563048801732074       0.55204880486853236     
  0.77828897169801892       0.25040082831767735       0.57581742046513318     
  0.85761663877886596       0.19009351501341865       0.47786834634607173     
  0.65722983505719623       0.24603571394143162       0.71240113094803914     
  -1.0166333256017634E-002  0.64037565412379616       0.76799457502880941     
 -0.35623527633353885       0.93383977208313029        3.2244502962688805E-002
 -0.45766411932112522       0.84724863773192671       0.26965403714288388     
 -0.97627656268601892       0.17386281872292711       0.12905732608308207     
 -0.79167064412311505       0.29348694657263175       0.53583859829727432     
 -0.69874221330766573       0.41039371173806410       0.58594907688958964     
 -0.72501252099495317       0.29889906741310279       0.62049672996727723     
 -0.76664921133339692      -0.37425203842901944       0.52171294645003774     
 -0.99354952444688094       -7.3131489530708055E-002   8.6666762431587649E-002
 -0.94659856920115215       0.10772385184985553      -0.30388603213872850     
 -0.43594560750779854      -0.79261671141290335      -0.42627476594758046     
 -0.77438897062462686      -0.57456067424681967      -0.26495613558478665     
 -0.69436630085216755      -0.55265504307903257      -0.46089895161546490     
 -0.33179969002302218      -0.73267275242624386      -0.59422184708471348     
  -9.1877836670889959E-002 -0.87148564056522249      -0.48173773094632094     
 -0.68656956417328563      -0.56643162018008486      -0.45582612168574094     
 -0.34704481983617913      -0.63508653356014388      -0.69009056500972998     
 -0.29639896065500909      -0.88490399571660838      -0.35929455115183434     
 -0.20767196694424303      -0.72189851904737057      -0.66010217568397145     
  -3.8165003388029348E-002 -0.96257034864250413      -0.26833143019536970     
 -0.32603668688378901      -0.90730598263719353      -0.26551070162356000     
 -0.55950616261036912      -0.80584625214523076      -0.19381607751809310     
 -0.33544072536255531      -0.94098908424451222       -4.4933986034112305E-002
  0.26933160064849049      -0.96245262043411339        3.3844383754570162E-002
  0.28802956701314331      -0.70097839100775572       0.65243257419172351     
  -1.0029313380218112E-002 -0.99277091070482404       0.11960489844290439     
  0.11808415096107869      -0.86007066559576817      -0.49632104879154670     
 -0.28806806789410644      -0.92879723944453185      -0.23313617535699310     
  0.11568092899027424      -0.97843310915988480      -0.17113320416496730     
  0.48854721285273051      -0.86730478314928650        9.5415061390888053E-002
 -0.24311305714572953      -0.85148593112888626       0.46461570198920260     
 -0.43827887122272180      -0.88004917105261060       0.18282529247730744     
 -0.66725695925666229      -0.44723993132100659       0.59560439400291099     
 -0.49303723334256072      -0.20064958930491611       0.84655420904377354     
  -4.3732165726767025E-002 -0.93727628431454624       0.34583329010139852     
 -0.55395635486840689      -0.42126791496162053       0.71809867060512356     
 -0.73284418882336988      -0.65757131567682015       0.17475514214716725     
 -0.76298547137530748      -0.62851101716932722      -0.15108630568986470     
 -0.87336879288859637      -0.41079088912727918       0.26168262651229279     
 -0.79525360742467144      -0.55983282141047663      -0.23272067366189170     
 -0.79681853320700546      -0.21379681512165552      -0.56512931881273998     
 -0.65654441940489894       0.52490335998260673      -0.54168799878462959     
 -0.51395493705834772       0.79327378457376285      -0.32644605278887479     
 -0.28695172228035332       0.72740992802950799      -0.62332455886517513     
  0.41227129651518074       0.89424809966759544      -0.17422030395625165     
  0.52400928615552544       0.41640142730594615      -0.74298325644685237     
  0.31662043522463323       0.68844211317720094      -0.65253272469840895     
  -8.0874708427147307E-002  0.54250705913660402      -0.83614913282489989     
 -0.26074238179972126       0.86595064642185993      -0.42678201496199442     
 -0.60724458029706030       0.54026841734745634      -0.58254961755783563     
 -0.63064478016523917       0.56143383299640537      -0.53579773461384794     
  0.34506158741582277        7.1887072791837481E-003 -0.93855251498131254     
 -0.35857347507342285       0.30808441066797865      -0.88119751411201841     
 -0.72550584634493098       0.53839783073703162      -0.42868291635783096     
 -0.57389238019264821       0.77385283201073674       0.26795397057301534     
  -7.5909462319988033E-002  0.63184217518950303       0.77137099970255307     
 -0.29410694850358698       0.89589362956471019       0.33298004046390700     
  0.20954757212096747       0.95711146745837172       0.20006862292206357     
  0.23669665025276654       0.93407010529643253       0.26737190232077851     
  0.35146703197460843       0.86786561816634300      -0.35111279418414876     
 -0.44530379453026586       0.83050906659812429      -0.33460307959623842     
 -0.11082861531601185       0.94850908256301103       0.29672805449209105     
 -0.59453652237613974       0.59536222789303006       0.54043514056656516     
 -0.76793300570225542       0.62825636971235732       0.12479115621327387     
 -0.88076022248503272       0.43386228989068798       0.18980238117305731     
 -0.70387174290817445       0.69017584047455893       0.16799368666912351     
 -0.87444157207792117       0.33470048293532167      -0.35118018700499776     
 -0.61118557778008009       0.78111019005678028       0.12774607823008341     
 -0.23455388631369642       0.75209446495234333       0.61590453010451063     
 -0.20267109217496732       0.40366249626988254       0.89217768269660558     
 -0.42572857361912464       0.50786912787846628       0.74888192030003031     
 -0.74909055500427668       0.53225193278448801       0.39442517725247328     
 -0.26812207724693454       0.87754159076844684       0.39753151845405815     
 -0.29600566865235428       0.90915055242687071       0.29296060681878477     
  0.49328788616770675       0.86474536105273381        9.4247132041618262E-002
  0.42800973098231476       0.85097056384239755      -0.30439574513818157     
  0.53543998631696277       0.84364741106629548        3.9535640302077305E-002
  0.81414747885984284       0.55897248153951162       0.15720574909264917     
  0.61565092220661177       0.61824807939132431       0.48861360430828604     
  0.96132030113918132       0.14014183446412065       0.23711504560176591     
  0.99292014921332605        1.4775296208646357E-003 -0.11877455195633740     
  0.92055350673464920       -2.7486910652216735E-002 -0.38964818873109069     
  0.64130579345729588        3.4595848753797717E-002 -0.76650505968791671     
  0.34698307199334261      -0.40323177717473041      -0.84676258870276422     
  0.67001744015347264       -3.6334058688462234E-003 -0.74233646566234079     
  0.87483713378343830       0.22188447506068454      -0.43061266711593277     
  0.51538373448830699       0.13513193477340005      -0.84623812631512207     
   5.4428307935097245E-002  -5.1468050914833086E-002 -0.99719035245554710     
 -0.27258065763897299       -6.3768654093730143E-002 -0.96001736642435720     
 -0.13034925758957094       0.31963338876554293      -0.93853266742942110     
  0.41769701490571776       0.58660697430525033      -0.69384541609453421     
  0.36553734593763221       0.23931798873731033      -0.89950505779106249     
  0.53691446508320129       0.53495022106141887      -0.65234279192067812     
