  0.87845307109286153       0.44678876767827597       0.16941074040368656     
  0.96230816051383516       0.12222707673720216       0.24294761970595982     
  0.49756761182818671      -0.70050691469328863       0.51158238254118971     
  -3.8193151821402885E-002 -0.77055728561648273       0.63622539460266370     
 -0.30989730189218084      -0.33416663380808931       0.89011028705961071     
 -0.33689971006255265       0.28627476334443530       0.89696451726469961     
 -0.83342535268215678       0.18685650496936584       0.52008348181546471     
 -0.89086599272648559       0.19213656528414616       0.41163250999433648     
 -0.67444600811333832      -0.65542614515678399       0.33991050349315011     
 -0.65838183482490054      -0.66229175759797920       0.35763527145741070     
 -0.65882499375722059      -0.68345852577377109       0.31437886561914735     
 -0.24175742052255914      -0.68386667238451460       0.68838922422134419     
 -0.57540019369764595       -3.7987028088412832E-002  0.81698935292310948     
  0.30399649461021033      -0.63214740584218210       0.71272420230530442     
  -4.5278129426960113E-002 -0.78239880862757583       0.62112961228214936     
 -0.36129810441442956      -0.85954367369240026       0.36145311281266196     
 -0.71430208366987058      -0.54837400679636628       0.43480855779876010     
 -0.92362615714536755       -3.5038225615696514E-002  0.38168972291983100     
 -0.50496170805672080       0.84890053270801658       0.15614595404469470     
 -0.88829537389284796       0.24396398834456667       0.38911810689251330     
 -0.40152512907680465       0.22861427385014069       0.88685572925469858     
 -0.16366827157343716       -5.0132356626637502E-002  0.98524080493006760     
  0.36300972771067458      -0.77080496875352078       0.52352997787354572     
  0.21037221386370195      -0.86827926052018634      -0.44926012218383526     
  0.13624206011266948      -0.99002003478872969        3.6033758798897648E-002
  0.44722275675449047      -0.89165855286341877       -7.0262585680435238E-002
  0.97052011089686441      -0.23938560780183671       -2.8022225503219925E-002
  0.59594191499782090      -0.37421126186799564      -0.71050627403277122     
 -0.21423783541238006      -0.58536021093856383      -0.78195624770687011     
  0.21299024761530014      -0.65158690008228581      -0.72805883420365036     
  0.21740960426339098      -0.45624747155622963      -0.86288545512869719     
  0.14509602437152250      -0.44478342257505282      -0.88380702119526500     
 -0.26315534696656034      -0.77851250260105309      -0.56979605707378733     
 -0.34834002830354566      -0.83308495888910339      -0.42968439109917062     
   1.5732981328259246E-002 -0.32891323975676462      -0.94422907920231747     
  0.26344557623187342      -0.29970114607929643      -0.91693819388365849     
 -0.19008421761048472      -0.67830296385442934      -0.70976973691594969     
 -0.77373047051410715      -0.42771806527623646      -0.46733116270417019     
 -0.51153693584636617      -0.37153744077802597      -0.77478377200679693     
 -0.54249453820294513      -0.16847068409283444      -0.82299289463600223     
 -0.77298652557026781        3.7323629997057114E-002 -0.63332359653711223     
 -0.84712834028473671      -0.53017197777714697       -3.5933954226367248E-002
 -0.53752762384474673      -0.84323974977904081       -3.2829859062557046E-003
 -0.24542102448626024      -0.91047640128544305      -0.33286820731709343     
 -0.10654862080402126      -0.95082815775014173      -0.29081472767774363     
 -0.67668333124519675      -0.70016200440176035      -0.22775609060366281     
 -0.80059143605135008      -0.45349731756424433      -0.39165486781514314     
 -0.68999462554173174       0.23904113038511302      -0.68320330408140273     
 -0.38291620995842607       -4.0604863314197291E-002 -0.92289025416151782     
 -0.17850247164777308       0.74095629506405025      -0.64739527061958524     
 -0.34539901051797184       0.61939920308799024      -0.70501358195937347     
 -0.68028933088299004       -2.4841979258994014E-002 -0.73252256098586543     
 -0.95565506625730867       0.16582735650691521      -0.24336121747444361     
 -0.84513085437418189        6.8287288294791040E-002 -0.53017986121894556     
 -0.51471222972418951      -0.50062889561555535      -0.69601869906424818     
   4.3437660356974182E-002 -0.94817217082258287      -0.31477405252071122     
 -0.77234111767803681      -0.55776600082974837      -0.30395112479193809     
 -0.99556731748710525        6.2017730102621411E-002  -7.0707266277799635E-002
 -0.89936457672603887      -0.33845291088683316       0.27675437709752349     
 -0.82971889735180271      -0.42518284596498018       0.36164360753986025     
 -0.60321624533549878      -0.53074938247509118       0.59534465174862738     
 -0.48766065217808091       0.39709915912390498       0.77749556020618060     
 -0.55771373512195299       0.55320772873347923       0.61880255213268309     
 -0.27495185266194261       0.68703127202167480       0.67259907075620762     
 -0.27415736084086673       0.92207839662614799       0.27314679564693317     
  0.21914703281321346       0.93226186282889600      -0.28785829347783454     
  -3.3638982646984270E-002  0.95444693019240212      -0.29647845839587950     
  0.37055076956762067       0.55771273452727999      -0.74273052510248994     
  0.68445477344144601       0.65917977768292757      -0.31145414398777077     
  0.13757509044437150       0.97739361650544820      -0.16054536089126950     
  0.19143614095003539       0.91013878857786867       0.36742290274861550     
  0.47829806604624170       0.51627490694767897       0.71041620228748614     
  0.61236846825139324       0.24806840742321243       0.75064433943780695     
  0.94064537049432995       0.18106849349156959       0.28705485126081204     
  0.65003971763315893       0.75659688331573194       -7.0777974373054275E-002
  0.78826593074736262       0.61532286636100419        3.8200204688042527E-003
  0.72841627880116822       0.63992462222641500       0.24475743634437611     
  0.21147946856317093       0.97174779673382805      -0.10479815799548267     
  0.40474414773169792       0.88235396090880602      -0.24007012005977216     
  0.87203046407975759       0.44046290737960891      -0.21343686874486401     
  0.55265950355335913        3.0326532772250905E-002 -0.83285519422179577     
 -0.24632300946016769       0.69869695342012861      -0.67167517617667916     
  -6.1937425021516748E-003  0.99106929323507653      -0.13320395474736751     
  0.27684496787876567       0.95032308154294198       0.14227756129131283     
  0.40934861158670127       0.89127314207126829      -0.19510484467200595     
  0.15275456689014646       0.92955767148456192       0.33554221445066451     
  0.27286323672905427       0.95597277510201484      -0.10798938515223887     
  0.14052360605197831       0.94224196201195731      -0.30402829007512200     
  0.29013462985168137       0.95322296188499311        8.4781374700282797E-002
  0.70423582724132883       0.67995861223389054      -0.20422581932441680     
  0.71411891888385615       0.54444776258010719      -0.44001227654881275     
  0.61474510279015826       0.75164332253352106      -0.23899952779518963     
  0.50248659657246786       0.50834714826081306      -0.69934998185469999     
  0.38698014356650456       0.30302458391688197      -0.87087454321920776     
  0.26722384561236512       0.88265427293126997      -0.38666891627378980     
  0.18910232914355157       0.85871272197270887      -0.47629063630808099     
  0.73528260648300103       0.49912982658501026      -0.45850725710382811     
  0.44965897954165512       0.67139655877271287      -0.58909546169172777     
  0.32969731029158789       0.47940645179225366      -0.81330752951542851     
  0.10734398599444207      -0.33780477989554208      -0.93507496990917383     
 -0.14259693237695747      -0.83735549356797079      -0.52773278490945497     
 -0.11771395075561675      -0.21610102235735529      -0.96924907734473398     
  0.51875630458117650      -0.21375863995819389      -0.82776756417520148     
  0.25264511914582344        5.9795283273258615E-002 -0.96570956703872635     
  -9.8652241884400443E-002 -0.44279283921055501      -0.89118024928467798     
  0.36307735575378008      -0.57131576162724607      -0.73605239912330611     
  0.16691538371705078      -0.58514130316608526      -0.79356720572848516     
  0.49825025719236993        4.7765799245772581E-002 -0.86571652960434575     
  0.41871130346556573       0.46577438921954356      -0.77957364161274068     
  0.71400164579985015        7.0655655834051256E-003 -0.70010836845315483     
  0.90156293524019782       0.25300208876535185      -0.35096184533575309     
  0.90699112346052180       0.31909169751415140      -0.27485921949497016     
  0.90796458390613899       0.16948577137641596       0.38324259637088587     
  0.87531193554163056       0.31500492780587447       0.36687996804997142     
   4.6869491128466473E-002 -0.23680520810720890       0.97042596019203853     
 -0.33597626296807687        7.6072236706113294E-002  0.93879335613569337     
  -6.1418075416713958E-002   3.2463662687787914E-002  0.99758404689382596     
  0.52019243305314644       -4.3898048049709065E-002  0.85292015685625078     
   9.5076470968587290E-002 -0.15049637639592667       0.98402810191574774     
  0.62529395539045773      -0.57260963578481483       0.53021285759455661     
  0.80880775483999057      -0.23477187958737883       0.53917731801856905     
  0.34028319900109427       0.29505603516131601       0.89283216821106737     
 -0.26395352674954897      -0.24080020372604399       0.93399346764416347     
 -0.38478551471032485        3.1424415337275663E-002  0.92247092842530143     
 -0.75050098806045307       0.45286499566666732       0.48131233375024363     
 -0.41803706809467922       0.61977382776712064       0.66417272761962287     
 -0.66626799230812417       0.40075551534350434       0.62887357978175318     
 -0.77482873486543247       0.32859894649246285       0.54005848200996920     
 -0.83550056678312623       0.43011106310179636      -0.34196970085449230     
 -0.27191889228790905       0.81541862980240920      -0.51103089357501219     
   4.1095400584119368E-004  0.98319605249335362      -0.18255233079416799     
   9.7120240466699786E-002  0.99229656595057447        7.6910234003220224E-002
 -0.66400899970883487       0.74484012024433466        6.5614354985627843E-002
 -0.72349182001862655       0.51934548382910395       0.45479649821929741     
 -0.97976422355280868       0.18357261331408842        7.9769429527297792E-002
 -0.89106087981012438        6.0302870363069028E-002  0.44986005857164368     
 -0.71636015655530128       0.65333493143866983       0.24491139920821103     
 -0.89203478269131842       0.42274787747700104      -0.15986925457269069     
 -0.74071506286358368       0.45996130682051628      -0.48967008472544249     
 -0.65630772080401423      -0.16973587449884675      -0.73515298307304222     
 -0.54014200957623371      -0.68565245558386423      -0.48798290917081466     
 -0.94872502773107803       0.12068051038294034      -0.29215926507706547     
 -0.62582846693041794      -0.76729784732668782      -0.13997408141296952     
 -0.37732055462240577      -0.62209230514664782       0.68602504541508957     
 -0.60450109395113183      -0.69652229904763630       0.38656838249048897     
 -0.39663403121837704      -0.79122407769728442       0.46545236507249388     
 -0.36729813301560710      -0.58423744474348926       0.72371174485623813     
  0.42215719035200183      -0.88992142002583929       0.17269387022525245     
  0.33958569580729303      -0.52344883076658899       0.78146201236669732     
   7.2520602980819845E-002 -0.72018271165106651       0.68998378530388904     
  0.28932740666416523       0.32740326992432150       0.89949805480382961     
  0.12802534730106355        3.4263759392275439E-002  0.99117884624359143     
  0.51918656843712463       -6.5360485795022016E-002  0.85215803349563235     
  0.86935264486144159       0.47059933832381140       0.15087160647934195     
  0.95233624027938435       0.14417012930911721       0.26883202797578204     
  0.99550867678883714        6.7085324514604860E-002  -6.6798455618041333E-002
  0.66740785357863586       -8.6988017154210145E-002  0.73959437656947702     
  0.75799853224512881      -0.26746411407939091       0.59489593442381661     
  0.14170823364686225       0.57946580506841949       0.80258218100896617     
  0.57432553591310698        9.9227995681010650E-002  0.81259090794280509     
  0.51450038447994673      -0.24380084724764972       0.82210127189500171     
  0.65188864112574307      -0.65863086615697597       0.37582786181522321     
  0.64294177896458560      -0.71413725477341850      -0.27682819619136900     
  0.84954960592142892      -0.51861333962879641        9.6465906090578479E-002
  0.94590134475331278        6.3047191373579947E-002  0.31826985036885974     
  0.92662080675970981        4.2612222722507087E-002  0.37357473008038511     
  0.98019159953542112        5.4748185356702089E-003 -0.19797589389186254     
  0.44224973656885808      -0.10748439510197322      -0.89042814157817363     
  0.73895652066052708       0.47644288814748104      -0.47638790382105939     
  0.80932887545514820       0.58595492805958815       -4.0541258456761972E-002
  0.85115656529245687       0.16915664020090695       0.49690897801869333     
  0.93716101833396726       0.24223251502576676       0.25110283626349433     
  0.72960007447484154       0.66815636132275480      -0.14577656927736160     
  0.70346573786723654       0.52610339500976577       0.47786103984966544     
  0.93810991932298116      -0.33004726038033827       0.10496944880935741     
  0.76318034923160294      -0.43246977135192599       0.48013086904885610     
  0.73025091688991539       0.41659820946866488       0.54146055280975991     
  0.71451488122531215        6.0044004904811932E-002  0.69703888125601288     
  0.78986173654633784      -0.47301450124716427       0.39035332552698632     
  0.88080135511486590      -0.35759577082889604       0.31034535200824132     
  0.95431992021209577      -0.21796531738261335       0.20436391634708809     
  0.98599032568750034      -0.16680242392313402       -1.7036467005085432E-004
  0.81567086732711780      -0.21770177144739394       0.53599158099966593     
  0.40698046705556279      -0.24150864052746235       0.88093159552026779     
  0.19289431456011868      -0.38207031896255861       0.90377765782203945     
  0.71516520403925488      -0.57505091407994424       0.39730992581026808     
  0.30155076117700613      -0.85709858982837883       0.41767109757294851     
  0.16243576093121234      -0.85006860662436601       0.50099699360618177     
  0.15021268694849807      -0.30712555152662063       0.93973934911722490     
  -8.3048939075280270E-002 -0.31398346155653989       0.94578922577258584     
 -0.68298683946231664        2.9662909905737063E-002  0.72982812284621923     
 -0.92200155405939166       0.26335060350802392       0.28383022027983967     
 -0.79863360064847899       0.20947657131937195       0.56418431206796249     
 -0.99700741278267013        2.6478863167739050E-002   7.2629805602071523E-002
 -0.71831472485076608       0.51911407382735486      -0.46318952321593648     
 -0.24020330577533597       0.69419716221321170      -0.67852241810415470     
 -0.49023865341751771       0.84354918479572871      -0.21929622779683952     
 -0.64682488763395063       0.74053729517236722       0.18226924917887438     
 -0.44113834318315398       0.57392494532659522       0.68993269186609063     
 -0.78087178558972192       0.62461151963710104       -9.9851893653024187E-003
