  0.99670318813650172        7.2546930081956840E-002   3.6327643665536057E-002
  0.99905203311924662       -3.2615383692623449E-002  -2.8831785704510757E-002
  0.69424680911559356        9.0593182799311098E-003 -0.71967999609906363     
  0.32571238510157591        3.9792137159188043E-002 -0.94463115977176570     
 -0.13817975139592298      -0.17084709858975430      -0.97556015970704968     
 -0.78049429550828375      -0.45118125907808282      -0.43274025250232678     
 -0.50549800012634782        5.4637448058065446E-002 -0.86109611608577019     
 -0.52472672935593812       0.31311379325859862      -0.79159434811688512     
 -0.15908895772109466       0.41331076826537994      -0.89658513949716756     
  0.30735075436600373       0.26023795156935509      -0.91532055715670779     
  0.20297946750643003       0.27457777951531548      -0.93989700433998657     
  -4.8828967719190618E-002  0.25778883602796815      -0.96496665638293866     
 -0.39840649319700755       0.13432353520427628      -0.90731992928000693     
  0.13410635896559425      -0.22184862681567019      -0.96581502952946996     
 -0.10986126624332170       0.37273273887656899      -0.92141239819583687     
  0.31583431689986019       0.89113096361494537      -0.32578258080372752     
  0.20103741875943040       0.97632904685424216        7.9784387741462653E-002
 -0.33304303830833470       0.80956961024059337       0.48340395200005604     
 -0.62411941172937668      -0.41033445957181924       0.66490645296200290     
 -0.98534344908083482       0.16658023249509590       -3.6733002809326433E-002
 -0.55590766708128192       0.22342094377561439      -0.80065582341147334     
  0.33328381264197254       0.45326595331000397      -0.82672357883443492     
  0.79712381714105418       0.51661042762739384      -0.31258164727487481     
  0.68740087657095550       0.39343066139740768       0.61048533935050475     
  0.86665479194639705       0.14353961908305221       0.47781361360872787     
  0.71344713676057414        6.0305919879178584E-002  0.69810914553222225     
  0.24160441360691640      -0.89531898440772073       0.37420746048795345     
  0.18442811551235444      -0.77518479206922064       0.60421420734139508     
  0.17869425488713209        6.9039106046032681E-002  0.98147947767985244     
  0.39347787344647078       -5.0451282445374411E-002  0.91794870837519982     
  -7.4206984634123591E-002 -0.19246143730956106       0.97849472077283817     
   3.1580346648245071E-002  0.36891748625238940       0.92892549219128973     
  0.30399256619812454       0.74023339876735172       0.59970245542742506     
  0.56337348256627584       0.66232087946438312       0.49390421314937211     
  0.38486482936917898       0.41981088861213001       0.82197194655130312     
  0.19997718208213650       0.30315724831236307       0.93172142265924507     
  -2.0585141425736413E-003  0.91503182901600910       0.40337639297207467     
 -0.40485179897985979       0.90164717489469959      -0.15207693075291737     
  -7.3046551588073022E-002  0.99469834804863166        7.2383683869066615E-002
  -5.8725794846900589E-002  0.99480655772440185       -8.3133589650595585E-002
 -0.19754013019731015       0.98001123581045846       -2.3576994018112068E-002
  0.17800001374794996       0.98351126375167985        3.1962308729875863E-002
  0.36042037065136112       0.93275044248043959        8.5888574403575509E-003
  0.48238154315656206       0.75595995573617814       0.44252976413492057     
  0.62929071809454984       0.70065711605423975       0.33626298910620361     
   1.5855384954268524E-003  0.98101526993256527       0.19392402178909643     
 -0.31514027034796005       0.90978443951012677       0.27014604130039360     
 -0.58237513859559054       0.44186406970091563       0.68234547104315957     
   6.8884729272363290E-003  0.37942108231362665       0.92519846045952447     
 -0.43590089114474312      -0.53346769530780846       0.72484662595765637     
 -0.21113801124284304       0.27333472981044615       0.93846090258884518     
 -0.82046565415084638        1.7415838606104545E-003  0.57169316704372541     
 -0.62332941223865301      -0.72023085190379776      -0.30451266608157751     
 -0.92057765296968530      -0.38484723822515315       -6.6553648159340437E-002
 -0.97195595147873093       0.23291185228344860        3.2460706260674328E-002
 -0.49729188178872114       0.86757616374989377        3.5191476305284058E-003
 -0.85699006437629677       0.50761125783522720       -8.8875421120178405E-002
 -0.96784524903908720       -6.0263386626166031E-002 -0.24422100266936964     
 -0.93492987156605689      -0.32207119711107141      -0.14891702134047888     
 -0.65156043253113338      -0.74495652499986009      -0.14320886362227053     
 -0.73988050586295895      -0.62145263740679890      -0.25763046501556902     
 -0.22898602696726494      -0.94205127633400731      -0.24516278716638190     
  0.14096382759207768      -0.97924773431263668      -0.14561275409182114     
  0.28426376903071582      -0.88029578402207020      -0.37983344014117199     
  0.65917073713574603      -0.74465843612996863       0.10477477179377603     
  0.99806453627591618       -1.8249726789517660E-002  -5.9448539935388754E-002
  0.99588652478322526       -7.1641653694136026E-002   5.5475248635503419E-002
  0.98255117189508734      -0.17700473751503124        5.7118451527394962E-002
  0.95458994706140021      -0.22444741361021031      -0.19591169309931758     
  0.92326820332363457      -0.26246827933284916       0.28051065412151432     
  0.42655791727909620      -0.74808145440001517      -0.50835271297526807     
  0.28233227090933288      -0.67446325785557515      -0.68219337625485432     
 -0.16346182153244543      -0.19155027081663215      -0.96777514260877229     
 -0.17699007485157231        1.9393828246738465E-002 -0.98402154083640381     
  0.36950429877450836      -0.29883149619552413      -0.87986721161134485     
  0.20289756650453558      -0.27057816062342854      -0.94107387409293186     
  0.18346192759498059      -0.51273238842398638      -0.83871760383587401     
  0.84862944760593528      -0.22555139483252445      -0.47849203644908667     
  0.79508914205655867       0.43361139490295197      -0.42404529757338594     
  0.30417591701733965       0.79078337070550930      -0.53116727320341783     
  0.35262036427861282       0.89137801936165539       0.28478782504692601     
  0.94227906290194230        9.0289488101435333E-002  0.32242514783290199     
  0.73068786954761555       0.66503743451265251      -0.15433874430221550     
  0.58883572075898916       0.72299375174235692      -0.36132053484380572     
  0.83629768030705987       0.53504810778683243      -0.11970677619412676     
  0.66146309064090192       0.58438057759356188      -0.47007012269580273     
  0.84874172380399016       0.48685120538846427      -0.20643010944647114     
  0.89488829145262150       0.28179364702482584      -0.34607410523967935     
  0.74923958790439527        4.2249320920826575E-002 -0.66095010008215704     
  0.79877873318660275      -0.46693337525645162      -0.37937548481743799     
  0.89160569507007192      -0.29837102318108411      -0.34060830442678042     
  0.82653022271550003      -0.39091365684319990      -0.40501148604869702     
  0.83412474703395445        6.7513503567750797E-003 -0.55153451900488426     
  0.81617618777346701      -0.24060469136167897      -0.52532448353977568     
  0.44139722261055903       -7.5655623412948611E-002 -0.89411672533160458     
  0.49006208148563135      -0.34241153233089405      -0.80161929793189568     
  0.82056851090390115      -0.13017896334884604      -0.55652561164286274     
  0.52125354232973731      -0.56178311788340440      -0.64241300817306735     
  0.69391809707290308      -0.71444833909555494       -8.9672991019335013E-002
  0.98743257466098688       -3.4336137165739840E-003  0.15800354678078837     
  0.91393355515077623       0.34816571601909524       0.20858113759023436     
  0.60984521184925056       0.71612089906087784      -0.33949915392057139     
  0.67498188100708456       0.20976507020421281      -0.70738820716378581     
  0.77561233928847018       0.47472667561381859      -0.41600490694723230     
  0.59014201102012975        5.3229070892125988E-002 -0.80554271943897382     
  0.48463848909780799      -0.14930475354649525      -0.86187796436239406     
  0.38000746114189371      -0.64658119997836927      -0.66145829899628106     
  -9.8042669920081274E-002 -0.77382122236078865      -0.62577020598542121     
 -0.23211030302103747      -0.25357943974283842      -0.93905392548628785     
 -0.31375242215998667      -0.27724590089635981      -0.90812671363910014     
  0.20384624413386920      -0.17111599842190886      -0.96393258262007864     
  0.24060398045291165       0.17924282415124432      -0.95392962768776923     
  0.59869833489540003      -0.27625307067640903      -0.75182747005901085     
  0.65779403549249793      -0.22203865139990142      -0.71972622861402791     
  0.93737843420861666       0.15073222291620880      -0.31400870697373140     
  0.47493697815191038       0.70133761011924933      -0.53156412916611684     
  0.37278398016794767       0.89946607795015643      -0.22801947010544665     
  0.39259068080426801       0.88457931476377749       0.25177766628059051     
  0.15806435738081442       0.75507909305495102       0.63629491759494239     
  0.64025826512716255       0.69226875275476352       0.33291639775740162     
  0.20873133519147646       0.93650342401199338       0.28176686555198177     
 -0.23792687825442593       0.68924145439838114       0.68435153111753677     
  0.16977699428199761       0.85072633642407514       0.49743388779519293     
 -0.20929992985391233       0.77487297967736757       0.59646073192548243     
 -0.55217989069514983       0.75930177209523508       0.34432279507014685     
 -0.22139797673901129       0.97312876340423249        6.3271998002360552E-002
 -0.30759838256434213       0.94587634714924063      -0.10344646416121034     
 -0.42190097512945424       0.90504204053718984       -5.3837459497331319E-002
 -0.92639073916688708       0.31126844603636716      -0.21192487557604905     
 -0.88235951806588797        8.2343893851553052E-002 -0.46331540447506453     
 -0.98807395652602004      -0.14171256703480656        6.0227940189833670E-002
 -0.97845178651208953       0.12382350262675547       0.16522663728522388     
 -0.95021522414062054      -0.30785349322899347        4.8137869896775737E-002
 -0.81583092013943115      -0.49308330419347357       0.30214030659642305     
 -0.98411439470794815       0.12975818725308219       0.12116794530531189     
 -0.93995342679725147      -0.31946011498227911       0.12013654892542130     
 -0.96844265526840734       0.13230344371422667      -0.21122173713437123     
 -0.91684762990534630       0.12340759577154869      -0.37968538139216762     
 -0.82036044454714163      -0.50567873480278180       0.26701640060253218     
 -0.86004986724536070      -0.49327075651796470      -0.13037709390635943     
 -0.18733618406146296      -0.96560669113281994      -0.18030216909637251     
 -0.80470065373663879      -0.54594794571291849      -0.23323314182950111     
 -0.18404524253135363      -0.97868947641905968       -9.1072813990850987E-002
 -0.37328572963744283      -0.78555114081381605      -0.49352524678597631     
 -0.77855410478422948      -0.15016461294782801      -0.60934726957777219     
 -0.70171773563514028       0.71017652865007541       -5.6934327515631822E-002
 -0.77500406308478742       0.15477589344541667      -0.61270965800308075     
 -0.73100778086271623       0.35088124503423340      -0.58524351871803892     
 -0.86972384379362577       0.13244747998200368      -0.47543464386106271     
 -0.80731489947949753      -0.52460842141761788       0.27023814915031708     
 -0.74922241093717423        9.6657040697676583E-002 -0.65522759056153679     
 -0.52860733909503754      -0.44964914280994273      -0.71999300651129350     
 -0.53378139228545241       0.49843198537902988      -0.68311271485819947     
 -0.39646570601264863       0.61616390416474021      -0.68055638058900614     
 -0.21213074287411779       -9.3388485354100270E-002 -0.97276880024545798     
 -0.37714358396782421       -2.5210364747130842E-002 -0.92581161938121559     
 -0.37174228057475334       0.11642973114687399      -0.92100586020839093     
 -0.59893975078706696      -0.38166560810336114      -0.70399043922360538     
 -0.42682342384348071      -0.53822170551267801      -0.72673183539292241     
 -0.48330506414365060      -0.43031042702240063      -0.76239697754447988     
 -0.51753551990131741      -0.68065897142339715      -0.51851745415306727     
 -0.85161216065595680      -0.51089671015531435       0.11722320322968946     
 -0.98119765424718353        4.1590775320630519E-002 -0.18847114025251455     
 -0.97858037918897556       0.20474521479810298        2.1443844890863706E-002
 -0.82502039083669254      -0.40199067715256953      -0.39717105909938699     
 -0.81036703673375698      -0.54330662360856152       0.21936995810369769     
 -0.87682683359266944      -0.37349562403393832       0.30277999061933325     
 -0.67724691319519692       0.62714468035441862       0.38474169058051499     
 -0.91876378663230152       -1.6878102919941643E-002  0.39444674420629322     
 -0.72843608419087891      -0.37841103630194489       0.57112692009186550     
  -8.8736503443719139E-002 -0.85843759832786981       0.50518385042848990     
  -4.9484268505054579E-002 -0.67684357432852815       0.73446176419248654     
 -0.59765817138040445      -0.34717042201808768       0.72268762841081469     
 -0.58186750283052358      -0.70139918983873106      -0.41166659524844146     
 -0.19430628046994675      -0.97291763607960569       0.12520520266859170     
 -0.33059765352004633      -0.84253544824815108      -0.42525193701192815     
 -0.38365986707777072      -0.88256443933134210      -0.27181816867481845     
 -0.32470828619815162      -0.94113081267323451        9.4007033307840215E-002
 -0.17543958734783471      -0.89164812256545611      -0.41735425805518250     
  0.11411771703941510      -0.92455400997218029      -0.36356158942067252     
 -0.23595263272744371      -0.94919440728092630      -0.20822183433934760     
  -7.6388822527333658E-002 -0.99620021184083518       -4.1831635412167119E-002
 -0.20382650700413810      -0.97838325247283708        3.4942328531322175E-002
  -5.7285529370063572E-002 -0.97051416604896457      -0.23413803967561597     
 -0.15293111369860984      -0.78422742815074020       0.60133136904625151     
 -0.74399195375381133      -0.19596805201156001       0.63880552231522292     
 -0.42478776670023960       0.12965527690459300       0.89596030181734632     
 -0.18792584571564216       0.39452459185146665       0.89946329715921070     
  0.40648047469618753       0.47729371416176658       0.77907915779624670     
  0.99062688519277708       0.13624709876731328       -9.7520464933437689E-003
  0.65242399410808494      -0.16445414576755515      -0.73979575955255839     
 -0.19868055753457958      -0.30889418934050039      -0.93011311992117007     
  -3.6818056192992298E-002 -0.84492971982580989      -0.53360865743850006     
 -0.25211525531552398      -0.84441345034752380      -0.47265613601159984     
 -0.67435579022822145      -0.48983239162767944      -0.55254727969472905     
 -0.73753451683988491      -0.65444524147703509      -0.16656609012041826     
 -0.57456037828866091      -0.72901905776601528      -0.37203707491971472     
   8.2569029127778915E-003 -0.99949222364129642       -3.0775289356394286E-002
  0.19192672021843610      -0.92764551981889110       0.32037153997543560     
 -0.12921801666732913      -0.94312993346050422      -0.30628194981006129     
