 -0.14759224412581803      -0.61069992614464541      -0.77798594439803281     
 -0.39715847486349476      -0.69321384131667685      -0.60143138931311591     
   6.5157867077316162E-002 -0.49124508606907730      -0.86858086426707870     
  0.51397484317161224      -0.38741399596266041      -0.76533669474223087     
  0.38256021289623970       0.24463459103090240      -0.89095544242119273     
 -0.59666453663698571       0.63813535615311201      -0.48659500403019201     
  0.19894378040400365       0.49216182770629713      -0.84746569699746066     
   7.4908413532047136E-002  0.98540268907264461      -0.15287337881552754     
  0.58943868739385585       0.78792605668460847      -0.17814197428149850     
  0.56731341228945420       0.40929676327820880      -0.71458495072769712     
  0.62258609841225732       0.18627293260079625      -0.76005851396069268     
  0.44503554550108138       0.33775985315890761      -0.82937424895801393     
  0.34884918705453388       0.84823136766524487      -0.39850695301352701     
  0.34084884653292569       0.56644264096975705      -0.75030980155426208     
  0.69217125193663342       0.57287440810142920      -0.43899187980522431     
  0.92363507260939259       0.22119727908461082      -0.31300162359234585     
  0.71807506330131576       0.23150764836534587      -0.65633254697081966     
  0.87584988132655028      -0.32572415789690451      -0.35607689947909643     
  0.90549197467560893       0.32847399041991648       0.26868033313905931     
  0.62028047214687732       0.77365374206255433      -0.12927499087558472     
   3.5317345379286845E-002  0.68551455035066322      -0.72720181956106988     
 -0.25718916990577401       0.31823581979491533      -0.91245805047829298     
 -0.68644779859530247       -3.9983867416232582E-002 -0.72607899718285462     
 -0.48148874392659291      -0.40062078389563599      -0.77953292232134752     
 -0.69435568128559000      -0.48727179147498956      -0.52956245061292795     
  -9.9710723300617476E-002 -0.62540337442922433      -0.77390463941720222     
 -0.32754316652989635      -0.92750313580660104       0.18014829205003333     
   8.1680188164420131E-002 -0.99558519697167469       -4.6243512326879219E-002
  0.85989366725469896      -0.28648275535496442      -0.42250504363795766     
  0.26521382400206123      -0.95995701998833682       -9.0244929682247399E-002
  0.76447594634495741      -0.63948774404354236        8.1436801743132670E-002
  0.83748808852885359      -0.20313712758334790       0.50729578055559310     
  0.95772147157111209       0.23822830603119302       0.16129741813568660     
  0.94071545857527339        7.0362392279436289E-002 -0.33181856450514113     
  0.93908340396012557      -0.16295819012616861      -0.30260037785415539     
  0.89684092451834785      -0.43294222905305491       -9.0760026507554159E-002
  0.87583478579276786       0.36774732103178520      -0.31253053589898255     
  0.67129608470030844       0.71247278551796556       0.20431372093512051     
  0.76878031280847947       0.60548013037027715      -0.20584130383606475     
  0.71559489673033427       0.69404090584586342       -7.8937727267890570E-002
  0.80940965782613505       0.29092514601972780      -0.51011622717888894     
  0.93263273099036659       0.30373349141813155      -0.19478746180502063     
  0.99725537284714472       -1.3299474948149542E-002   7.2834368904103802E-002
  0.99875117887335541        3.4557121778361392E-002   3.6081685569485017E-002
  0.90391967171809040       0.38000163291141642       0.19628547084732365     
  0.58107000658173158       0.64589924901976203       0.49514826826604136     
  0.70736175304691218       0.67648587788335390       0.20495415914492782     
  0.35467592204053466       0.19980392799798088       0.91339114331226057     
  0.57610876169751501      -0.23089280280316707       0.78408367430335157     
 -0.42715219976630631      -0.11071656075280106       0.89737552975879620     
 -0.62339340584652836       -1.9980207479971042E-002  0.78165302587281493     
 -0.96585413092533490       0.25775209008095301        2.6261337235002999E-002
 -0.88705619751422526      -0.32030725726323811      -0.33246738696610301     
 -0.97497839376291240       0.21367404306228008        6.1323201293875314E-002
 -0.97697529983666265       0.20511191550564389        5.8722786264278078E-002
 -0.68679551104038183       0.41736944565012762      -0.59507534972680709     
 -0.80943449657495947       0.57252937533781512      -0.13048337108526431     
 -0.83542620030480341        1.3617888869864661E-002  0.54943390589499130     
 -0.98349982697509863        2.7306416386517936E-002  0.17883637763072538     
 -0.67550216198251101      -0.19251188425743268       0.71178367751488447     
 -0.80862220930133544       -9.2429473887540969E-002  0.58102230162148627     
 -0.28783848666001455      -0.33679921779654010       0.89650169686893644     
  0.13281330948218090      -0.34905861485959333       0.92764147611927139     
  0.22366526826215960      -0.61672986191860990       0.75473049838411288     
  0.93357361615693901      -0.30131008292349426       0.19404261682514323     
  0.95650448975853941      -0.15819504901610229      -0.24509893418484907     
  0.68785142326683846      -0.62989255503854780      -0.36068793799738808     
  0.84406817166357562      -0.43515231831074153      -0.31335504057436292     
  0.74414586206414757      -0.66625618386519070       -4.8473017589627222E-002
  0.86579522980490620      -0.41903129677476220       0.27351671314641052     
   1.6379304002065949E-002 -0.91600887126260588       0.40082348505128251     
  0.18774271040249413      -0.88336644246247353       0.42943730976930522     
   7.8475527512834944E-002 -0.89920256231587281      -0.43043738627843897     
   4.1723715682305471E-002 -0.91750030706174890      -0.39554053912505927     
  0.53694538159353800      -0.79648734028269974       0.27802441251584964     
  0.43297410000156533      -0.89635509827971427       -9.5294105357582717E-002
  -6.3053611035320561E-002 -0.89596484613596350       0.43962624651400212     
  0.49664747442699331      -0.70609516647185155       0.50474835515376382     
  0.96982022853713834       -5.7112696722906045E-002  0.23703768517523860     
  0.87715426112763140       0.45555272942927727      -0.15189507199129459     
  0.75947533553441238       0.64959185712271250        3.5037606579352093E-002
  0.63719619514850456       0.40800171373099481       0.65384677905522626     
  0.98578697413182337       -1.7934656667603580E-002  0.16704008417811361     
  0.92246509356623474      -0.38559748913170000       -1.9306152574548284E-002
  0.95022026866463227      -0.12533358953028195       0.28525941238529473     
  0.88858826030703686      -0.45434576476509109       -6.3093816532123426E-002
  0.98228174705934534      -0.16990996118288826       -7.9077016160977454E-002
  0.94739985833439266      -0.32005234401193394       -7.4299635719837775E-005
  0.57436510850087230      -0.81812269252847392       -2.7928159745651753E-002
  0.65370286198542615      -0.51360873706199228       0.55576850706539482     
  0.23932480620554544      -0.53546693539366763       0.80993752736541191     
  0.16806507492309025      -0.20748369271147687       0.96369323326976863     
  0.47521482797019476      -0.10558318060633261       0.87351191133857142     
  0.47917379425146589       0.53341886511595016       0.69703428125242295     
  0.16620162895388982       0.76022111994201924       0.62804527490238327     
  0.43223539944578443       0.89302126516380864       0.12524208330758416     
  0.79159730439126375       0.57124454974761518       0.21691789244832382     
  0.67174078085775346       0.73297775013605970       0.10727507230557877     
  0.92085340171430075       0.38084764456231524        8.3570833324613042E-002
  0.74752195194735116      -0.45962057055801842       0.47954130424483077     
  0.86677696614628541      -0.24040250568620875       0.43692599627179168     
  0.12171871742535473      -0.95552923794009426       0.26860459651680102     
  0.21518037935601569      -0.77249005025022321       0.59745838901520754     
  0.54979728999369737      -0.83517231770015621        1.4496194776356545E-002
   8.3292705166439149E-003 -0.82112240773053990       0.57069134808189170     
  0.11886646992578197      -0.63751574679482648       0.76121247685260174     
   4.5818378905187862E-002   9.6934577839473457E-002  0.99423556754605091     
 -0.43526082177023451       0.15365840698562477       0.88709475874597676     
 -0.47193508066104223      -0.12991082289118777       0.87200943672486153     
 -0.80335279189753139      -0.30341461155026600       0.51240986060798033     
 -0.56074417743178984      -0.81893454204726379       0.12211545077594491     
  -7.1812351877435510E-002 -0.98903223886430758       0.12906671377591383     
 -0.20000542918083125      -0.78489338998052072       0.58646414610194675     
 -0.70726321684486215      -0.69169300686209290       0.14608054749452518     
 -0.84703475115132820      -0.50391699585572525      -0.16911472919212400     
 -0.69963493447256797       0.26526747381096494      -0.66343358808813391     
 -0.40298465812787948       0.51755998966273997      -0.75480793743436758     
 -0.23205376605644534       0.23191440282224124      -0.94465166036091541     
  -8.8462835980676419E-002 -0.23318351914067750      -0.96840062631716550     
  0.19050448024405570      -0.52397468114138057      -0.83015575437972866     
  0.67299294300850954      -0.17061238030966380      -0.71970265689783819     
  0.73533826753882026      -0.51393854843641695      -0.44175196742525913     
  0.32493742308217916      -0.92040217892541010       0.21742929910678852     
 -0.11167242433484904      -0.82955965085381245       0.54713805873700205     
  -4.7082861544637727E-002 -0.61108307640260184       0.79016496877746722     
  0.36972056115663765      -0.83471444975568421       0.40811578507462687     
  0.58403876971469093      -0.68470744279920392       0.43597526678192550     
  0.22725845258997346      -0.97232515311674450        5.4197715292654783E-002
  -1.8485243905950598E-002 -0.99958179662115654       -2.2237977006745735E-002
 -0.30461733879675140      -0.91849363389562222      -0.25214623018715510     
  0.26719672451198678      -0.88872099970736418      -0.37253307918800715     
 -0.29187830420027056      -0.95192570254493281       -9.2975869834877961E-002
 -0.24143860885941898      -0.97026802583302429        1.6951583944216184E-002
  0.22430832074211754      -0.97073915857641624        8.5739508117841159E-002
  0.46160144089650135      -0.72846007698094040       0.50623119817658835     
  0.25697242838946255      -0.95829263511428964       0.12506157096979975     
 -0.31504922243118039      -0.93586504928176795       0.15779922996760659     
 -0.38235632834802286      -0.53412613433372591       0.75399795145212667     
 -0.42915871221752933      -0.64267959636250105       0.63465402870160659     
 -0.79313509775134494      -0.46775306694342528       0.39005613067867001     
   4.3453634925581505E-002 -0.85337038065157078       0.51949088061137683     
   3.3337097983373178E-002 -0.92463518238544262       0.37939216833386347     
  0.59391112719216232      -0.76695376484203270      -0.24300513490874501     
   1.9706084608034739E-002 -0.64355133666431319      -0.76514923205018992     
 -0.54025465852943833      -0.70088095785973969      -0.46571534959337485     
 -0.35622291877599810      -0.93102742171847919        7.9329516240691150E-002
 -0.50931203642344269      -0.72903794877602657      -0.45727991296213566     
 -0.81795823139482227      -0.57038858450780983       -7.4841127441444361E-002
 -0.77952234389493036      -0.33130470463865069      -0.53158452578389404     
 -0.63170161514773804       -1.8501257621172496E-002 -0.77499082116257323     
 -0.47706318788375235      -0.77362360743151570       0.41703384609748645     
 -0.51010199244741816      -0.71970156757911219       0.47098366311939976     
  -7.1762495294314249E-003 -0.58097931993812979       0.81388668206755810     
  0.11550203279265001      -0.34805097865375140       0.93033316434435742     
 -0.42817660503714811      -0.55698830627202212       0.71163812543675209     
 -0.57696964627132197      -0.13474988720032921       0.80557339527884642     
 -0.62331711580038318       0.33722282435830125       0.70551863184620989     
 -0.65641346953484669       0.72116016612335487       0.22147092768618795     
 -0.93276513531768490       0.25030160736039397       0.25941917371041240     
 -0.78306439213069368       0.56252536095796113       0.26528357668004732     
 -0.59154522803571841       0.29669911791207959       0.74969585607659939     
 -0.51582920155542300       0.48501074556658186       0.70617619013083710     
  -9.0192395071242645E-003  0.66224100837305033       0.74923661159061583     
 -0.10583988028249119       0.45894362824514712       0.88213868854904731     
   2.3758195242176802E-002  0.31808722563303060       0.94776371794237479     
 -0.13801157896122163       0.90324860775354687       0.40631854088130021     
 -0.75291227212432099       0.57698569915534592      -0.31656059997242730     
 -0.97853287876523287       -2.7180795010390155E-002  0.20429050285818862     
 -0.82505612585175991       0.41103149973177644       0.38773121543509581     
 -0.54221021709420836       0.68678044691525264       0.48408749024696840     
 -0.75984657573950221       0.11984654796239147       0.63896008191321285     
 -0.86522898319700414       -7.3217478015572907E-002  0.49600202373474084     
 -0.65644894983654056      -0.57822578136027747       0.48448913509885394     
 -0.16159877477928397      -0.59208219611375879       0.78950903036953390     
 -0.32884924868580950       0.24699638638036520       0.91151026146384617     
  0.14207650833040780       0.16260877160840903       0.97640803621063810     
  0.44808251171616265       0.44446278520209498       0.77567705603855641     
  0.14449043745730583       0.61231616728473159       0.77729751367490985     
  0.37076628759456509       0.84327450850419772       0.38912782384509431     
  0.76482687875714894       0.59787945075110382       0.23995834617734899     
  0.45962507049812851       0.55036962092198305       0.69702085688724236     
  0.82035340019134040       0.26977019024323845       0.50422648011654958     
  0.68140015905668505       0.10083177032873840       0.72493225706263364     
  0.69932702364043930       0.66742267606986638       0.25590757213105386     
  0.83165793545679390        2.5847112462701397E-002  0.55468640254574642     
  0.92234804844741503       0.29374297366628976       0.25097637926102401     
  0.27000288234809511       0.55941079074916500       0.78368234043975327     
  0.36916196120846489       0.34485758379053022       0.86301372717871550     
 -0.15165101068976838        1.0606455073600168E-002  0.98837719220327247     
 -0.58051901280024121      -0.54590824290025175       0.60413729078004907     
 -0.96569444795429371       0.13558299837778792       0.22147569559924341     
 -0.74943326118211628       0.10503684304514346      -0.65369492015550801     
 -0.44253619274349587       0.14276753452418872      -0.88531302328501171     
 -0.39291023694754018        3.9971772742158324E-002 -0.91870768097677158     
  -3.2694576249462801E-002  0.28057977223333064      -0.95927371281476903     
  0.26612274918793954       0.46322708921216860      -0.84533978149904632     
  0.29947892454944897       0.37795521387758624      -0.87604921668450153     
 -0.63468020454298313       0.67139538809746646      -0.38263464401806430     
  -9.3656672840403715E-002  0.96767308514555017      -0.23417349960542966     
  0.15757448610621344       0.71193064014594909      -0.68434278322332831     
