  0.11467124336015042      -0.40034429947442790      -0.90916167309485219     
  0.24566807207478344      -0.74114709509374177      -0.62477850619014030     
 -0.17046175081681814      -0.61007584269333670      -0.77378954352620888     
  0.22005809989971764      -0.28004758085963943      -0.93442377170274571     
  -6.9524882540121249E-002   2.0164728680756583E-002 -0.99737639556238777     
 -0.50785745827491946       0.19718584039012915      -0.83856934503009228     
 -0.20736145635298323      -0.57042460541938833      -0.79474335225362647     
 -0.38929587576511510       0.26995399548526644      -0.88066654383697740     
  0.17518171423946455       0.33930251036793363      -0.92422138768489437     
  0.42112329674615706      -0.15894855151942988      -0.89296725970639224     
  0.43861305610789991      -0.16105741649856689      -0.88412617629076096     
  0.41689188057481630      -0.41167836008579017      -0.81038391380129393     
  0.95776616781582791       -7.1071067250390696E-002 -0.27862675963958289     
  0.65513172889573990        4.4164055541111719E-002 -0.75422274825958979     
  0.97799077840605286       0.20688934951718618       -2.7033949195164275E-002
  0.96733910369017073       0.14531530273407262      -0.20769814939771483     
  0.94853993466540332       0.31656317590156563       -7.7296835708563216E-003
  0.95064353277430214      -0.23401145145375235      -0.20375356238094125     
  0.93225906474026621       0.35989619581639687        3.6983299562343780E-002
  0.61169598300133321       0.73511715334582273       0.29228546874039019     
 -0.56822467833897161       0.79670633841209526       0.20586336551362736     
 -0.65027350748561563       0.75818568108980966        4.7946203736439215E-002
 -0.48108368808876084       0.81279238387658148       0.32852248898224101     
 -0.90444582219068448       0.38578257199471533       0.18207021136630308     
 -0.76903864551233003       0.22716009804621368       0.59747623514594927     
 -0.98914828938864718        2.2064137024843056E-002  0.14525438188542153     
 -0.38552473586351987      -0.66037986250995528       0.64441377641134812     
 -0.58293610966761633      -0.80663187135033221        9.7624362571342049E-002
 -0.75705139222865536      -0.51076243425837053      -0.40742474799050865     
 -0.48213793131537497      -0.87608043338881969        5.1077803607486594E-003
 -0.52999077024276242      -0.82340260077967442      -0.20277559144731749     
 -0.31049905021248730      -0.87928996561141148      -0.36116408485929874     
 -0.65734070758123797      -0.48087700384165516      -0.58022452665578395     
 -0.73401428472308239       0.14859252632745495      -0.66267887467619246     
 -0.73578204687077853      -0.17362636048135469      -0.65458281863232870     
 -0.43484858813037841      -0.43268467211369566      -0.78974089416648430     
  0.12457676045951424      -0.33720209922028660      -0.93315345738783018     
  0.57439703162051081        8.9789767127071984E-002 -0.81363741788639965     
  0.52789447886385776        3.4872541386297057E-002 -0.84859373379866077     
  0.43363817230869361       0.32441388687189077      -0.84066257530682509     
 -0.30270682219263711       -7.5563267034253229E-002 -0.95008356078461875     
  0.24293406738056667       0.14929458209228624      -0.95848535026042991     
  0.16905874299354676       -4.3006606067782227E-003 -0.98559659381302012     
  0.41350571416856580      -0.38390959357054999      -0.82560671527942786     
  0.38612505775657702      -0.24374130569949809      -0.88966151747078304     
  0.61012409465772266       0.17347014168776609      -0.77308259523867118     
   2.1259791003706410E-002   3.1011038502188809E-002 -0.99929291840656154     
  0.66342460281412641       0.18651132757476252      -0.72462495200428523     
  0.37000652948941137      -0.40928841877982536      -0.83401328429941468     
  0.83902454509793589      -0.24463918529720896      -0.48599329392524931     
  0.92884281504873956      -0.28785791575263903      -0.23321416181457738     
  0.86130792651014620       0.26831000018324264       0.43146077403682920     
  0.90961608258242199      -0.10162134958756817       0.40282959625052972     
  0.89791558441840269        2.3568034950662842E-002  0.43953629086474383     
  0.80825156800542441       -7.6385468811564286E-002  0.58386185264253965     
  0.55137076230271942        4.8155843976495277E-002  0.83286931578046519     
  0.79504416811474865       0.35268919138976007       0.49347249672458482     
  0.89525086743407178      -0.42028380811587163      -0.14794392516820110     
  0.88921421128792488      -0.40083728675410446       0.22051656625114749     
  0.74403709316848010      -0.25592225707600297       0.61718117463393440     
  0.83327359170220716      -0.12458394026288457       0.53864084806139523     
  0.53332355838277434      -0.72418614332251163       0.43717320582758368     
  0.63855605583268538      -0.76712522621735102       -6.1360010270761475E-002
  0.22275373910823945      -0.91712025187083579       0.33056196895851642     
   6.8222953092022781E-002 -0.98847312393330411       0.13515366044982777     
 -0.10185009246505322      -0.99432826409145503        3.0624530914388270E-002
 -0.16642797488511812      -0.96761189740807718       0.18981292150426757     
 -0.28344041571685014      -0.95559574755538812        8.0612021388733635E-002
  0.17249433906671868      -0.97119934412943021       0.16437012183646596     
  0.18922554623336119      -0.98116216823569236       -3.8916478203991245E-002
  0.61481508194124879      -0.30623544357899790       0.72678901210295044     
  0.32332567570832110      -0.34958364004230663       0.87934736369792976     
  0.20435667574905900       0.21325107978299612       0.95538595658939407     
  0.11290396807491190       0.42903891467237010       0.89620215559312733     
 -0.25218472527379215      -0.72067231370462914       0.64578191411513775     
 -0.39663475917950203      -0.21298595838392237       0.89292656436125450     
  -9.9105514452507898E-002 -0.61374333239112533       0.78326063283593828     
 -0.31625063224774891      -0.39868914672602151       0.86083244704519457     
 -0.61906020944288642      -0.54172417707354947       0.56859420772509828     
   8.6646392783864511E-003 -0.98419661548616411       0.17686702940857449     
  0.24724861309272381      -0.92589205901826999       0.28564316615433805     
  0.23346704125673479      -0.78533310102640719       0.57336294009912703     
 -0.39125477906130435      -0.81984370588226996       0.41806219129084415     
 -0.57447245292986648      -0.75302737158286115       0.32082889282576699     
 -0.19135663883246420      -0.92265882899419105       0.33478847359764241     
 -0.42360209520519787      -0.89436629591912031      -0.14377132419825711     
 -0.19749334581240643      -0.98016901868686934       -1.6281067725669063E-002
 -0.53444370203721603      -0.78057817789122741       0.32414138512808699     
 -0.83282720574634073      -0.16300376035858949       0.52898829805368175     
 -0.57853461539260687       -3.0408522231357211E-002  0.81509080510595600     
 -0.41795611017014456       0.20456448470524222       0.88513618249889525     
 -0.34978872594789301       0.27719687481339678       0.89487973482108973     
  -3.4336112608899322E-002  0.26369875131560427       0.96399377587490154     
  0.35380943033726908      -0.10675004572356653       0.92920574403220524     
  0.78103022017619383      -0.20958700252555953       0.58827296686479191     
  0.82678552867365263       0.20086394206581776       0.52543255166924463     
  0.63320743293481918       0.16307339571730942       0.75660783401007070     
  0.57626227386161366       0.61757733419361394       0.53527565610086791     
  0.18027883885361315        4.8580748352452362E-003  0.98360354786393323     
  0.78352523914045114       0.34538799306637791       0.51652234595955826     
  0.86661036917206069       0.14791730308757692       0.47655738320880542     
  0.56692519059654423       0.34920729892298430       0.74608986767412078     
  0.28766426207655943       0.69258534972048558       0.66149437312537729     
  0.59183753215114632        1.8263782099007107E-002  0.80585033957970997     
  0.46818128343552140       0.33186204083781157       0.81894680638713813     
  0.27582521648683012       0.63670486545347105       0.72008844196940458     
  0.54977772886487486       0.73773131000473069       0.39178688477655726     
   8.8856406033703289E-002  0.85577986924933958       0.50965218972785542     
 -0.16731207131577708       0.69552419568771717       0.69875085975259899     
 -0.44584127031974585       0.40992329136020672       0.79573139744522836     
 -0.16254558836318483       0.28450615775310606       0.94479372240942494     
 -0.32079057701125485       0.33361285011717945       0.88645128006986562     
 -0.12026723300125058      -0.14077470513821816       0.98270965959406220     
   2.0792437620729493E-002 -0.93881558440616963       0.34379204908469690     
 -0.28397741505378477      -0.85236238679004317       0.43913003691950320     
 -0.99342741490205533       -8.9265201685112081E-002  -7.1649808716523211E-002
 -0.84748542970708640      -0.53079774998297957        4.7111619860834980E-003
 -0.89713900685337100      -0.26482489288024741      -0.35356665353666999     
 -0.76185016288596419       0.28733554978761938      -0.58053648562250282     
 -0.47247267613436555       0.28077926406278120      -0.83542359026953228     
   9.0258549613969605E-002  0.78084925056678345      -0.61816489880198089     
  0.16791100198338305       0.50818493325676528      -0.84472123746461836     
  0.89510540294996621       0.20157200699307193      -0.39768711772769366     
  0.43554717610283555      -0.89665741157970891       -7.9398637570399791E-002
 -0.30454933051979438      -0.88389851731740365      -0.35492691693365841     
  0.33147678945398223      -0.90701768810169858      -0.25969607529556810     
  0.26756529101704296      -0.75813295144860804      -0.59467910924366074     
  0.13187643619255113      -0.27714632903319242      -0.95173447866545580     
 -0.70960860986317353       -5.1202011504456489E-002 -0.70273321739187922     
 -0.54704944923367294      -0.28073887007272413      -0.78862068634002858     
 -0.28453280593527863      -0.46917162751069408      -0.83601379551156318     
 -0.45845809745207994      -0.40720419608940878      -0.78993728584479106     
 -0.49642039899139051      -0.40796692785531730      -0.76624393846974204     
 -0.80858856502890619      -0.55460947183374387      -0.19645067130675653     
   2.2126566697308843E-002 -0.88346187081548599      -0.46798027507737633     
 -0.17281709294767189      -0.72230646040082602      -0.66963245862819620     
 -0.63021534350193742      -0.72819977583207907      -0.26935795383258121     
 -0.82388134873150232       0.19574285707468489       0.53188744779010744     
 -0.68450184730748553        2.0210360533145802E-002  0.72873092589776167     
 -0.76901080236855501      -0.57144007415475873       0.28649367792414560     
 -0.53138985539499306      -0.82890358342711723      -0.17476747685141059     
 -0.26751084025617639      -0.96201778649149361       -5.4403389778798814E-002
  0.67403107774925708      -0.73744345920630738        4.3119029465585421E-002
   1.1060664637589116E-002 -0.96148404342805982      -0.27463811813184225     
  0.42648735877950467      -0.78189391606669878      -0.45469818211555313     
  0.24858422198985958      -0.69014058762291397      -0.67964097426011105     
  0.44892228816702701      -0.71614215804340631      -0.53442416549013161     
  0.36759500544077617      -0.47502435894503281      -0.79951596005579129     
  0.75874267370179405      -0.27672036994648985      -0.58969092918287835     
  0.51944065016529029      -0.14711823570836605      -0.84174677645832419     
  0.83343296252294830       -1.3179365001565579E-002 -0.55246339364558472     
  0.83511578797149699       0.25160014936371500      -0.48916151271428593     
  0.99987188430792506        1.5150792790216505E-002  -5.1641503044641268E-003
  0.84287544330428588       -1.7676437928946895E-002 -0.53781830632361294     
  0.71313036762628079        8.0425472303403592E-002 -0.69640277295113273     
  0.37954947903503700       0.50225440042235070      -0.77697021192621285     
  0.54835571329252386       0.83189435280450563        8.5192707853828112E-002
  0.95405668093689344       0.27506489663015476       0.11880720601689862     
  0.75290313562525535       0.43794828173881917      -0.49126181501077792     
  0.59967180673376552       0.76494096198129891      -0.23507243328778710     
  0.67664687626008568       0.69329142768381669      -0.24798387275721606     
  0.67434279065355729       0.64540532165945486      -0.35876701557876600     
 -0.41970483931897296       0.52736480946793929      -0.73873825241902169     
 -0.52288757111898310       0.36052773336825072      -0.77240426037257870     
 -0.60161885747147636      -0.22228781295154690      -0.76723065537553436     
 -0.87597890862999550      -0.41839162382643785      -0.24001958409112467     
 -0.77343085202862250       0.39194211090285658       0.49818279660320353     
 -0.83744252451153456       0.48067133214853752       0.26008669437385717     
 -0.85992347920827594       0.38872715802237823      -0.33079118265490204     
 -0.86569771805823748       0.48495261921836830      -0.12405006272501982     
 -0.81410508576533802       0.46522779119752400      -0.34755720626765180     
 -0.65901771423901800       0.35787860514660519      -0.66152744183257062     
 -0.40751678437033068       0.36304854129355962      -0.83792948815584867     
 -0.19061142817455390        4.8253199950862247E-002 -0.98047891978556101     
  0.12345536347048226      -0.31584226845004570      -0.94074568013399540     
 -0.20359897258344975      -0.77069563304308075      -0.60380104303599902     
 -0.22348729391780603      -0.60113274620842383      -0.76726322138711345     
 -0.86900897219378526       0.10762942855629164      -0.48294856077579740     
 -0.42663694005386438       0.88101074263319756      -0.20445291082899988     
 -0.45780320235982958       0.86465750181672274       0.20684204713057341     
 -0.39208772888602689       0.79648854031772531       0.46029688028443416     
 -0.81984531891810208       0.56955233713698417        5.8853957470759104E-002
 -0.91826958446724860       0.30278501046674855       0.25515134269493406     
 -0.56710573141196707       0.45903616636737005       0.68386905717872493     
 -0.76857054311342710       0.30117723485031234       0.56443918491394141     
  0.12948525030278951      -0.54366770421270139       0.82925207105569787     
   3.7607329190907604E-002 -0.48726652085784128       0.87244313650933303     
 -0.38816688301732249      -0.51136122111709936       0.76670474921332810     
 -0.48381319242638743      -0.70107436999587103       0.52385066819578086     
   9.7735433150907672E-002 -0.98604623179908701       0.13476132183122203     
 -0.31821117455129366      -0.93785294838043043      -0.13846839207867032     
 -0.41939867905736600      -0.70981892599532292      -0.56591681394340854     
 -0.52338671717561658      -0.70489019624660287      -0.47874435298980855     
 -0.27418903277273582      -0.41937228788100989      -0.86541738974014337     
  -5.9918227053845627E-002 -0.61995393167394408      -0.78234706407630661     
   8.2838857092832965E-003 -0.77929611179087988      -0.62660110707319694     
 -0.14472950845365395      -0.45732169508294529      -0.87744528979834613     
  0.28128259245003473       0.45407830714573272      -0.84539517041698220     
  0.54848682168857166       0.50697908396838320      -0.66493188737843745     
  0.11645340930290511       0.81782512002372310      -0.56356071236383032     
