 -0.37292765128840910      -0.87858344169231628      -0.29835566508557870     
 -0.42949462557063867      -0.51269072091181567      -0.74342625141763619     
  -5.4242881916640007E-002 -0.68391599216394550      -0.72754149395330070     
 -0.50442432275716254      -0.86308997518061059       -2.5135579438459538E-002
 -0.68663458944724520      -0.68165787322158489       0.25273599753427989     
 -0.64189553620701767      -0.34148648983818636       0.68655451193297212     
 -0.83314675187517240      -0.54758024172759379       -7.7603921997704231E-002
 -0.97647337772670206      -0.15646120487083887      -0.14839014105163717     
 -0.71461698729843570       0.69914711777467808       -2.2712753508144792E-002
 -0.57681142168249744       0.57082522993860552      -0.58433478476141965     
  -9.1908963853985268E-002  0.80539746053267380      -0.58556611320228957     
 -0.14169677404984965       0.82778804619628565      -0.54285262714519744     
  0.48177324666791255       0.41866632197648418      -0.76981364604540703     
  0.75094567817338320       0.43907437535278609      -0.49324870130724957     
  0.53869267585084724      -0.16052530081870131      -0.82706821289524068     
  0.39411659767130441       0.22198909041315992      -0.89184805386207533     
  0.29531231083307408      -0.17118809504235491      -0.93993897418196248     
  0.25051058374116530      -0.36647043784400757      -0.89607135074172806     
  0.30557289755712769       -7.0625417332784740E-002 -0.94954581495846857     
  0.87589578630164122      -0.30072718969124712      -0.37731913404896461     
  0.69343806573967282       0.17519752669357877       0.69889160506026193     
  0.37173162831029116       0.78764544864942698       0.49135551664311716     
  0.57272464374151377       0.63889889561213287       0.51360946606999502     
   1.8805647100848880E-002  0.67675444393773565       0.73596859324814878     
  0.31010725551765306       0.23358956997582828       0.92155813862924618     
 -0.26502943212684676       0.14581086624578840       0.95315192461182752     
   2.3438926781633354E-002 -0.63643904757897862       0.77097078766197924     
 -0.55292730108508581      -0.35720566424363764       0.75277852861717964     
 -0.72677874607551451      -0.65938461958514583       0.19236573943264834     
 -0.59483867908475085      -0.77854924611900589       0.20007003081988317     
 -0.62057606551767408      -0.77118176452970244      -0.14200011606869239     
 -0.68174469663055914      -0.72129374599478635      -0.12230903729875439     
 -0.89581953550148619      -0.22278935748421588      -0.38454162584268486     
 -0.61829298825478229       0.78576262359701166       -1.7055205449786053E-002
 -0.72784085263404052       0.47930747005144914       0.49042027118567932     
 -0.68567641461788698       0.72200851897217311       -9.2474607154449495E-002
 -0.75106353639372481       0.33396363083715408      -0.56953652874757610     
 -0.51368263872896047       0.14227524936241642      -0.84610158969674154     
 -0.46949781667092577       0.10070095150925043      -0.87717222853120791     
 -0.28368968357172464        7.2627667911948149E-002 -0.95616179869764251     
 -0.72028130194294759       0.44983627773266133      -0.52805508169795778     
 -0.79210934765265073      -0.52826109995427328      -0.30578258883794113     
 -0.74643250629222069      -0.40737139039290210      -0.52620059277780573     
 -0.62826241294491503      -0.55167408770393633      -0.54858184570464441     
 -0.52779057136145191      -0.45321275770488445      -0.71835597654333005     
 -0.25653991063407267      -0.73470217988116004      -0.62801272370054351     
 -0.42599302968485220      -0.49610269391220696      -0.75657918009484182     
 -0.53776570432001658      -0.66761478450799316      -0.51487721523052044     
 -0.62651652949560399      -0.76590498809802432      -0.14445271709225618     
 -0.41278226156944176      -0.86969768809009163       0.27062286648463868     
  0.12179986756582145      -0.93057873470763075       0.34523616666115675     
  0.93490389829710230      -0.30183267719269036       0.18668619640341050     
  0.49980093545106707      -0.63447682106712899       0.58960850439146884     
  0.85830885189628170      -0.48263303823975656       0.17427353544345894     
  0.68918012640658188      -0.69380539668520924       0.20896129999752433     
  0.50468805984905762      -0.80385860632908546       0.31480359476416497     
  0.38973512701594837      -0.87198512230606073       0.29622369460726189     
 -0.31949228803193547      -0.93914482875305383       0.12622071349237321     
 -0.26266404873002297      -0.57282707193133564       0.77645137849534240     
  0.24835069353842967       -7.6814508059741146E-002  0.96561973072764029     
 -0.17024242317280217      -0.57006946258831703       0.80376509328070422     
 -0.71214417900607008      -0.42866808579401039       0.55596253518509087     
 -0.47683805750391811      -0.84857912146923919       0.22921374636445729     
 -0.78574659409978853      -0.59635730482861526       0.16419578203531701     
 -0.87914645117224488      -0.47260708133807616        6.1188757630822689E-002
 -0.84979839152646786      -0.48691504023362175       0.20188223634908548     
 -0.89482313736629482      -0.42596364270054021      -0.13359089763614326     
 -0.90126690719660363      -0.40852222343205413       0.14431754901763819     
 -0.95225238173312798      -0.25264494643532270       0.17142325549443399     
 -0.69679840743145438      -0.37645964342615168       0.61053264963679676     
  -9.0175197006928429E-002 -0.69316903105210992       0.71511196901958807     
 -0.27082122592447816      -0.59353061199282853       0.75787682126857181     
  0.14200236054266671      -0.54777373871917912       0.82448727144206135     
  0.45898312588167162       -9.4131271256700205E-002  0.88344427890363153     
  0.15168811565695572       0.73992416175230091       0.65536474609457795     
  0.56837092497151664       -4.4669558606241846E-003  0.82276031622365631     
   5.0284842184789097E-002 -0.41669885124736777       0.90765274307721455     
  0.26717244997372314       -7.6095181432657186E-002  0.96063958139242300     
 -0.43363817049193326       0.37827018129949908       0.81784448829350775     
 -0.86499785423222997       0.37401916293106291       0.33449720168342384     
 -0.44637068815078063        8.6842147353757601E-002  0.89062430362236855     
 -0.39609827907493761       0.27518594362282334       0.87600162656603009     
  0.11589033873579196       0.58254546659595308       0.80449375928977351     
  0.56082868320251844       0.63961126559048964       0.52570772966270707     
  0.24477034062745096       0.62294115422515606       0.74298842435248025     
  0.70315947914173949       0.62222941037875967       0.34408909856730402     
  0.55981897591632446       0.74260652839571373       0.36761155883365859     
  0.82075661137748512       0.50397267906999910       0.26901695788768415     
  0.91289379291645378       0.15107807873573395       0.37921014883591830     
  0.89008433088443650      -0.44021383527258473       0.11815948183979011     
  0.88044386638598737      -0.42164636113541443      -0.21687080090355074     
  0.89952439714181531      -0.43346645184763055       -5.4430635393184830E-002
  0.79002680359978272      -0.59509002165568980       0.14739577917901131     
  0.71422896317728790      -0.46278709392974776       0.52507627431713433     
  0.28436813044519466      -0.37885957645944235       0.88068166082421651     
   6.4409199021612351E-002 -0.41262973723534557       0.90861881723334625     
  0.21607041718116227      -0.32063287191716683       0.92222998013803259     
 -0.32034586524808556      -0.56583160118727283       0.75974543481113710     
  0.43183863588895027      -0.67953902030108237       0.59307850445100674     
  -8.0088268494096587E-002 -0.22494405337107787       0.97107468410143094     
  -4.3010141950438570E-002 -0.69182114097948122       0.72078681770917152     
  0.44407176250734270      -0.73232522175533554       0.51623641805341802     
  0.55451325869593127      -0.78452151078313703      -0.27756268670157364     
  0.78201988185452886      -0.61894757831790370        7.3135488503749430E-002
  0.99694998015475722       -5.4155620795955643E-002  -5.6195247180656500E-002
  0.94453769194276682       0.26573282368214818       0.19296272934791009     
  0.89149927730926726       0.28190624885165078      -0.35462361091088890     
  0.50064574674519990       0.81654113907426640      -0.28742721594393578     
 -0.32298781646267322       0.92369862591158403      -0.20605756211734561     
  0.26684637913553116       0.90808303706735671      -0.32276649103156124     
  0.66739664517449471       0.73789720311978546      -0.10044618279382572     
  0.62263624072205004       0.70942786426905458      -0.33020632510324116     
  0.58736590004999201       0.66080100673328757      -0.46727222147131797     
  0.79081936192374813       0.60671966703198121       -8.0597657801438446E-002
  0.87457774314726711       0.32963311231215148      -0.35560621825104066     
  0.57454270214537728       0.39420732318255308      -0.71728743873060341     
  0.48144706843370683       0.27867811631722877      -0.83099171342590894     
  0.77446844962516048       0.35297544809628534      -0.52498281264859648     
  0.83365684446259936       0.47229730059515113      -0.28627176865914666     
  0.96958902202973341        2.4476874958000314E-002  0.24351182918238123     
  0.99266464366132978      -0.11352193768196814        4.1589360293723031E-002
  0.96690892729058087       -5.2133694087555124E-002 -0.24973827152954201     
  0.43313158257721074      -0.68805342725072371      -0.58221947186837530     
 -0.62302048308252633      -0.61113232807866091      -0.48822408301596576     
 -0.67525171946665086      -0.48507398483677855      -0.55564228114128122     
 -0.84378739099830280       0.33374835382536922      -0.42027952021377318     
 -0.69919460484839446       0.67732842635213442      -0.22880801429643546     
 -0.85844741931826618       0.46744691816036033      -0.21109572939359511     
 -0.71630912275072312       0.51476591075061251      -0.47108098857114611     
 -0.66002201611309730       0.39548291766686550      -0.63872075281745189     
 -0.93824050201934273       0.13369747149646483      -0.31910773492039185     
 -0.89123958204304776       0.36237471975979046       0.27272068106174008     
 -0.91946882511808936       0.38103883741617073        9.6883868711918661E-002
   5.8205084874687972E-002  0.92075181182731791       0.38578267082844070     
 -0.39360669740231602       0.30012958961870678       0.86890505649089711     
 -0.20648455333265844      -0.50999355526345380       0.83502736651252851     
  -1.7790971416281949E-002  0.26149231559484565       0.96504157952957559     
  0.83926186989092799       0.41784083489782342       0.34792032196918787     
  0.70787284431719666       0.46508815181599150       0.53160986382751241     
  0.79821154404714600       0.51625839598524270       0.31037976661605637     
  0.44473265595573352       0.83363215156435588      -0.32752145060251447     
  0.31941136719425073       0.93994483227621872      -0.12033324887291168     
  0.50930441057095321       0.79606845431673645       0.32693123652348371     
  0.80527012026413347       0.56551061160611349       0.17815100777333845     
  0.72653099767690854       0.67520822632239796       0.12746199638000513     
  0.76695946629646039       0.63772464519875693       -7.1277303290760735E-002
  0.55286495056154894       0.82106586616821409      -0.14209570666993074     
  0.67160756217726858       0.57507036522717736      -0.46715881396358117     
  0.92307289501568690       -5.8923425215319271E-003 -0.38457991469523839     
  0.87480864473004294       -1.3469041841505630E-002 -0.48428134386688948     
  0.84184521325227091       0.44883405020047806      -0.29974094198972662     
  0.79036768712240302       0.57863358734024595       0.20125131242941555     
  0.98090174309781575      -0.18195500362805489        6.8732430790666640E-002
  0.87692543436762516       -9.1687196319655662E-002 -0.47180000062552441     
  0.86166664938317505      -0.41260867560696513      -0.29543978431260842     
  0.69400789020312204      -0.24929390524839792      -0.67542993503534876     
  0.84939997847491422       0.34186895110644916      -0.40205136094314942     
  0.63947213593232555      -0.40542025627610312      -0.65323028341250611     
  0.71909866781990150       0.27438424505767112      -0.63844372657562676     
  0.47533066777986027       0.68470694719679204      -0.55248271713100072     
  0.79143383993559724       0.55452458621553780      -0.25716718353503576     
  0.57883502691097943       0.60567934255366862      -0.54598767900455925     
  0.24559325294524778       0.95479857357566877       0.16746234802387810     
  0.81804900413567072       0.56940582312472943        8.1073025257208539E-002
  0.57520749318542408       0.67705209761513818      -0.45906077691120711     
  0.79745557925316257       0.58526215771652257      -0.14674060740980546     
  0.15598825894131174       0.94887422599675819      -0.27441823246935909     
   4.0463543608181163E-002  0.99659317989551244        7.1866093705199613E-002
  0.11162748670529492       0.99001307141530193       -8.6101234827074269E-002
   7.4763824207905727E-002  0.96497844727723514      -0.25144973032456652     
  0.50599743100457661       0.85926244572849209       -7.5064300286801250E-002
  0.43501420712577399       0.82825514471747463       0.35320823156859349     
  0.42132011430240479       0.62670035008421443       0.65554254819086233     
  0.61722592268107102       0.27614301192516455       0.73673414291418848     
  0.53211095629606198       0.12440713925671899       0.83748480218552179     
  0.33613909828127103       0.43436998699970181       0.83566334190306890     
  0.20838531332116256       0.49453039645425018       0.84380995975098527     
  0.54371603936192292       0.83712199308845081        5.9996976826104248E-002
   6.2747071555721415E-002  0.99782301836540899        2.0298498254813030E-002
  0.31449839168559551       0.94669990343764121        6.9642332372991167E-002
  0.21122789970179892       0.95959692835358845       0.18589381238214814     
  0.70489648573094521       0.68320627999604122       0.19065708321021632     
  0.67969014962643948       0.70537375912751188       0.20116948186825895     
  0.46574032832798329       0.66486324790548568       0.58398870550172333     
  0.28235874242584202       0.50903994197878211       0.81311246334440235     
  -5.9970249804718483E-002  0.86076878979786475       0.50545094682701464     
 -0.14878263121689145       0.92005745353994517       0.36243345711150582     
 -0.43440562898728796       0.68922025417612476       0.57988549795419431     
 -0.36699394189689866       0.64527043884454072       0.67003097492909403     
  -6.9715622822039788E-002  0.83206617381017822       0.55027776107661908     
  -3.0761966235451181E-003  0.86787296993077478       0.49677665512572516     
  0.45708607103318832       0.61869345066326498       0.63897632019810013     
  0.41851695002958916       0.72703887816815982       0.54429590497264779     
  0.88723529727252159        8.3152988205825618E-002  0.45376106909498792     
  0.94427779209994411        6.8296551377260289E-002  0.32198607488042563     
  0.89916956934583336       0.27965364426760497       0.33658271614932905     
  0.92595778900587355        2.8788154205579168E-002  0.37652810672892395     
  0.97898440676081944       0.20353537206999636       -1.2762587339701783E-002
  0.79569436226190071       0.59425388680742486      -0.11718702948279669     
  0.90871414226079106       0.38121060432607912      -0.17005023612067896     
