 -0.82489293160784205       0.40789555847076758      -0.39137305063491895     
 -0.92648144683897249       0.37283986868758723       -5.1210945902377014E-002
 -0.96034725065864479       0.23315221780812775      -0.15288296662342044     
 -0.98733893542871987       0.13249417210361736       -8.7218810729596530E-002
 -0.85667065124598141      -0.27279436498991583      -0.43783402074707489     
 -0.91814477302894726      -0.36173298819188338       0.16173874308099803     
 -0.78738893711697255      -0.61540786469356945       -3.5941922307019869E-002
 -0.53480789166191189      -0.84433563883629370        3.2830595593726475E-002
  -3.6122059163895291E-002 -0.91837497556945502      -0.39405913400096720     
 -0.54558562333955551      -0.83720545949743763        3.7727260606861157E-002
 -0.21505925355773056      -0.93971946515485738       0.26585116939421366     
 -0.54389324508337267      -0.69467464922965594       0.47075181324170168     
 -0.11478258988364050      -0.79539794490574456       0.59511937147038385     
 -0.55794284218913914        1.2117305148151569E-002  0.82979091087205048     
 -0.16959177452758864      -0.29466145731403920       0.94043248326828544     
  0.74266219939543909      -0.18282329889631035       0.64422705544693415     
  0.89929067881502511       0.29429103273282220       0.32352598512250319     
  0.15058233614264099      -0.31787268222947973       0.93609930986731094     
   8.4369179409070238E-002   2.0978071751662775E-002  0.99621371305127993     
  -1.3522247901536801E-002 -0.78885919038835195       0.61442520012735191     
 -0.37478216302405698      -0.88307101489068518       0.28235423308137036     
  0.35827261857992887      -0.93361326655305987        2.6456175099483503E-003
   4.3103338469480737E-002 -0.99609896008222631        7.6999765817020505E-002
 -0.71895025401423318      -0.64076726938561412       0.26930993063195519     
 -0.63682998654530398      -0.76299106156618546       0.11087023138250776     
 -0.25369854723818425      -0.54054764011869461       0.80215041974145329     
 -0.82956577547136046      -0.20371467597191281       0.51992398959876895     
 -0.37295658741674653      -0.36459670821435108       0.85321311772717479     
 -0.46402392320838981      -0.74297193741797729       0.48236345104047595     
 -0.48738449471726741      -0.81702403545934488       0.30810400807348670     
 -0.75525670221237451      -0.33315728659839483       0.56444090580832118     
 -0.78728007872743533      -0.11050540696727232       0.60661242376822144     
 -0.71014700973676537       0.46584969258892089       0.52789704344386990     
 -0.52210546496735188       0.41326835638053416       0.74606645083785794     
 -0.52724470675304291       0.41769981206589568       0.73995938145349316     
   6.6641120868828604E-002  0.95590919887724501       0.28600098690603809     
  -9.3102248105533497E-002  0.99530766078157307       -2.6355868174473107E-002
  0.52133316885166081       0.84727711294047603       0.10165245172832504     
  0.24321310163805149       0.92299910819669517       0.29819462345879544     
  0.93574812739543334       0.33135195307425264      -0.12075315842595219     
  0.86372394632040539       0.46706973673794067       0.18927970196580962     
  0.88005754794292868       0.36743429734412258       0.30081680379246212     
  0.94306468307882763        2.8621718896826465E-002  0.33137561880269240     
  0.94302250445078550      -0.17590755032879621       0.28242714075796044     
  0.76777900952226874      -0.53007706346578021       0.35990790394839622     
  0.37677206217113607      -0.90849176995997860       0.18079136340625265     
  0.71654274504718152      -0.51896212995886581       0.46609527157957348     
  0.75481854636706347      -0.51914788991712801       0.40091698698723705     
  0.30851409507582123      -0.52726888573718600       0.79171116909705641     
  0.27094113098148082      -0.79958579878646285       0.53596031002443578     
  0.56641941232318960      -0.51769230786341425       0.64122049540116643     
  0.72951141558944654      -0.17922471821707750       0.66006938643197421     
  0.63193772414914329       0.57457698380178779       0.52011152888820333     
  0.83765723652178181       -6.0228133352202173E-002  0.54286547694212151     
  0.98013821126923750      -0.12476649954594791       0.15415059974248871     
  0.88612775866611126      -0.41634006000826707       0.20356460830334894     
  0.70612473907424445       0.21793726637160613       0.67371448017228741     
  0.84395029791946508       0.53622134056580295       -1.4648159047461862E-002
  0.65158726974717307       0.48518928079023105      -0.58311696228945564     
  0.10457778966283655       0.64850644652281286      -0.75399129618822780     
 -0.17885199976763494       0.31363501735333116      -0.93254760632844147     
 -0.59872371962506243       0.18125127462715873      -0.78017810979567481     
 -0.33446503122990445       0.69710863721309668      -0.63417086877853102     
 -0.66342936635597305       0.17818489587646838      -0.72671288604099682     
 -0.16398244820303309      -0.15136602396343141      -0.97478104386107067     
 -0.18330520356931118      -0.25609344300179604      -0.94911292836832950     
  0.16032622070610181      -0.53074472391196226      -0.83222925987599261     
  0.22248988272879855      -0.88713365492502194      -0.40434160110326506     
  0.30378691180744966      -0.89949775721931591      -0.31403391054463969     
  0.43914855813005421      -0.88350807868837056       0.16297858382231228     
  0.83143061058282031      -0.55306847563721961        5.3276646311725906E-002
  0.42152979213767405      -0.62401650090062111      -0.65796355593914690     
 -0.10319549727965194      -0.77927140955598251      -0.61813166848971679     
 -0.34366357426239008      -0.50725055028787935      -0.79031147464647589     
  -4.4835562155472332E-002 -0.38782873491683451      -0.92064034494423164     
 -0.54425885773025418      -0.37070730602040020      -0.75256786341521242     
 -0.67206556174949328      -0.13966791461428321      -0.72720062866973034     
 -0.90344482302044149       0.35546837947182208      -0.23964491013436370     
 -0.66294180068151853      -0.11475385313472206      -0.73982411565174255     
 -0.82879444252025924      -0.26215955820542636      -0.49434010366253889     
 -0.30350472124211436      -0.27934339565499333      -0.91096221188789916     
 -0.61384602548264666      -0.76494104193818124      -0.19508526176443003     
  -6.6107205536326388E-002 -0.92350871001702983      -0.37783792808402811     
 -0.24970819543151912      -0.93500032609495864      -0.25183368983648619     
 -0.69939983853980914      -0.71471783153329871       -4.2763464337327584E-003
 -0.88985974095097842      -0.17684787789244405      -0.42056446535532965     
 -0.99338599622993340      -0.11460930623675576       -6.9978152450766405E-003
 -0.92869849908642521       0.28077141206613476      -0.24225299164499128     
 -0.88808060505382580       0.35324783865643489      -0.29415778659043607     
 -0.88028026724144670       0.29663829824904170      -0.37028687678234451     
 -0.59687345017201854       0.61494492554302294      -0.51534922434075159     
 -0.12975526790477235       0.78254052283687348      -0.60892848559510637     
   3.4436389028153699E-002  0.87026973821351483      -0.49137024519248135     
  0.31499963398089770       0.85222203861608536      -0.41772338633232203     
  0.70302694214744665       0.45869736694697155      -0.54346098679731059     
  0.98567603900979528        7.7971248776337390E-002 -0.14954340669596844     
  0.73578175826735925      -0.50541308668555029      -0.45075804597143088     
  0.88533771978238762      -0.46007225711365285       -6.7161299606812747E-002
  0.34869418030299093      -0.66805533373817760       0.65735412046079544     
  0.23672774276312869      -0.97063799580489829        4.2683215742897865E-002
  0.27793723812010473      -0.30343696205566495       0.91141478028645750     
  0.76069120058599848      -0.35666868860818374       0.54234338192471321     
  0.69825544312077015      -0.66955987955899599       0.25323685323653833     
 -0.20561780634398574      -0.88672810744224173       0.41404659301362207     
   1.5500040946061685E-002 -0.94224047355234941      -0.33457829985006310     
   5.8385026624584994E-002 -0.95928140659270023      -0.27635189818705486     
 -0.80369134667677344      -0.58630944599415624      -0.10159455110819902     
 -0.94184848780424324       -2.2985445688233339E-002 -0.33525079464088742     
 -0.55708557446047258      -0.76456766073191595      -0.32417889334590294     
 -0.17290332100754602      -0.39223583765241504      -0.90346858785775808     
   5.1166503843707647E-002 -0.63536884837368179      -0.77051178796999853     
 -0.38418002721920919      -0.81533272406241986      -0.43317231647326737     
 -0.79895310466864200       -7.1015391259895852E-002 -0.59718569201257954     
 -0.75830322184319199       0.32963021898458417      -0.56242345476908184     
 -0.94535060538579785      -0.29729557967151066      -0.13389388038474931     
 -0.61487404592304495      -0.39042111127185608      -0.68520162253417882     
 -0.76775900572767908      -0.23412441387972410      -0.59643261811333681     
 -0.66412550053809583      -0.24544117788229625      -0.70618407496542401     
 -0.42305778036255565      -0.16599237141973161      -0.89076857101335416     
  0.18993819617912011      -0.54741428509963830      -0.81502213595771944     
  0.41592017767186690      -0.82280595403961587      -0.38729932584801502     
 -0.18161749853136630      -0.73634091096602194      -0.65177998363322542     
 -0.13366597770112751      -0.55268697714114512      -0.82259984907839190     
 -0.15170828449821927      -0.70465698351801198      -0.69314005222169395     
 -0.14793626304024179       -5.4079955576356156E-002 -0.98751720009452548     
  -6.1294148205426627E-002  0.54614583595548249      -0.83544464404545726     
 -0.39224444638069073       0.71915338251100469      -0.57355270612778331     
 -0.18429573080568828       0.53481953092854506      -0.82462303687454885     
 -0.84513914333788631       0.48069794349724859      -0.23381470337772300     
 -0.87540728624151409       0.39301164144288270       0.28143193295298929     
 -0.52978193808297613       0.77972541063352685      -0.33370553200911557     
 -0.96315254418597851       0.23012047235787331      -0.13921833510670373     
 -0.69228426421378619       0.67338282251260606      -0.25941871919155901     
 -0.86116924866071132       0.37996058524048471       0.33766474323640672     
 -0.92391787304603823       0.36341517155761205       0.11960425137892228     
 -0.51860953742645777       0.42356140680754784      -0.74272463427140101     
 -0.21697618114966535       0.50883611775311843      -0.83307091059745297     
 -0.77206963337520240       0.41563043095597124      -0.48079083402585376     
 -0.12242560474649190       0.89380077244861744      -0.43143035413929831     
 -0.56274029543399717       0.38960640037857652      -0.72906118582663049     
  -6.2970339470691569E-002  0.38667443289344006      -0.92006392130846715     
 -0.63811576384690316       0.15159800553243480      -0.75486841015415551     
 -0.83506456995955514      -0.33849420830647370      -0.43369209693200994     
 -0.89595169910267869      -0.29113651762745951      -0.33542522412422915     
 -0.82971197389255424      -0.21633594459749708      -0.51456466984672344     
 -0.80815044371623779       0.19332429553984420      -0.55634393775372026     
 -0.88497918649588125       0.23521113816070915      -0.40185514797525901     
 -0.78637558728713197       0.42703624926605033      -0.44637817770547683     
 -0.40070584186195574       0.90901779669526106       0.11454900082063979     
 -0.86712536573715493       0.47426019883505821       0.15221978812280276     
 -0.79149109770404180       0.34483582665649082       0.50460885337991113     
 -0.62849130164102573       -8.1509711173408411E-002  0.77353400102776071     
  0.14450439780069874        9.2532317588924495E-002  0.98516813246159141     
  0.12349326782499948       -6.0657312088072124E-003  0.99232687140217590     
 -0.22832044592077769        6.0284706343437910E-002  0.97171782331889245     
  0.49082498166108340      -0.26654560334036237       0.82948434507067814     
  0.88161947308438160       0.42939445409941462       0.19587625549587978     
  0.68741653976289563       0.71333968617584742       0.13640012091988282     
  0.59884466729276453       0.43561972866893017       0.67202716942801066     
  0.89103573249829993       0.45180673190243120        4.3886221287589733E-002
  0.75552524029055979       0.37739381961661905       0.53549557999961017     
  0.67656324577293137        4.7282387206624643E-002  0.73486498782379095     
  0.66459517534562096       0.22637727151598608       0.71208607895978848     
  0.60428625497413202      -0.16519174560530575       0.77945481538909678     
  0.60365009108767231      -0.15871979139666759       0.78129033998178565     
  0.59055958563490596       -6.7335695098304449E-002  0.80417988036279708     
  0.39042375566953286      -0.56512523432086181       0.72677559159807625     
  -7.0486152882219211E-002 -0.90005936210445336       0.43002889082014106     
  0.15258855999853149      -0.68855444287955314       0.70894958251517148     
  0.39819669137707542      -0.37576189007863903       0.83680487387497560     
  -4.3302847364586755E-002 -0.66212270057330724       0.74814329696634241     
  -1.8572097257458460E-002 -0.75799224254587982       0.65199910846851861     
  0.22704625986071186      -0.74393502038189196       0.62849875205338657     
  0.31383311132593722      -0.87393944395993717       0.37113154881599819     
  0.26588200261507189      -0.94032016474350244      -0.21237878533924109     
  0.41746714356436992      -0.32432889436522233      -0.84884153546116836     
  0.14219999009515558      -0.89235869665108480      -0.42833995765999444     
  0.35613229765140830      -0.85683533619530405      -0.37283105184071808     
  0.99885301421002848       -3.4769691889539905E-002  -3.2919971589972251E-002
  0.69409336360675067      -0.12441772802699552       0.70905192443831377     
  0.93109170892517423      -0.26203224717053519      -0.25378599451816108     
  0.89152628667222611       0.26460624875902239      -0.36764713148637285     
  0.59450287582352057       0.45489125380402484      -0.66305375185590654     
  0.13548709439017970        1.0587965333628269E-003 -0.99077854549017697     
  0.35198569205340846       0.17296000424593500      -0.91988635685118192     
  0.66980543120504465       0.61037662359426870      -0.42284874565016550     
  0.57912386242093028       0.75380779813239085      -0.31046635155759450     
  0.43002501264430204       0.69091743725285548      -0.58112957539627130     
  0.61061009116221432       0.78659947494510218       -9.1741934724477947E-002
  0.81247209917304064       0.50439129294625928       0.29236708375835363     
  0.84147616334885011       0.50886481666513927       0.18158872452894928     
  0.24598509165261909      -0.41915351482298735       0.87395747361996645     
  0.39498321538396047      -0.87232233338720333       0.28817009948789973     
 -0.10594438112171869      -0.57900699627084040       0.80840997419511362     
  -3.2717801789256339E-002 -0.99196718441973530       0.12219104091726685     
  0.16453929284862989      -0.98329172690408140        7.7872979337690162E-002
   5.5786835914585262E-002 -0.89602724070675377       0.44048043412858034     
  0.38111183912981744      -0.92349573011533936        4.3696710790019300E-002
  0.17418712896150221      -0.87770346444241321       0.44642521502484861     
  0.59492423042118547      -0.41499305402801845       0.68836467454853878     
