  0.22931721585567386       0.85716387002246208       0.46117644610319886     
  0.55490994481999401       0.81594926335685014       0.16217815132532853     
  -5.6557276138083486E-002  0.93989444064393812      -0.33674874159004087     
 -0.66397393552665884       0.65300887204081193       0.36430485307942684     
 -0.71444336312003098       0.66567996012557373       0.21550144217837919     
 -0.73648326578909351       0.66164968362557230       0.14075544526175449     
 -0.48262446299495237      -0.11681735050139830      -0.86800192070103921     
 -0.20888446853711723       0.32229340378178389      -0.92330614678050893     
  0.37161555263422225       0.54289849969932036      -0.75310231712871767     
  0.40330865304566010       0.18265098237893534      -0.89664973596969455     
  0.66320093248232648       0.55988016678294072      -0.49668775100430207     
  0.57315903222863462       0.24732859726789017      -0.78122806449095006     
  0.75337153006567803      -0.49091834175292243      -0.43752773559746250     
  0.76054015898220140      -0.56623885113411354      -0.31772980666228789     
  0.39818300955121594      -0.86911152991390306      -0.29342024380649151     
  0.38078375660191000      -0.67256058829817666      -0.63455967865614205     
  0.53206989132009508      -0.81499823372014768      -0.22952017293411009     
  0.66281845137739448      -0.70095203648136506      -0.26332098865514397     
  0.81174053686186709      -0.48373454019781692      -0.32722804805646849     
  0.65919059842292127      -0.19118839669335602       0.72726525554345023     
   7.3400613172655754E-002 -0.17314215287392021       0.98215790221536947     
  0.62744735641723737       0.62857859309863107       0.45956367047795144     
  0.41651906079535284       0.34935389647226373       0.83932337451887484     
  0.32693270685018405       0.67144491497064251       0.66503889461571286     
  -2.5206194279707383E-002  0.58648899708018143       0.80956488564771567     
  -4.3350996359165757E-003  0.99987634293028149       -1.5116406966190724E-002
 -0.50539540126477556       0.85430371161946150       0.12141110613807490     
 -0.58095148554638332       0.66002883496143105      -0.47629540041965812     
 -0.88204440510914395      -0.28931005539946958      -0.37188352915989964     
 -0.97079237023514320      -0.22421292265678169       -8.5385825562356202E-002
 -0.81550990389727707      -0.55804804178211720       0.15338181022747532     
 -0.89342278124574648      -0.44921186670714169        2.1054122235160677E-003
 -0.18211400021135199      -0.79926322884335343      -0.57272400154522796     
 -0.35112375881142266      -0.38830370018588989      -0.85201663271329620     
 -0.71654292748627268        6.9298314429003499E-002 -0.69409219609984041     
 -0.34433719983927835      -0.22766510053747296      -0.91082407456330772     
 -0.41111210928073350      -0.46811821367190126      -0.78220980026549836     
  0.20985677473502734       0.13869558335255883      -0.96784485805129994     
  0.27455244906912352      -0.43649009875999201      -0.85679480997183477     
  0.14430905708529876      -0.71099260189010149      -0.68823282114467477     
 -0.20484361179711980      -0.57364608432563291      -0.79307582528016751     
 -0.41877415923353156      -0.90767769841587242       -2.7375159483608247E-002
  0.36819494979391892      -0.85750523744463225      -0.35932888375598820     
  0.20778261451440974      -0.92943893694645230      -0.30490924484747239     
  0.23788008716739767      -0.94153652719935499      -0.23858338600716339     
  0.61966175548564473      -0.68007744178432505       0.39180860373985515     
  0.34830590248295301      -0.72619924175654404       0.59272055774012566     
  0.27325371148035094      -0.91035517168231417       0.31078267415264432     
  0.14988817458731879      -0.96694474037681422       0.20627991704595353     
 -0.20431464039939354      -0.97443471127503278        9.3447959746610854E-002
 -0.87430639939451726      -0.37356177357321918       0.30990308372557246     
 -0.78144200777413142       0.46468943567355697       0.41642780509869981     
 -0.70666853280425446       0.53868989688630586       0.45872952786675847     
 -0.24095240450886141       0.27304921757451284       0.93133563420678700     
 -0.56401334019580107       0.33665900938807025       0.75402232293147964     
 -0.87321884146703466       -2.2064436393090189E-002  0.48682852787568992     
 -0.50925125735897148      -0.24762186108796988       0.82422483024334159     
 -0.70233809204745212      -0.59557372774165707       0.38988862420318765     
 -0.62549484625737617        1.0448855558921312E-002  0.78015832926589890     
 -0.59272427857964027        9.7415452443752965E-002  0.79949243849295992     
 -0.82376993847876956        8.3298616645337983E-002  0.56077128040197477     
 -0.71180314614169204      -0.52042242916406789       0.47169563954495242     
  -2.8854776810049290E-002 -0.49658917286644333       0.86750596265795576     
  0.42450381607169330      -0.77302216359355524       0.47141621178504634     
   2.3921662423398805E-002 -0.99558281239776325        9.0788863442096190E-002
 -0.10992217912245451      -0.99135187162086025       -7.1683897569654653E-002
   4.6401569836083442E-002 -0.82025073634391965      -0.57011895587149586     
  0.15567477127251117      -0.94023594851846537      -0.30285595041684260     
  0.35067050339554773      -0.90028184506527698      -0.25792013782216211     
  0.30512443289372287      -0.78057393892756410      -0.54553038991285618     
 -0.51401511578731607      -0.75301853577308775      -0.41079379927687892     
  -8.3306703854192782E-002 -0.11207330422845091      -0.99020178124068947     
 -0.45717948510851081      -0.19961810672911498      -0.86668306194470379     
 -0.83836211475271827        8.0361298423663255E-002 -0.53915770073613789     
 -0.55132720873546737       0.72788086461282475       0.40771038230397427     
 -0.86805653998820353       0.14577565371060466       0.47458118606729294     
 -0.98108726370145261       0.19207067083493157       -2.4013296479916735E-002
 -0.82979843204679993       0.36907282973784744       0.41859265225515857     
 -0.27397687117227382       0.84428242340546378       0.46056906495254518     
  0.21665602705109846       0.97524057571869216        4.4339434078035658E-002
 -0.48695459709216732       0.78670137287020758       0.37944191952784584     
 -0.64073639168677932       0.68197072354323895       0.35266529259080398     
 -0.68356009032456377       0.32579891084829271       0.65314674660869565     
 -0.43811373997846020       0.57605121090956635       0.69008793153609316     
 -0.85889159277933491       0.26588562728055232       0.43773286952047863     
   2.6048956457021117E-002  0.54112549070951244       0.84053831273293500     
 -0.52051254615921916       0.35529727193069865       0.77642162376475654     
 -0.23353850163382178       0.31660675765135687       0.91935843350899538     
  -8.0745115039770332E-002  0.34511916321893160       0.93507913546197130     
 -0.14411825265263997      -0.53456034039468392       0.83275156663287786     
  0.22711097726895108      -0.62799386091356701       0.74434153092434885     
 -0.54137723638765034      -0.63077891695997357       0.55590345010631204     
 -0.35244831063387205      -0.71057896337579418       0.60898089061903893     
 -0.45488095623267133      -0.31271807961367365       0.83384094306983592     
  -3.7384174990511207E-002  0.30481226114216231       0.95167846929396438     
  -3.1902607694876309E-002  0.25954185615393999       0.96520477025679641     
   4.0743958212252171E-002 -0.43208071671718984       0.90091408253531269     
  0.18766819210860594       -2.6607654133256504E-002  0.98187202954981623     
 -0.29322996467024431      -0.52060368050092531       0.80186532264988541     
 -0.19636473784894717       0.18699486774397345       0.96253509503135337     
 -0.60152323877783886       0.57179863538448239       0.55786746972979850     
 -0.62202919426027092      -0.12511357457864758       0.77293355144156806     
 -0.24266436530829505      -0.79277920567816573       0.55911996642388817     
 -0.15649514909491657      -0.95873015711601217       0.23737260614088584     
  0.35596670866341862      -0.39700064139970415       0.84597765517277124     
  -1.6108485690400715E-002 -0.82434250275565191       0.56586213412753383     
 -0.45734933034771552      -0.63044284394458783       0.62719487446055244     
 -0.17555647480430889      -0.67182407986904680       0.71960567664689457     
 -0.30093377972562385      -0.93553011744681536       0.18499259328419010     
 -0.38006296024096431      -0.75165221261753024       0.53904647064987765     
 -0.40615464429824816      -0.76615641893646902       0.49803890072707274     
 -0.26575451424665925      -0.78839433651217816       0.55480528864914835     
   1.2807680995414433E-002 -0.83001267172485549       0.55759746061445747     
  0.54391592091455676      -0.16034193003222494       0.82367829669669679     
  0.12396888118924036      -0.98268029201213314       0.13773583479837975     
 -0.63638114726629824      -0.75364860746324025      -0.16441658028532605     
 -0.37237971062501041      -0.91966489216822589       0.12469898647581512     
   3.8792093104547273E-002 -0.95086892117154898      -0.30715381857080060     
  0.21387431862072045      -0.97652611110854726        2.5583787010108081E-002
  0.42910749420899369      -0.86139123891494318       0.27179384086893954     
  0.29863720747380029      -0.79441019227755139       0.52889343417911305     
  0.27885903196941153      -0.87442128137772934       0.39702022991632269     
  0.12740325172567155      -0.66900125069111005       0.73226070359090945     
 -0.73713547455545558      -0.53604838406654676       0.41144066655054623     
 -0.50759687816441401      -0.24994570491736015       0.82454384593609920     
 -0.83300484904353767       0.19877825761865811       0.51632366376918060     
 -0.96035375942729850      -0.23432338564556374       0.15104041741697247     
 -0.91613084502953668        2.1826219858798721E-002 -0.40028476227826637     
 -0.83508244701646339      -0.22231353007116053      -0.50320373710087130     
 -0.50895218605372960       0.47708594967934531      -0.71648912687470223     
 -0.45483438552257760       0.57154862347774649      -0.68297719782366917     
   4.7456590522865869E-002  0.84196317995754066      -0.53744383484394298     
  0.18166498964231712       0.73905923302557630      -0.64868272800961624     
  0.46663924076849633       0.70623588600447829      -0.53242717088307800     
   4.4224009823446937E-002  0.80828638966108390      -0.58712634862002655     
 -0.21110549224886382       0.91474821222457403      -0.34448538339732004     
 -0.21804959692208456       0.34035315049988440      -0.91466611734935643     
 -0.41581991325020073       0.14458273182167142      -0.89788063427364850     
 -0.14480667924288126      -0.41761464391403902      -0.89701116762013466     
 -0.40238910264204636      -0.69965510547911103      -0.59039456590653439     
 -0.51166937785388278      -0.84482074751119718       0.15643641628877208     
 -0.64937888456060022      -0.59342996200463194       0.47555014928185096     
   2.3042863785125423E-002 -0.90713872092239312       0.42020038961416895     
  0.26734288402859108      -0.94817730778901066       0.17171946701887619     
 -0.54087281271976639      -0.73863512433179879       0.40233661722986469     
   4.3955003427335805E-002 -0.57677015613107618       0.81572308087381296     
  0.35368411072653400      -0.48148580291235449       0.80192204821505597     
  0.26230178345491273      -0.90949184091025992       0.32252498463546703     
 -0.29297097533309402      -0.95399798451679174        6.3685580395410710E-002
 -0.20991157689299789      -0.97693350712031946       -3.9218013105522885E-002
  -9.4021809105061360E-002 -0.64592507636714980       0.75758873746427524     
 -0.46855189745106041      -0.74786188177270285       0.47027834862602247     
 -0.30531508048524619      -0.86919863421020394       0.38894271546772913     
 -0.32449663653809852      -0.29081720075711459       0.90007071312164511     
 -0.27883263977783612       0.48016557594965747       0.83168105585464303     
 -0.92805308674328046      -0.17685581312316717       0.32777963565611234     
 -0.99683225887693272       -5.9470732008487306E-002  -5.2807951074908266E-002
 -0.89845925270853333      -0.37423065410553247      -0.22961356395079058     
 -0.70003485632128226      -0.57070970446200509       0.42923377449605593     
 -0.81113932366529662      -0.39499038934059755       0.43131843217328308     
 -0.92258987613095278      -0.21734169170543394       0.31873266150075419     
 -0.92969331483991269       0.36646451803807356       -3.7068819257725663E-002
 -0.94826788923298932       -1.3861953483908066E-002  0.31716849858592344     
 -0.95799946171617345      -0.28379880156347748       -4.1173675846644366E-002
 -0.92919783556614299        1.4474334183131852E-002 -0.36929916873611857     
 -0.50738897149419604      -0.51679215539583401      -0.68955224582868568     
 -0.13120743256251813       0.40837933917764169      -0.90333323030500989     
 -0.42396554548509968       0.29369709892972884      -0.85673521599255420     
 -0.86491656751995050       0.32563063446206336      -0.38194766805072433     
 -0.72504281257460623       0.61964688290638825      -0.30058386589830544     
 -0.81017855390124982       0.43296315056635559      -0.39516277791591081     
 -0.77615960383988425       0.56670873566725333      -0.27643711452260777     
 -0.92469473798243784       0.17687243280281095      -0.33712873514734149     
 -0.97527344094034552        1.6180029226633402E-002 -0.22040853443256858     
 -0.23753438846646865      -0.27203728256115128      -0.93250905153391550     
 -0.35243093331163772      -0.82474362958993441      -0.44225601487824306     
 -0.43838440643387822      -0.80640607813242138       0.39689841187238373     
 -0.29164657476943490      -0.81378150301570162       0.50269467947734703     
 -0.46814879124752057      -0.77130422895313167       0.43119194757390999     
 -0.31015325087141771      -0.89666997665409232       0.31589225052391245     
 -0.47211022308366107      -0.87620312808645384        9.6850480594868948E-002
   8.1147136649866558E-002 -0.93868900320810422      -0.33507924058317579     
 -0.19490470161422305      -0.84571621771052885      -0.49676577618642748     
 -0.45630358120013909      -0.73643156517613639      -0.49945529489257162     
 -0.58843907746970536      -0.80013882029752958       0.11626401145475733     
 -0.38147682031192531      -0.78116709794131911       0.49421999216815837     
 -0.34988332250432186      -0.93193617679973983       -9.5271312603828359E-002
 -0.17843788042011252      -0.97174991824962009      -0.15447336085250429     
 -0.24117458128425190      -0.97013880634868388        2.5797630875862759E-002
 -0.34069401695986251      -0.91457195305529826      -0.21791220592807908     
  -1.4578602729164046E-002 -0.99988457133010877       -4.2788267672496799E-003
  0.26317327105140853      -0.74240390128315081      -0.61609761950826114     
  0.39086329096624634      -0.28389032085000765      -0.87557533856476355     
  0.52004433118855642      -0.33696509172653361      -0.78486203918678132     
  0.64384794908464160      -0.31182265872025794      -0.69873202872647677     
  0.63809946148245611        4.7645715853404380E-003 -0.76993920286838491     
  0.84518354359598269      -0.25407461794579439      -0.47022427218330959     
  0.79217393798387858      -0.47484221061634085      -0.38338665469238453     
  0.89075242509472730       -8.3996995221628096E-002 -0.44665940265678844     
  0.62000303301150095       0.28084071414828810      -0.73261499597902680     
