  0.95285010711764162       -5.7181545111952829E-002  0.29800494000027267     
  0.79111401309816631      -0.25461032310466108      -0.55615843214705696     
  0.53282447276583711       0.31358081340057398      -0.78598037805587639     
  0.67058617599911508       0.30604809295929913      -0.67575790439687577     
  0.75613067235823961       0.35118860084186138      -0.55220736409235016     
  0.84714780080029040       0.35420712769024315      -0.39607816689724690     
  -1.0586874982331435E-002  0.74859257127752610      -0.66294575970153125     
 -0.44826839058505086       0.84459046865293452      -0.29278386270909418     
 -0.68368330023898760       0.37092749042989648      -0.62848225258774404     
 -0.99643010783627484        7.2278898819533033E-002   4.3621107079577524E-002
 -0.90223337827070738      -0.22897075068396108      -0.36544127635706780     
 -0.94412310468282168       -8.8391385540369211E-002  0.31751933195691995     
 -0.40591630302125287      -0.59287008526013185       0.69551205377418635     
 -0.23895349089513951      -0.60867572991967278       0.75658118202595426     
   9.7929262846556064E-002 -0.13694224124373428       0.98572647425210325     
  -1.7719771599769507E-002  -1.5619281791105055E-002  0.99972098494070893     
   9.2558467769769504E-002 -0.74743873707693376       0.65785124789802762     
  -5.1045565442037089E-002 -0.56731852587190024       0.82191486204549102     
 -0.33492029573751197      -0.89015254596010895       0.30896090436148133     
  0.42648235999896589      -0.90212543462816308       -6.5440788554912074E-002
  0.62333499293074701      -0.74809672663877469      -0.22760662156538547     
 -0.38668578712742346      -0.82368147261031766      -0.41475647519013348     
  0.10009568241747871      -0.91220913785704261      -0.39731013474543997     
  0.29007242786722698      -0.73605900371091082      -0.61161681602726137     
  0.64909129855622894      -0.72076592974058551      -0.24326315106024435     
  0.49838927542021827      -0.69584758399378643      -0.51711146767033900     
  0.67046027343189563      -0.46535708444606771      -0.57786313752091845     
  0.10369279417462607       -8.8567453524087542E-002 -0.99065817041628057     
  0.30587834223109289       0.72259990286233777      -0.61990952576751879     
  0.78220552419967504       0.62284213199202265       -1.4906257986860461E-002
  0.77425297905633872       0.63259014625977339       -1.9027119526647845E-002
  0.37512543185048275       0.92672357703731145       -2.1548135468939772E-002
 -0.18503062595679029       0.82663747797909326       0.53144533816608819     
 -0.69814409997424343       0.71491697691260703        3.8581495477905653E-002
 -0.74372555690620878       0.64301037871193756       0.18278388570461540     
 -0.66330218865814727       0.72475663825264147       0.18643503380545517     
 -0.87867411896842162       0.46458620505515136      -0.10996113280401117     
 -0.96265286750286294      -0.26280490667946060        6.5061799189318731E-002
 -0.83155547638425964       0.55470490938594352       -2.8599881092623902E-002
 -0.54637141037921677       0.81169995791144423      -0.20644965547766869     
 -0.33884300965394043       0.91379589896641245      -0.22396979671568612     
 -0.30538182000327219       0.95220369978517805        7.0751768135389193E-003
 -0.67693760460671271       0.58779527365361273       0.44300360691516211     
 -0.73047903019657112       0.46887253398737827       0.49654701017666047     
 -0.58491823648786534       0.68519879039156251       0.43401990077633301     
 -0.42318823916137838       0.46594419147825306       0.77705065772008119     
 -0.91303193602665278       0.29381157134662611       0.28292657057663673     
 -0.55103001093736648       0.81036086132509166      -0.19920140932938529     
 -0.34486272079082003       0.37378641067757967      -0.86101882848257982     
 -0.10189278788123063       0.39199165572582789      -0.91430870148932897     
  0.46750554061894078       0.82720843626252349      -0.31171264405970150     
  0.90138673128920432       0.42224581192724597        9.5971011069259538E-002
  0.53014342635480460       0.40061350283454550       0.74729965130420006     
  -8.5736783146761475E-004  0.42171744441439440       0.90672689493419500     
  0.83680544609696483       0.31796441650522900       0.44570761180275309     
  0.93984304776687200      -0.15101085959092483       0.30641600129541069     
  0.87389255945311151       0.38915936577457427       0.29131903913484025     
  0.92633499581705436       0.25815746383801563       0.27433227916040109     
  0.46521534953443533       0.50494776830337673       0.72705050020131234     
  0.35997633389266548      -0.23151221991482587       0.90378046619037788     
  0.68238389536573629      -0.18598434763522870       0.70693849929127062     
  0.98888791192906400      -0.14644392140460777        2.5590535832185596E-002
  0.88886091958478919       0.32919244487151861       0.31868260052038294     
  0.12592241212860442       0.84412730741047137       0.52114550272233418     
  0.46464437182632412       0.84566608269231569      -0.26259185881134606     
  0.20881241245702467       0.95173121591387111       0.22495570465974712     
 -0.21762217712776410       0.97588591000089098       -1.6949297445685498E-002
   8.4486199089057641E-003  0.99737295948826754        7.1943036517094786E-002
   8.6802033386844696E-002  0.98326042149335846      -0.16020096917508242     
   5.3403701526470122E-002  0.96856897428552424       0.24294482236680873     
 -0.28596512382771588       0.75546603613534913       0.58948707890857788     
 -0.18638885106543546       0.56604192801217801       0.80302909781073861     
 -0.54537784388448118       0.51256937082589782       0.66320106113538879     
 -0.96620801728612093        2.5832025056597610E-002  0.25646593109721200     
 -0.67642583591672722        9.8095364503334545E-002 -0.72994889407911234     
 -0.49314031000594538       0.47440664857356007      -0.72921256601660644     
 -0.46454712219274841       0.74038753305821803      -0.48582123477099270     
 -0.79910963316757588       0.37065312188695693      -0.47332869912383907     
 -0.97629830594547484       0.21634606061277195        5.9999887785174566E-003
 -0.81374527992258117       0.11072067109553296       0.57057826141198886     
 -0.99902376237548007        1.1430992089973217E-002   4.2671473246424174E-002
 -0.90590251073207628       0.22660134315591518      -0.35776035600565725     
 -0.82131727790579900       0.40123315927306180      -0.40552420508910159     
 -0.98113175351338200      -0.17780496824845943        7.5933362324977216E-002
 -0.93922608973101696       0.34263309677698228        2.1375531844187778E-002
 -0.92534537127190153      -0.35207549711146008      -0.14063707974579459     
 -0.92791400976673122       0.34297419914703708      -0.14609684869335071     
 -0.91472707063126646       0.11113172513426552       0.38848954416176457     
 -0.96143807767743705       -3.5269401186467500E-002  0.27275060427411546     
 -0.84008099742196307      -0.24093978918797429      -0.48601639453481149     
 -0.42498938105858347      -0.86997131324217358      -0.25006787103328637     
 -0.76153088637792277      -0.56083275661857601      -0.32486509230154720     
 -0.84985620052690947      -0.41632720965655712      -0.32313479064563722     
 -0.76168127501921767       0.11858051341664855      -0.63700886738172646     
 -0.94770857842725209      -0.29807796176550683      -0.11400867986754301     
 -0.92419836465879135      -0.16360989584626268      -0.34509300882984006     
 -0.70849771295509201       0.34508039804163049      -0.61558956263481035     
 -0.36636466654113953       0.70267353197014137      -0.60994002867402530     
 -0.49754941846872541       0.77453650642398841       0.39056084852168349     
 -0.87327108477703619       0.36489154456446898      -0.32288043173562331     
 -0.88515091056177764       -8.1041512596140203E-002 -0.45819225088149573     
 -0.76709568112217341       0.27165037495412020      -0.58118008378728914     
 -0.34845098984600142       0.40725975258761221      -0.84422828760806934     
 -0.17575364749639275       0.34678940874869713      -0.92132934468163918     
  -1.5675950685363260E-002 -0.36127739010805848      -0.93232661228074187     
  -1.1865660801161304E-002 -0.10636609788829395      -0.99425623423432985     
 -0.16503568935054058       0.33909232770116726      -0.92616392422444882     
  0.28955497717294271      -0.21197099380669637      -0.93339499301154694     
  0.13968807695199179       0.30472724313430966      -0.94214040803334220     
  0.31441580503295802       0.40944240659249231      -0.85644592195261948     
  0.68507781408550272       0.11077636779699404      -0.71999790623692705     
  0.35258930723227949       0.12872561022342172      -0.92688213797553010     
 -0.11447655780435245       0.41131387948063908      -0.90427651205804249     
  -9.9029719802406491E-003  0.11197514219457831      -0.99366166207438433     
 -0.93452805938944150      -0.10399352356106269      -0.34035665598182563     
 -0.88676004403772746      -0.45418003344402047        8.5890171259422221E-002
 -0.68682057953412645      -0.72385818324149465       -6.5626382520982934E-002
 -0.81201282725148727      -0.56900762757430312      -0.12986719424594892     
 -0.29980668123142540      -0.95109503948106833       -7.4392067880570817E-002
 -0.44905406048411989      -0.75247164403005817      -0.48180584854634367     
  -5.6084522220600223E-002 -0.96532833899455628      -0.25494259020665633     
   8.6914141320421953E-002 -0.91689513683722601      -0.38955004823870826     
  0.23839261690513969      -0.92847530802602107      -0.28478511651964034     
  0.67395464670150051      -0.71287467722744180      -0.19389385951426411     
  0.63922201001354262      -0.63788141325315684      -0.42953757058073133     
  0.85447001755287466      -0.49961368027908293       0.14236277456264396     
  0.60658095110477273      -0.79350957112155029       -4.9011328235030974E-002
 -0.13813905896564643      -0.68133213844154494       0.71882133907862422     
  0.65508363829038019      -0.20986275424058690       0.72582577194998055     
  0.56840831027216876       0.38519867973497940       0.72700341811022895     
  0.50105845355598344       0.77151820031772345       0.39204603390248838     
  0.57259067575694078       0.81984013110786358        1.4413401003649517E-003
  0.49926973106549005       0.85871355371340363      -0.11550224374783102     
  0.59295812178303109       0.80376189816312349       -4.8656724847072730E-002
  0.58436859829516707       0.76151199456772645       0.28037978432142668     
  0.76422778853650208       0.64462268199313200       -2.0432451851889688E-002
  0.93062989302743748       0.35577433536564523       -8.5747446019740048E-002
  0.90555978047594743       0.30555536277080803      -0.29427436902732146     
  0.81828961092953056       0.56430867935510653       0.10935184977555082     
  0.81025423721753775       0.30168461028231069       0.50246837411907075     
  0.95232397635596966       0.23926268274357140       0.18929451313744106     
  0.77679410670609261      -0.20400898987452518       0.59579463562291601     
  0.29698814846548927       0.38317524013471216       0.87462836394595900     
  0.37548855041774987       0.69297948842724977       0.61545737230475506     
 -0.68535154084568684       0.45465880560399202       0.56883972782077707     
 -0.37249181377205415       0.89019984006616459       0.26228628141596055     
 -0.48230045696100776       0.87551681647616053        2.9267273235864727E-002
 -0.63975780058735854       0.69679513277990657       0.32432468225827615     
  -3.6487860639164316E-002  0.60936393358264085       0.79205065019523790     
   9.2608495015065240E-002  0.79944270428065733       0.59356131041665361     
 -0.30068338796668925       0.89551488908867283       0.32808929214680427     
  0.65102145311642001       0.75898641232848207        1.0521097041162303E-002
  0.30217766115437544       0.90408884561022984       0.30217878870371334     
  0.42833792516962899       0.74341964114543579       0.51366707021243163     
 -0.15545063557659361       0.44012002687108759       0.88438083529996714     
  0.24179038575309533       0.72359855403772355       0.64648475771044389     
  0.27100212665544698       0.83206974121524635       0.48396052845482002     
  0.35933722000388918       0.93320376395702498        2.7381118195157622E-003
  0.21045303031194526       0.34853026345589178      -0.91336530341801936     
  -1.5786891613385617E-002  0.63747022697595845      -0.77031323743816094     
 -0.39786910456898539       0.84804249664128628      -0.35003442619255470     
   5.8858297203499270E-002  0.98133306614157600      -0.18308772254726877     
  0.54229660841308569       0.80966483595939964      -0.22440419317502608     
  0.90563907806750421       0.23853863218508242      -0.35059546664550889     
  0.64702941257983104        9.2811885023818375E-002 -0.75679514616239874     
  0.64338678403424532      -0.58899704418172028      -0.48901526364241626     
  0.96960005262905757       0.10745044948081060       0.21984116731904660     
  0.96285852424209217       0.26676350283394906        4.1721647260431233E-002
  0.67118213510742963       0.65417721359246817       0.34866418618646428     
  0.15664947679507207       0.87515313516548809       0.45778590130093522     
   6.7002071451178563E-002  0.31297236819516433       0.94739591468806950     
  0.62217127287111151       0.32143314266650391       0.71385127443293106     
  0.49428701682823473       0.67663122490410943       0.54575684189924800     
  0.66603146773010102       0.33337619686109859       0.66727984785981542     
  0.47282564598426902      -0.84204843480084435       0.25959649833747717     
  -6.2842179962290856E-002 -0.99802347273084413        9.1081961551719992E-005
  0.49514243361183524      -0.37055391738431825      -0.78582680327677956     
  0.14688140147674866      -0.49293027881402263      -0.85758124637181010     
   6.0941996218423770E-002 -0.66862270318470662      -0.74110036694294590     
  -7.3693400881432489E-002 -0.38193835203929333      -0.92124501513335466     
  0.14790583157838599        2.0915105893896252E-004 -0.98900142630887389     
  0.48438452506409513      -0.28019616234903966      -0.82877122445425022     
  0.49261954754193205      -0.29123962378757051      -0.82006430413455611     
  0.89275836326610036      -0.19012812408084570      -0.40845293639782315     
  0.70210359544893830        4.6836787315592404E-002 -0.71053279770303301     
  0.57085789570940071      -0.61636762620467589      -0.54241332235952866     
  0.67002585420061689      -0.68738581062708948       0.28029645386859126     
  0.61976770931113001      -0.78322855215058529       -4.9406695815072281E-002
  0.72169857771215773      -0.67362386199709023      -0.15931746758113086     
  0.76539836220612423      -0.63354854854184728      -0.11305566669907212     
  0.93648599967759949      -0.28406417607061119       0.20567332418474393     
  0.76376802318754633      -0.64330563607626945       -5.3068496763884726E-002
  0.59001962324290080      -0.77531395756751753       0.22531114350909986     
  0.79827134447450099      -0.40817016166731562      -0.44289951424155094     
  0.45017466504092402      -0.87453986510764226      -0.18034077545823607     
  0.70741914806422146      -0.67493584780184546      -0.20980884229289212     
  0.87837845025209038      -0.47627659150142071       -4.0148555647837328E-002
  0.69766026113890023      -0.70546426805785722       0.12486122905571531     
  0.54385768363602849      -0.80802559271509300      -0.22652474802455466     
  0.59021582818366269      -0.78627334625584133      -0.18281001375537859     
