 -0.96627084073309089       0.11705651072246331       0.22938708692189780     
 -0.85956957842390125       0.43877068101544414      -0.26195501394213816     
 -0.68073824373886727      -0.19622975738103993      -0.70575443734313392     
 -0.15881558785786082      -0.22320544101071677      -0.96174681707639564     
 -0.39390757942524335      -0.53354883959735422      -0.74844001405301486     
 -0.36846955660226233      -0.85511930691926719      -0.36469323655816860     
  0.22953769292419457      -0.76278219292264937      -0.60454592355518344     
  0.76187194249553503       0.22425590632346862      -0.60766802755869964     
  0.92400227303069360       -7.8576692214713403E-002 -0.37422653951152812     
  0.53002965557223281      -0.80500338088547274       0.26652977502892827     
  0.78315566536265235      -0.61756489169643070        7.2669170591094789E-002
  0.66673117937757265      -0.60388294702648537       0.43680077923059496     
  0.57322525555334325      -0.24394031113803069       0.78224416328770419     
  0.38901306039210948      -0.67299341073389418       0.62908561257840312     
 -0.16211969485678465      -0.84075594639163098       0.51657201157890531     
  0.45517392271410989      -0.57434704072381859       0.68039854268869049     
  0.60412823706820695      -0.56533790461556765       0.56162454253868643     
  0.13390259443848371      -0.74582638483526709       0.65254356091086463     
  0.23076698120991668      -0.71855644454023038       0.65606648778382703     
  0.48479316104560949       -4.5232289280129984E-002  0.87345843118600708     
  0.23366770884117444       -7.4198273405810089E-002  0.96948131393470149     
 -0.12203673400249472      -0.89766201117923805       0.42345005518911127     
  0.13389538545595270      -0.74866811302768854       0.64928274448742285     
  0.20970518835591254      -0.97760689886205698       -1.7563748857903898E-002
  0.14902732634171953      -0.94375075026113975       0.29517008213056706     
  0.67009093953673193      -0.66443268640927156       0.33091892962143610     
  0.30260913060561578      -0.66748637150132883       0.68035994733240412     
  0.70341419284183737      -0.63599318323009768       0.31736594680832064     
  0.97017687827846855       -6.9069544902732108E-003  0.24229964678789082     
  0.60989814301215983       0.34056897790787038       0.71556762534168683     
  0.34981361835029212       0.76030260376251213       0.54733023224437960     
  0.17569205582740433       0.98328544150539632       -4.7770723698904734E-002
   9.7507103427338371E-002  0.68030493329537312      -0.72641418110831490     
  0.79298728653744011       0.56770934313458554      -0.22108203253027317     
  0.79041483573641091       0.29533554034062737      -0.53667616498173187     
  0.73779872476532771       -7.4671047777022978E-002 -0.67087798917429475     
  0.42489320009032172      -0.64561599255795921      -0.63454374054940810     
  0.62636668935696993      -0.75021703836431985      -0.21175260520689010     
  0.44333444732037908      -0.23903816291944058      -0.86389543608429531     
   9.6743917641724492E-002  -5.8651574130017405E-002 -0.99357969345768848     
 -0.11416626760838562       0.18460067780206726      -0.97616015750256901     
 -0.49722855040209973       0.23148450073826615      -0.83616905861376301     
   9.0581600475083832E-002  0.48051713139070601      -0.87229482406779835     
  0.37486924115736525       0.82879975332851530      -0.41540825812296300     
  0.36389943125771235       0.38947062967843404      -0.84610273167520311     
 -0.10907593127796959        1.1820269525132168E-002 -0.99396313937904546     
  0.64476904403125901        1.7235718158698288E-002 -0.76418309970751541     
  0.66118929374908020       0.22953528117408750      -0.71424244660194092     
  0.75818105192012064       0.62865611187964066       0.17306930838732906     
  0.64444736309938999       0.76021114204167095        8.2259441463787844E-002
   7.6573394185254107E-002  0.96699220314346968      -0.24302797032992199     
 -0.39312582557577008       0.90061346646071616       0.18533070251573869     
 -0.72445163623201914       0.60812064244613595      -0.32459068223165355     
   7.8587361079157522E-002  0.88819423352004523      -0.45269750410221321     
 -0.65006897334170610       0.38436316052075831      -0.65549621717667006     
 -0.83382717065538947       0.32868148534366992      -0.44350956096694993     
 -0.48620862975111945       0.18693638893781361      -0.85361346922741266     
 -0.50400703987896556       0.61393042481356175      -0.60750830219897933     
 -0.19651523625801698       0.20834471871838767      -0.95810972237035774     
 -0.45656104454189467       -6.9597581542308967E-002 -0.88696572044824362     
  -6.0952121320897501E-002  0.50756772013604268      -0.85945322640758037     
  0.16914048718793254       0.48628789609473055      -0.85727217247823584     
  0.41226194842701297       0.18744695443997428      -0.89157373511694604     
  0.47282010237535205       0.24110504097492805      -0.84753142125014935     
  0.77518915232591812       -6.0864689874133897E-002 -0.62879032088829090     
  0.44977638728201563        2.0040185721408574E-002 -0.89291634120995866     
  0.47502975155719895      -0.57584928146545022      -0.66539036675566310     
  0.34671921721439003      -0.70008929714653878      -0.62422813172362102     
  0.58858515717946069      -0.68254383028570720      -0.43324523365754181     
  0.11417055863215131      -0.63345595060798099      -0.76530950744195481     
  0.10189677007854619      -0.79483241112801251      -0.59821274348514275     
  -7.7173632423191932E-002 -0.38071221834052521      -0.92146754542133369     
 -0.28185765909515992      -0.65151241648731717      -0.70433502764827971     
 -0.52188454567456866      -0.84507533962893266      -0.11612145080543371     
 -0.30057385286419258      -0.63352340028076737       0.71295403797936197     
 -0.33326293443718352      -0.86712571348153722       0.37017403143593958     
   1.6510419483054324E-002 -0.99659786729414346        8.0747117306255362E-002
 -0.73937237706644243      -0.65944956095956098      -0.13584831460637245     
   6.6153089631063366E-002 -0.83329852915148228      -0.54885091786955831     
  0.22943833197462879      -0.88786540087897947      -0.39881459569926314     
 -0.42751660838892452      -0.74320558314171459      -0.51466009242864363     
 -0.37563199391350377      -0.90029633776234763      -0.21992523584234308     
 -0.38908705042124403      -0.64610887189266353      -0.65662363105211863     
 -0.23588573399052695      -0.42207796456739594      -0.87533314362387138     
   4.7314451904387371E-002 -0.71330796808310681      -0.69925180393772546     
 -0.39815918857927518      -0.16526563630735100      -0.90230622850884779     
 -0.17982659477302104      -0.17285025567500256      -0.96839309421612674     
  0.26917936153071725       -9.0695851339089167E-003 -0.96304735810416431     
  0.39098846671445547       0.17518678768577003      -0.90356937105938695     
 -0.26188712888931970       0.38142286769610317      -0.88652790577659368     
 -0.68972465946032580       0.58759369396478256      -0.42309992312118161     
 -0.52049698962612201       0.37490942424946916      -0.76715435695765133     
 -0.30627204147920295       0.47641639584443368      -0.82415099003690306     
 -0.49478318168521696       0.21427578278884210      -0.84218495120234071     
 -0.17569519312351412       0.70055616244916463      -0.69163014853880489     
 -0.26496664201150805       0.79507479732434450      -0.54557194326764702     
  0.26977698083250845       0.36292490360108309      -0.89191137169515144     
  0.22772857217604781       0.33090110949823986      -0.91577516517295654     
  0.96924117101437701       0.23571831282845590       -7.0770257933707989E-002
  0.59974616116713098       0.75401457446013997      -0.26789282123093522     
  0.28046396749103142       0.89010729291089241      -0.35923386539425323     
  0.15761929509663614       0.59928262193809523      -0.78486718421414792     
 -0.36739374355383436       0.90144539878341690      -0.22894984212646971     
   8.4272876518255269E-002  0.92710936125523413      -0.36519353027717050     
 -0.28793899455195732       0.95752600822031053       -1.5332286135603161E-002
  0.21023283497271000       0.95873405337726780      -0.19139271144479161     
  0.32519939117277152       0.73333914477739204      -0.59704192040262272     
  0.81615077391346269       0.57458255892466759       -6.1260078518376698E-002
  0.85249843455951357       0.40218037861713785       0.33391220721765791     
  0.92363704823660586       0.37333607902705768        8.6687803187750545E-002
  0.95248147673827355       0.30386459249672532       -2.1103220069398364E-002
  0.94716575632566402       0.24322630776620510       0.20908848187901999     
  0.52638409744625281       -4.2079992155020764E-002  0.84920495536468266     
  0.24984739847100246      -0.32456095078160274       0.91226995275794143     
  0.32487256317422952      -0.51896950651301721       0.79065066180090571     
  0.38471561839378193      -0.83408024448576645       0.39535305578992330     
  0.10482350695727864      -0.99441089278051498       -1.2609865530419248E-002
  0.80676360500911748      -0.47198233588250599      -0.35547877608598355     
  0.97936166610161435       -9.8787672283522004E-002 -0.17632845140678932     
  0.76275182698966149      -0.57268476275999769      -0.30040275119661108     
  0.76599166428973908      -0.37183322975274741      -0.52440139157925203     
  0.85124646427896211      -0.52257708234805267        4.7881625464952476E-002
  0.67275321400740795      -0.33643323368554823       0.65895052341931537     
  0.88743688320849434       0.37374676413995928       0.26975754783901090     
  0.81521443605510313      -0.21491824999858128      -0.53780625606709220     
  0.64264419648730264       0.66417257991759149      -0.38194662036310090     
  0.27542968018255037       0.89230739545852233      -0.35766744789623584     
  -7.4089202219954381E-002  0.72364137505623360       0.68618798475429832     
  0.24460173830547621       0.12323521109034230       0.96176040278514874     
  0.41797390300310955       0.38144023711012442       0.82450055301479563     
  0.16522913703019892       0.52892631565284753       0.83242794576242196     
 -0.50734333186652081       0.55985366911086942       0.65510809245017487     
 -0.74544624825664418       0.39996007820510360       0.53323712061554396     
 -0.65912147047355474       0.65806870753563773       0.36401162525838116     
 -0.88791291115782478       0.45756173872072947        4.7412207902666495E-002
 -0.83115910190952802       0.27191214564084076       0.48501374451249546     
 -0.61401058749127579       0.48388284436457946       0.62357709337202061     
 -0.77706553856558924       0.61185117611344453       0.14767290564773472     
 -0.89022753308133895       0.14735743632084269       0.43102288257690335     
 -0.71357758400983440       0.22543311535926214       0.66331511523417785     
 -0.77341476657465424       -9.2186748263172913E-002  0.62716122511597749     
 -0.36282986834423603       -2.0621674204425622E-002  0.93162719646342274     
 -0.32688575815676102       -4.2090420504262149E-002  0.94412610260287511     
   3.9531503998700784E-002  0.10219481737430730       0.99397861118508279     
  0.16507561153869316        5.2692112852773920E-002  0.98487236925312460     
 -0.19190005944241240       -6.3987790522925414E-002  0.97932626322897609     
 -0.38478946322168750       0.15587651866956820       0.90974698676117394     
 -0.72664388077845155      -0.11795111053335983       0.67681327266186120     
 -0.36195589073638856      -0.53553487837374236       0.76301397576092156     
 -0.14959952777562280      -0.75636774701872667       0.63681065675693060     
 -0.33999391958835429      -0.74471406814074370       0.57428659339761112     
  0.53188818119493231      -0.84411636616824404        6.7546451217640413E-002
  0.38827820389265116      -0.88183528255570798      -0.26759404108052776     
  0.57713200281632104      -0.70704505306493226      -0.40866360770404764     
  0.55481549368760741      -0.81448979895126894      -0.16966477350512807     
  0.87775926790281955      -0.21875033501900493      -0.42624753200439208     
  0.99265744544913470       0.10262394894879019       -6.4027502657937191E-002
  0.74349410941595784       0.66054643233380506      -0.10437873344163534     
  0.46214082672585477       0.88064493745102990       0.10435684172598969     
  0.55574734198316866       0.76279204339600115      -0.33059520627264433     
  0.69364382842903671       0.46260475929382194      -0.55213682720960189     
  0.89162434672788993        8.7193378155099088E-002 -0.44430095557858279     
  0.75246515030332928       -2.8152953910303424E-002 -0.65803009715753302     
  0.90922962867001311       0.28792326966315329      -0.30066870993694034     
  0.48139244449565466       0.45496002592651319      -0.74918134599808051     
  0.66807119987795738       0.55540969285653974      -0.49517769030382575     
  0.25022348484373980       0.47973807936608237      -0.84097537588142945     
  0.59404974362725171       0.39634466074056768      -0.70001129419379438     
 -0.17185875414803034       0.86218106715348830      -0.47655889044777278     
 -0.71705946097672990       0.69336022107164919       -7.1255408631968081E-002
 -0.21785903897441364       0.82606595077788381       0.51976194945635168     
   5.9059174732592312E-002  0.95651518485798803      -0.28564088470674187     
  0.62222779540963935       0.78242845511059889       -2.5264268304117932E-002
  0.88401399555042492       0.46613581308499663        3.5166168836981482E-002
  0.45408256222593413      -0.88442610073181838       0.10770097040753146     
  0.24346011311004412      -0.87457564988498504      -0.41933829535684453     
  0.99605246160687588       -3.8184675854191608E-002  -8.0133789732667576E-002
  0.82535760856078599       -2.3909851097930757E-002  0.56410383530993391     
  0.74329515535272794       -9.3214178937783776E-002  0.66243749054096090     
  0.88324859426214597      -0.34314957858870765       0.31956265027121489     
  0.98579939714065312       0.11388211461481582       0.12341155767609120     
  0.90932000533181001       0.38815866332218130       0.14989989990456370     
  0.99307196331978242        6.6160447280717960E-002   9.7112671077746640E-002
  0.65519489776550799       0.19727309554303024      -0.72924822366393016     
  0.67223170573114011        6.8549886041380681E-002 -0.73716039430615155     
  0.56246958148802462       0.57993522681662157      -0.58932427626723549     
  -6.5713227844783423E-002  0.74114040399883530      -0.66812624050152813     
 -0.38418981459829993       0.73395534668909068      -0.56009618408400230     
 -0.50357626298587499       0.41305472917927627      -0.75881271606366352     
 -0.52577099395936866       0.42660738185804598      -0.73591507910578779     
 -0.65889801368334677       0.29589332472582408      -0.69159276163568673     
 -0.53794514731677823        1.6674860219135779E-002 -0.84281490703184181     
  0.18427162227473981       0.58399954000219190      -0.79056214588199913     
  0.37556814303228969       0.61008063662899792      -0.69767484313947670     
  0.70057698043628347       0.67707544074408432      -0.22530144700837818     
  0.62030255965413528       0.18850151327822195      -0.76137501533642826     
  0.80271771977533257      -0.34898576384459323      -0.48358370422563174     
  0.65464141188049230       0.23864869438593528      -0.71728057447495275     
  0.59712082472744865       0.32697159783560586      -0.73248637863496135     
  0.43709229723688492       0.18987570378314597      -0.87914591553914989     
