 -0.28735827596374447       0.92991128499396880      -0.22954351063811743     
   2.8647342543727389E-003  0.94107583412174090      -0.33818348234314999     
 -0.29586287794718558        7.0158099557017517E-003 -0.95520465653360964     
  -5.0585807561822273E-002 -0.42304855941786723      -0.90469386670176233     
 -0.39632001830594593      -0.48689049870347534      -0.77837528568311143     
  -6.7237960059092286E-002 -0.98703590334825309      -0.14573668799795508     
  -4.2491736132166995E-002 -0.92384678230950079      -0.38039660247811269     
  0.26104621578209131       -7.5870906311277922E-002 -0.96234010557666583     
  0.63191077894262992      -0.43864878759543297      -0.63896479448967747     
  -1.1461090986266992E-002 -0.84726626837600583      -0.53104473810181918     
  0.48803118898740755      -0.71318954834501969      -0.50317613884900936     
  0.32131618650839722      -0.93580384244117976      -0.14500716106480882     
  0.85763802400880673      -0.49746866431971504      -0.13031480266729867     
  0.75203656810420227      -0.65743346974462014       -4.7140567387475227E-002
  0.55818993283032903      -0.80039722154773740       0.21860532158560469     
  0.96326836402432481       0.17406249600325002      -0.20449035760901285     
  0.90797064360223156       0.41178869961860554        7.7584645536396324E-002
  0.99887059751182072        4.3344079719473703E-002   1.9463303411151173E-002
  0.76734475108992928       0.58309314808151846       0.26680407349804691     
  0.29147101616745719       0.33558586573762528       0.89578277135222228     
  0.74254573440987426       -2.1192762293786402E-002  0.66946000562848551     
  0.69295965522648717       0.63579535264606468      -0.33995762350924941     
  0.81429839703062812       0.58040373597980244        7.0444200603755371E-003
  0.79759881514260256       0.41118707221584616      -0.44131771064131009     
  0.75898357941213124      -0.12109113651176252      -0.63975062551045814     
  0.93719185710553299       0.34866107102802346       -1.0338303764437645E-002
  0.95408471183449195      -0.29169860739444942        6.8075583639616410E-002
  0.93679887868996770       0.29907546493534548       0.18155364815654135     
  0.58267221816032233       0.48555387266988254       0.65171352826178508     
  0.79893133856867982        4.4848902354794509E-002  0.59974769045862297     
  0.17561075036725385       0.25770898724362906       0.95012996071557088     
 -0.55534640275735703      -0.14753897190504339       0.81842692081437551     
 -0.58916656349639540       0.54284254571429269       0.59850207269511102     
 -0.67224755839064920       0.53948922232568219       0.50698579786051656     
 -0.71075439341831803       0.69813084722213936        8.6264201111813127E-002
 -0.77501810890220058       0.48930578444586176      -0.39990846475347053     
 -0.33023020669007652        4.9429377745351874E-003 -0.94388748161823155     
  0.24973127806178705       0.29536415671014205      -0.92216826213472358     
 -0.35871739474870989       0.21524095162530524      -0.90829134282352764     
 -0.61505421801291038       0.24866841535565268      -0.74824616812189793     
 -0.38578741919656812       0.27206155462255660      -0.88156144294431071     
 -0.60577761143372921       0.17967811511666271      -0.77508016387584666     
 -0.23383250098164399       0.61524442352446806      -0.75285899131694023     
 -0.13015346130125652       0.74974957746551052      -0.64879553605249929     
   5.5416481931053641E-002  0.52517934624190921      -0.84918529651151153     
  0.17083321765678114       0.49596687442603404      -0.85137117123916417     
  0.22381353735878362       0.82370488919837626      -0.52097769242612380     
  0.39302593643614647       0.39216286161102815      -0.83170842442621229     
 -0.49559686532872704       0.48895481604799534      -0.71784882457228028     
 -0.48308185551877214       0.27411283256312796      -0.83156122798790133     
 -0.40837046989888498       0.48188222476578574      -0.77525678376221274     
 -0.92749567283220880       -9.6311366293325276E-002 -0.36121447590072009     
 -0.22335935476106711       -4.1480694540171704E-002 -0.97385314633220799     
 -0.34546934899305021       0.47285929132876842      -0.81058930384652139     
 -0.70573825566648141       0.48993252173416008      -0.51176131021796145     
 -0.97105584693578850       0.19523203316506055       0.13760448887315976     
 -0.69917446708086539       0.58095094874108100      -0.41671460226280677     
 -0.30776024133059815       0.95032570884109180       -4.6526132138898224E-002
  -4.5376612451346887E-002  0.85389169196844539      -0.51846884325839093     
  -1.9707976572245323E-002  0.86269936092167876      -0.50533296777941206     
  0.16901516863913479       0.94439352210139871      -0.28205451278575994     
   6.1154943131770043E-002  0.98890165693839882      -0.13540157249824517     
  0.50156927677545127       0.74643095654442204      -0.43734321500071988     
  0.61772984689823851       0.57585476023527704      -0.53553816984926828     
  0.92341543982593921       0.33277591346818175      -0.19121745973245052     
  0.73778729552117694       0.48712596327490176      -0.46730953603690872     
  0.27085059787351340       0.26632856189511622      -0.92504543172237885     
  0.20570478192872682       0.29447697256126809      -0.93325712176380216     
  0.28453440113789730        4.3362964505521143E-002 -0.95768461816947736     
  0.10808411076658400       0.52892953042557023      -0.84175493871058737     
  0.16169394452983629       0.28725938313034732      -0.94410651682211366     
  0.11151031440508052       0.51326205261463109      -0.85095682330366396     
  -4.7153074827728958E-002  0.28502635433511875      -0.95735916189733383     
 -0.84557215597915480       0.32913853605774623      -0.42032791141511305     
 -0.97088875947285658       0.23630522174245841        3.9177275383920712E-002
 -0.73120459495810131       0.67923827728211250       -6.3049210836182173E-002
 -0.25278390120429250       0.72405830227786805      -0.64174751592385526     
 -0.52112853497752820       0.81167472560083520       0.26383553561453515     
  -1.7587408828025550E-003  0.47577405468073947       0.87956577680305870     
  0.29965709581103267       0.51508374671296431       0.80305314818029772     
  0.54176418667332360        5.2798481954026019E-002  0.83887060166725613     
  0.40387039138416969        6.5569659935722072E-002  0.91246332893938675     
  0.61493891111635490       0.48471919393876711       0.62201080265728892     
  0.84088126535920515       0.23165096614806624       0.48913855649562255     
  0.79523366203722878       0.51939070998657433       0.31278860775694373     
  0.96231401801653227       -5.9396549283831319E-002  0.26537479281591908     
  0.96584829116817672       0.13493880936377464      -0.22119809261169954     
  0.75883247000678122       0.34225480004698938      -0.55410733103632070     
  0.61057633997269267      -0.43748435090954374      -0.66015450901651884     
  0.18671828171267865      -0.78861208746068301      -0.58585600516271319     
 -0.38209013615908216      -0.38563641821085004      -0.83981645661384396     
  0.20966037170272422      -0.31500589666934720      -0.92564237889211121     
  -4.7903212288214973E-002 -0.51728020329668556      -0.85447438436143641     
 -0.22442208038925496      -0.45866776330518255      -0.85980149612476575     
  -6.5608102709820162E-002  -5.8177639234549064E-002 -0.99614805081972235     
 -0.18104097960073584       0.52159834749890788      -0.83376215288993127     
 -0.48713510109790026       0.12194892966800153      -0.86477040411386175     
 -0.81479182968106811       0.38651493925861985      -0.43211164762703158     
 -0.45031625486202187      -0.67202253615687757      -0.58787837305376278     
 -0.48794928234996066      -0.87281402189574320       -1.0058878487330508E-002
 -0.39196351482842917      -0.79762634160493340      -0.45842864463440341     
 -0.60621411513641055      -0.60047380337856637      -0.52147450375398252     
 -0.26526060468091078       -8.2781274823306231E-002 -0.96061650628280004     
 -0.62161637135461667      -0.15875798617816053      -0.76706517890504244     
 -0.49740482233423972      -0.24719404212076851      -0.83155489792237836     
 -0.76125833470210946      -0.34746329905597623      -0.54749886178490192     
 -0.84609939237972398       0.19730617227457628      -0.49516269305860056     
 -0.47725881454862124      -0.59154778740344549      -0.64984247256837113     
 -0.11030020448209729      -0.62881110581217781      -0.76969504227225716     
 -0.31645850300748968      -0.45810751726824894      -0.83065728101102521     
 -0.21747072357313701      -0.91172624667524960      -0.34851360879032500     
  -6.5308975113589733E-003 -0.92051471236986726      -0.39065331393492053     
   9.0146029466178473E-002 -0.66382114363332378      -0.74243867264362851     
  0.24430684153492579      -0.79922213799062436      -0.54914309731151500     
  0.51161729458209393      -0.84480486792590026      -0.15669230680914684     
  0.36410743138340895      -0.88438810461543838       0.29203331800680199     
  0.65276809336701302      -0.62288623719708913       0.43116882052451594     
   7.4687270483278778E-002 -0.65041685846156261       0.75589663437321308     
  0.28889882507030157      -0.73861839527994710       0.60908155039133893     
  0.39794299589055426      -0.57695053305417310       0.71328076830248899     
  0.61863431776564470      -0.33580620241883957       0.71029977847360437     
  0.83418545800265698      -0.46644193892408986      -0.29422192180331830     
  0.48863318780807141      -0.48848128910673050      -0.72292713185019553     
  -5.7540858428581206E-002 -0.94559543327292017      -0.32021606172194655     
  0.54460016704512548      -0.81615335350435392       0.19314337062921372     
  0.40774198092369984      -0.90891403029374207       -8.7302706301675886E-002
  0.50321015604266706      -0.65744744104775621      -0.56084079836911971     
  -5.4351041319187457E-002 -0.92567401533422844      -0.37439762504929758     
 -0.98704519166167226      -0.15482874681923581       -4.2069570665135579E-002
 -0.94432016442085887        9.2930001479589130E-002 -0.31563181381658595     
 -0.96915641879702430       -5.1288522710497709E-003 -0.24639304125520731     
 -0.69053342506482629       -1.9112811018666357E-002 -0.72304791633974008     
 -0.28854875846067524      -0.25750260271156561      -0.92218871365229149     
 -0.67625334650544011       0.34081744524123153      -0.65308872319121214     
 -0.23157388964239628       0.91514936246915979      -0.32996238877830791     
 -0.33932178166696914       0.90892621070382018       0.24230945499926565     
 -0.58649133490430383       0.73297142547199745      -0.34464591035401926     
  -1.4088089118014646E-002  0.91819186024959520      -0.39588537926585288     
  0.16733827863634959       0.85619471167054662      -0.48880314668632419     
 -0.26416485953638003       0.71194360378722132      -0.65065600128840106     
  0.15648285382477212       0.87259463965385131      -0.46270045526912368     
   1.9055401033642169E-002  0.88526835209383592      -0.46469004344024101     
  -3.3391654486275599E-003  0.97733366295927382      -0.21167843825187338     
 -0.33523377401739307       0.87027028751176794      -0.36089879943306891     
 -0.52609800979915056       0.75936745699137598      -0.38286022168390471     
  0.16199618225262646       0.82656602201920137      -0.53902304976592563     
 -0.18047197955751360       0.96059623290111329      -0.21138765794338238     
  0.38454319798794639       0.92262773610504967       -2.9742048533135810E-002
  0.70303897129846415       0.71111321976652331       -7.3616240681942044E-003
  0.70911544225898338       0.65520161409231426      -0.26051129426713499     
  0.78861179426326011       0.60726409694930628       -9.6549233581866484E-002
  0.33734889846860810       0.92393047890763580       0.18041117162623629     
  0.23108378794328932       0.63752955282784685       0.73495329934691389     
  0.40991399773399489       0.37513757392434766       0.83140983581621453     
  0.45241465253834617       0.33465052298781717       0.82663777413848694     
  0.53201986287340786       0.34413162358492205       0.77364610201113237     
  -9.0695817238290025E-002  0.99482994069429842        4.5690894428879483E-002
  0.64702802147689320       0.75199048075622932      -0.12595656503628522     
  0.82705511286372280       0.43733491370887467      -0.35315437635294111     
  0.65853665427716668       0.70179148715704087      -0.27169501932755008     
  0.45885941874030822       0.87895657379907521      -0.12993604276244561     
  0.23005621070292978       0.90352016813060498       0.36155974015136927     
  0.67966832303412339       0.73351942648254531       -4.7078310626583186E-004
  0.66860283106903862       0.74192402459099327       -5.0189600728057428E-002
  0.39632952257418075       0.32107896136653280      -0.86013441397490920     
 -0.12738706968721514       0.76126952237126555      -0.63579969234431621     
 -0.23158980725912090       0.73535130505795265      -0.63688666128547866     
 -0.77171417269183928       0.46183342370186276      -0.43722662821286201     
 -0.75611386988279994       0.55308241629528876      -0.34984518941364978     
 -0.53968608075141555       0.52350234204737711      -0.65930587143916897     
 -0.73661122902612253       0.49439185719952383      -0.46149820022132232     
 -0.94914746123404292       0.30176753693678238       -8.9752161445459902E-002
 -0.84238773725358707       0.35638769325419084      -0.40419143016864634     
  0.32025422904898398      -0.22956964402682187      -0.91909466722298983     
 -0.11676549599257036      -0.73619797707532797      -0.66661709961257187     
   1.6061726177756544E-002 -0.63287886519467129      -0.77408420920606458     
  -6.6925951859115027E-002 -0.88304904251206640      -0.46448391305446601     
 -0.61685354647432133      -0.69721675433049102      -0.36521295114356356     
 -0.45679128100576250      -0.79676652341807552      -0.39560691697374240     
  0.29022337363620976      -0.90031907903415753      -0.32433925035729061     
  -5.2227152930901861E-002 -0.62204429169751108      -0.78123826305636934     
  0.71843086355391694      -0.54191878693831530      -0.43609760679987442     
  -7.8830010564878802E-002 -0.76367249753698208      -0.64077308459392690     
 -0.29129499920576607      -0.26887999155892950      -0.91806904619263929     
   3.0977451317156443E-003 -0.72460243699215499      -0.68916014995080310     
  0.46764242307874476      -0.78780981854589915      -0.40083195224404899     
  0.75950181974181019       0.27118492844577952      -0.59128311356978169     
  0.59811655372356609       0.80140321975921835       -3.0769337725761563E-003
  0.38828201458678580       0.59879599380354831      -0.70048585635496219     
 -0.18826429493363100       0.67815158234551665      -0.71039917413767650     
 -0.83073594001624018       -6.1814351745551027E-002 -0.55322399069784634     
 -0.97853206481761434        8.6577067492488224E-002 -0.18702783083879954     
 -0.59194665932366020       0.40991258862876778      -0.69395304034156946     
 -0.58955590156504112      -0.20220937548235546      -0.78200716582197627     
 -0.22984897011994487       0.20412707581551981      -0.95157847172678756     
 -0.47439225048025430       0.33105696072350627      -0.81569190350339071     
 -0.88492328552840560       0.14571363794568801      -0.44235541643154963     
 -0.27468088383979783       0.12544727697669456      -0.95331704734166378     
   5.1719391833141559E-003  -8.5811413133372233E-002 -0.99629797371130324     
  0.22387239722764840       0.15981871667894340      -0.96142557047270527     
