 -0.97500068372176796       0.14777252679288339       0.16594260172539263     
 -0.91597952443410469       0.28766881311425035      -0.27969298307059570     
 -0.84846305133083788      -0.38743014769663292      -0.36056668063222858     
 -0.44216691932223168      -0.88705472554747633      -0.13274912180869713     
 -0.63637782217677730      -0.76624870024712166        8.8804261221808345E-002
 -0.59948886300179105      -0.61123498637799167       0.51672516347120001     
 -0.61023172537998227      -0.78538044733281265       0.10389799943750661     
 -0.35321014705817178      -0.41109714253496299      -0.84038189617261772     
 -0.35199705929387032      -0.88383080806305270      -0.30812525532182189     
 -0.16999136216793750      -0.81451845095676090       0.55467344432496257     
  0.21817254962167520      -0.96967176670053346       0.11016988452149390     
  0.25426638429151555      -0.82891137973780216       0.49825147301392386     
  0.48608301302573598      -0.84120717643720710       0.23684127756443685     
  0.67652388758932680      -0.59663613022440465       0.43167204870350584     
  0.57150359021080421      -0.43473290228016981       0.69598200411449918     
  0.96259148016986862      -0.23035752584850180      -0.14266412509590695     
  0.96906389038875429        7.4555581752291100E-002 -0.23527992174053197     
  0.83375512116818951      -0.10397931308542369      -0.54225519856994386     
  0.62483185867496904       0.14498563249692087      -0.76717945407465338     
  0.81095988293868759       0.50533284428238145      -0.29492844005551466     
  0.86756632348240692      -0.20110980756624000      -0.45484450052729442     
 -0.13363752646783747       0.29677786447268883      -0.94554952841117301     
  0.16990579481220908       0.26294812945672619      -0.94973170006291363     
  0.21060197129582933       -3.4286848433073822E-002 -0.97697043031549824     
  0.59016661331657638      -0.49075634092617598      -0.64098485346159206     
  0.57561460685851285      -0.65275883288332803      -0.49251774634420015     
  0.63075392327957402      -0.76389543264761195       0.13643040807527129     
  0.62631760199015096      -0.66358403823477530      -0.40912404676009961     
  0.33683500869379812      -0.71518002031324324      -0.61242119122628080     
  0.45391259521512389      -0.85541379095765202      -0.24946062243279188     
  0.48884281122341455      -0.70429064661520635      -0.51478868577852688     
  0.51688540760575674      -0.11888397517770856      -0.84775944456561847     
  0.15992425317398623       -1.7512425433508227E-002 -0.98697393491532792     
  0.34730575590150770      -0.42519720418431317      -0.83581460233208915     
  -1.7531864084841836E-002 -0.65376812262879314      -0.75649182122223402     
 -0.13408791914479284      -0.56643720184637925      -0.81312319257530830     
 -0.10553206519846851       0.35001647419916393      -0.93078002288626216     
 -0.72857057749250687        7.8863090129638658E-002 -0.68041570133814677     
 -0.18421848700777105      -0.27101644921385798      -0.94478232059036171     
  -6.2010322289293707E-003 -0.22686132193594885      -0.97390733019565934     
  0.26832511269685533      -0.35718742308829826      -0.89466126477220931     
 -0.21087376667240273      -0.39888234874514961      -0.89242653837107611     
 -0.66560221703438582       -5.7450229855494292E-002 -0.74409217155437446     
 -0.69749429988867528       0.54186828740990500      -0.46891412936946308     
 -0.42446411931061179       0.31909831652346043      -0.84735262778243414     
 -0.66731374546636246       0.20466367106549438      -0.71610414525939592     
 -0.66023607167046205       0.31207469770472746      -0.68315277406863040     
 -0.74694360329069975       0.36159648877348910      -0.55796346906385974     
 -0.87144751176452195      -0.31525222408785214      -0.37575958996022646     
 -0.79655316726386538      -0.26625969408797318      -0.54277880119443322     
 -0.91133614706355603        1.6854812247360424E-002 -0.41131781186747296     
 -0.55955879257690921      -0.21328783450291697      -0.80087593127956846     
 -0.92566308461165825        4.1313934730268561E-003 -0.37832629485029801     
 -0.61219629911561724      -0.43498774863694040      -0.66030398293885817     
 -0.40873033293767541      -0.55803491122974724      -0.72217487687223514     
  0.37319914972252904      -0.67800044710820218      -0.63327544431111860     
 -0.43821297198250064      -0.63107645091964149      -0.64008741924908397     
 -0.15168883896069746      -0.95005588091729898      -0.27273488825085257     
 -0.31770783075208892      -0.87391361494969055      -0.36788140464605235     
 -0.47260131279650802      -0.50532188720277871      -0.72200954942218765     
 -0.11581473272340671      -0.49842453914019097      -0.85916233999582403     
  0.13943515108219526       0.29195902930023443      -0.94621232493172580     
  -4.1258836077145207E-002   4.8265354009837606E-002 -0.99798204595468221     
 -0.16223092420506371        1.2436223749053886E-002 -0.98667444862552334     
 -0.27275203819577987      -0.41424961961948104      -0.86833379428950230     
 -0.58536071909757259      -0.37219489153774260      -0.72029423935691705     
 -0.94393422484191325       0.17453254711524938      -0.28022592522740436     
 -0.38003271551438289       0.31486683616149330      -0.86973214878171690     
 -0.13318454747919664       0.29031294083819825      -0.94761821040683780     
   4.7532482675541478E-002  0.63775636563162341      -0.76877010945218105     
 -0.40488388664350006       0.34193570733596279      -0.84802653872690326     
 -0.43147417480238442       0.50552635217829456      -0.74717678211509497     
 -0.70270244415089056       0.27530335984126858      -0.65606199024521239     
 -0.62192081763172791       0.75249266527199643       0.21672398415539673     
 -0.39223740048173300       0.77888393106374521       0.48937679102509007     
  -1.0339710670130096E-002  0.99934689724718129       -3.4624692717248121E-002
  0.24424060833236744       0.32867548843983063      -0.91231515856105161     
  0.24242898192492537       0.92258616095421797      -0.30010492221657847     
  0.49819245825045616       0.84435595341466474       0.19714791014764996     
  0.35346762956048594       0.90890538325203118       0.22125017321670085     
  0.68226377125156690       0.67345791070874395       0.28455331476093648     
  0.32263762420826098       0.92529933689059229       0.19931407525588032     
  0.52225058506338728       0.82076376879018698      -0.23151924810316307     
  0.81266909964394451       0.55452516748595349      -0.17908314579718956     
  0.85783466251818896       0.34413871181748651      -0.38169128731335189     
  0.88088024215869942       -6.6180150076869837E-002 -0.46868986196659729     
   8.5211815950364631E-002   1.5319682291681942E-002 -0.99624507715570343     
 -0.54731203296826314       0.17442589598661665      -0.81855063702705799     
 -0.80274337934776163      -0.14964706610061465      -0.57724242959162420     
 -0.71827743692044532      -0.53402009687510810      -0.44598212940042664     
 -0.93993730737361703      -0.30163649471556692       0.15979137418185524     
 -0.94086969287106526      -0.25536028604097699      -0.22261029928959042     
 -0.64467527744116560      -0.74020140566865789      -0.19103838803323747     
 -0.80409575220923779      -0.45578940085267039      -0.38168841133760500     
 -0.98159446431217057       -3.8326536407691722E-002 -0.18709191387846946     
 -0.93213872033989298       0.31576269235545362       0.17723241283574542     
 -0.97397768293751907        6.6703848104159746E-002 -0.21660579352325821     
 -0.99103626525610988        9.7905867337557961E-002  -9.0893135539295983E-002
 -0.19830242032378717      -0.89832938478646318      -0.39202100265536166     
 -0.58667345506227608      -0.80676608369355507       -7.0304646554408323E-002
 -0.53467403556656778      -0.79796126156184521      -0.27817530576534849     
 -0.60251539516890018      -0.79809564512905828       -4.3057880226125937E-003
  0.28467469540993140      -0.82622116028946935      -0.48612643631385255     
  -9.7932984724397841E-003 -0.91217729343865894      -0.40967874809416105     
 -0.24097768267114233      -0.87452956848981289      -0.42086552518770026     
 -0.39679399935082499      -0.80721526787169118      -0.43698745221580698     
  -9.1766955312328896E-003 -0.99395919031526458      -0.10936597389943385     
 -0.31977310109396334      -0.92774591329584488       0.19243878034233575     
 -0.34878451573879093      -0.84276184216767813       0.41000224263656476     
 -0.12384140687229199      -0.98779971027774127        9.4419480612576559E-002
  -8.8589124959258886E-002 -0.91836221342926094       0.38569782457809454     
   7.5004120654980924E-002 -0.84889321899607040       0.52321571519524868     
  0.18263854217633715      -0.94691922403078188       0.26455083835180893     
 -0.25738454969239577      -0.91582587531104598      -0.30824691351310363     
 -0.38549401878756895      -0.82179895656671198      -0.41957220649709331     
 -0.33158053545057065        6.5106209261895601E-002 -0.94117773561949114     
 -0.68245209571804100       0.20604574769870235      -0.70128759215131786     
 -0.36875892854861053       0.80001605705620660      -0.47327704472953336     
  0.16056573249581721       0.62473846764724150      -0.76414690511046324     
  0.36520777370521035       0.89911262988198226       0.24128771376102670     
  -1.5456950008633376E-002  0.92911170085402994       0.36947602091684051     
   1.6134310549039660E-002  0.60571000939412878      -0.79552188438965954     
   2.6162324174424934E-003  0.33160493261648538      -0.94341471474233352     
 -0.53001742129133222       0.77826490349095856      -0.33672729785674871     
 -0.90501045386574419       0.36826449272047967      -0.21292567199621543     
 -0.91841047801675058       0.39039054711271520        6.4167083415639287E-002
 -0.91509963293377106       0.37217464733706218      -0.15517310876582269     
 -0.81358582551569958       0.49998342396454942      -0.29680748016289510     
 -0.41919317153225788       0.24231621379561580      -0.87496282062295183     
 -0.34214690552082855       0.18439804213652927      -0.92137552447344395     
 -0.61176528086521675       0.43760774099272881      -0.65897094484599461     
 -0.55056716169389330       0.58146683871278471      -0.59897588928246814     
 -0.91432183911479548       0.28373287960870902      -0.28898309214689000     
 -0.80233951192200048       0.23766426663708601      -0.54750982089156541     
 -0.69658062312698532      -0.57978053197258794      -0.42264638911234320     
 -0.64577205923938630      -0.45076786954159614      -0.61626842795549575     
 -0.82566369585995503      -0.39368385362914249      -0.40409464823308083     
 -0.92140820645957588        4.8039829620851238E-002  0.38561521214679689     
 -0.52438969723758144       0.12537637653203976       0.84219725102781384     
 -0.69178727700684350      -0.17028493616811846       0.70173599300997336     
 -0.80024216932558079       -8.4660807316453979E-003  0.59961720781692596     
 -0.10236793205205066      -0.45385462319330550       0.88517613359908742     
 -0.73427949735995768      -0.39243266353078998       0.55392257974464953     
 -0.39294526142184222      -0.88323873387487362       0.25589716784133759     
 -0.52860267643112424      -0.84373391753862004        9.3232434618034071E-002
  0.38884444490748948      -0.77069385749497599       0.50480786016476165     
  0.21342749263543523      -0.90954506692702020       0.35661811033103130     
  -2.4174301898919170E-002 -0.89299463005870328       0.44941761627030896     
  0.61452709239350489      -0.61547252810594666       0.49350787213710301     
  0.13876992904950677      -0.96163217511342858       0.23665685406991907     
  0.10421908654067127      -0.79081517088168407       0.60311669476479657     
  0.38981068563351351      -0.82537486919222380       0.40841639863241541     
  0.68206979372308674      -0.73128534190276973       -1.5953710205681149E-003
  0.64645184306671133      -0.74387873959548256       0.16954183959582686     
  0.36631891492028773      -0.93034963211774757       -1.6124967907764187E-002
  0.45464324972231146      -0.88774683694331824        7.2146163994451284E-002
  0.72501737772382591      -0.59934759495221224      -0.33931145342223629     
  0.97232229130865344      -0.10806542870109681       0.20715024726986050     
  0.89853548257362248       0.13473783931161454      -0.41770767435352563     
  0.93458995455605687      -0.34588760056164275       -8.3086609153737750E-002
  0.88512059773533114      -0.12318820388460291      -0.44876073122366100     
  0.72577728263089825      -0.21026965976370135      -0.65500687492562881     
  0.62322815042100710      -0.51192154862248795      -0.59120470277120729     
  0.21457993625116953      -0.49295114010721719      -0.84318125241582120     
  0.88584272396102282      -0.25391951481613556      -0.38833947571795319     
  0.77382801920516453      -0.57269856106615180       0.27056709860174161     
  0.97129067219209819       0.23789185391056758        1.3769370818634830E-003
  0.99191347966344190        1.8058824195376182E-003 -0.12690306399244566     
  0.85878403151772931       0.51233762311490072       -3.8360289273353665E-004
  0.62878880709219076      -0.28298611069986512      -0.72425375195894948     
  0.17338917380649552      -0.13729733524917281      -0.97523619505239134     
 -0.25566591651630344      -0.54983191405540155      -0.79518539059649629     
  0.30432971868069303      -0.49024542801615445      -0.81672690823617788     
  0.99547052181056017        7.5816470874255568E-003   9.4767920910796360E-002
  0.74955884175855148      -0.53657387637501042       0.38762097199913143     
  0.79259174519399722      -0.26479394124842387       0.54925631004890918     
  0.71351708325875962      -0.60537666329188122       0.35272151541920005     
  0.96112803568254523      -0.26236210526457965       -8.6017583936253639E-002
  0.79734792669145205      -0.21149768894945212      -0.56524774335681327     
  0.90072697149052572      -0.35897216145368244      -0.24460153337786283     
  0.62174665637394333        5.9037030503598056E-002 -0.78099022037231625     
  0.23391916431508716       0.45394252742537888      -0.85977788199097860     
  0.27534156403340621       0.34878764356645287      -0.89584273330258379     
   6.4407861599922012E-002  0.77489627046074117      -0.62879837578530662     
  0.77495640738078575       0.61210230890039108      -0.15739545768020630     
  0.84316568944527825       0.52031102116746508       0.13545501612712590     
 -0.11190584637899675       0.98942706964035365       -9.2255923436654647E-002
 -0.39791283887690443       0.76134570277398428       0.51187702969028992     
 -0.34118427719356803       0.57875592394060826       0.74069890610129485     
   6.4027750528085223E-002  0.84234929892662580       0.53511503974399632     
  0.59557731747458764       0.30189925254195660       0.74440882599847347     
  0.57211245861940707       0.32376177735679601       0.75356860750386856     
  0.79270427662883447      -0.25692633711800944       0.55281894604795445     
  0.96446629474596235       0.21446807843021098      -0.15429909148632315     
  0.81830120101995929       0.22397640121469339      -0.52935594462355362     
  0.96184836352913772       -3.4291008330016276E-002 -0.27142559261098814     
  0.99716472374431153        5.9860641098549605E-002  -4.5598436018032623E-002
  0.89544125147322895        4.7961070989857614E-003 -0.44515386386828482     
  0.68564657937456353       0.21474129245303819      -0.69553931988614059     
  0.41646398929198980       0.22691740345367145      -0.88037846272666853     
