  0.40302047914967271       0.33354850506631301      -0.85224403087029765     
  0.63680514758789575       -2.1962039859662025E-002 -0.77071192595597893     
  0.75466324957350539      -0.36189366859345118      -0.54728087155969607     
  0.18535139783966317      -0.98200996191980638       -3.6073452969498002E-002
  0.37987735550883517      -0.53210634206731366      -0.75667432591794015     
  0.56328114428858278      -0.61825270315480685      -0.54815868827442571     
  0.44558118607355585      -0.80539268914193707      -0.39089643499785764     
  0.71507368010397188      -0.63394905373317401       0.29458144763939342     
  0.75719158105975115      -0.61061258275625485      -0.23197668708735592     
  0.17637046641590987      -0.65336182364654183      -0.73621449726117627     
  0.63164004245189398      -0.76351149482920089       0.13446580991121976     
  0.38574984125498940      -0.84946508720156322       0.36000850767369585     
   4.1983390836846830E-003 -0.98871586320835014       0.14974416779660193     
 -0.35889952367613509      -0.93235006655458996       -4.3754831741226130E-002
 -0.67232686006599907      -0.48384737939062095      -0.56023950832714198     
 -0.74096570135897988      -0.54937381167806298       0.38621010402622902     
 -0.68264244869865431      -0.18542002401308802       0.70683711131330118     
 -0.66033953754413299      -0.19895378747507056       0.72413333413491598     
 -0.42433828785576594      -0.30349111246620397       0.85312962796616820     
 -0.39077710613589445       0.31482973171273754       0.86497138296580001     
 -0.56242129864108981       0.46843740406739032       0.68135796854920916     
 -0.27029096008117809      -0.46729793113516432       0.84176923230490430     
 -0.26360090853785156      -0.60354050128712711       0.75249812247210990     
 -0.48682209383775432      -0.48088325625890616       0.72921570389101342     
 -0.99935714809660747        7.3455751536187896E-003   3.5090355852612970E-002
 -0.98044816276331415      -0.15454062507958724       0.12181377317080357     
 -0.93905196936887569       -3.4304983413848723E-004 -0.34377504438410256     
 -0.87990225004479417      -0.45754764555256677       0.12814906326397890     
 -0.48982344261043453      -0.87148770718604973        2.4128226061650701E-002
 -0.64896672481077233      -0.75929175537649973        4.8147900324761975E-002
 -0.72272538144795784      -0.61709715457226100       0.31122198641771071     
 -0.83747461199302287      -0.17839902783161171       0.51653660193243289     
 -0.77459175519595791      -0.37558130656350841       0.50886765955655355     
 -0.91450510931315565      -0.36411583943231474      -0.17635209245896746     
 -0.63413197966939538      -0.74919915025758244      -0.19125183819741251     
 -0.91333185844552822      -0.38024175579621367      -0.14574334803843103     
 -0.87951703187620189      -0.25767378274064556       0.40006750971283028     
 -0.41103594516367448      -0.82213626889469815       0.39387994002151877     
 -0.84386879000530002      -0.50556976852810909      -0.17967936555279435     
 -0.88458111578165899      -0.38252674637839762      -0.26681367638804465     
 -0.91173780685112848       -1.4547422047102701E-002 -0.41051497423374222     
 -0.81602294135485187      -0.37764453526197739      -0.43759703400432504     
 -0.70156266335249151      -0.69616900669078186      -0.15217931368282378     
 -0.57792660353653091      -0.67274073284240254       0.46197483405425910     
 -0.76012050492463756      -0.39632211130965739       0.51492290887103409     
 -0.82160904109244015      -0.55926216383341198       0.11038304081504782     
 -0.78866544903381830      -0.48865727545672460       0.37312313871362951     
 -0.77726861876161668      -0.49224632591052897       0.39185079930502326     
 -0.85252126640448134      -0.49804439684664542      -0.15861673649951358     
 -0.99286535125012154       0.11267369843289246       -3.9026042182309033E-002
 -0.84743453074417863      -0.30972721028012129       0.43118878848420694     
 -0.95826870433798195      -0.28378543184024507        3.4451690258175093E-002
 -0.76241347649749058      -0.57389621114804945       0.29894619864597882     
 -0.80183435714946782      -0.54937400636011857      -0.23505289794119139     
 -0.34819587858812678      -0.52651458938210083      -0.77559139841930413     
 -0.62888793277121613      -0.19588119019166494      -0.75241645871407847     
 -0.62369322449279196      -0.41594237671713469      -0.66181470289855970     
 -0.25668997525004500      -0.22347589656225392      -0.94030249402084942     
 -0.82631746225436342      -0.33862909745627728      -0.45003309426024457     
 -0.81990333270216320      -0.48855256844354061      -0.29845420568507169     
 -0.92461997318331146       -6.7837185723641329E-003 -0.38083052182412785     
 -0.84912492672693818       0.33497808413925673      -0.40838283749115306     
 -0.94361987563011784       0.18668841533874189      -0.27336599257067240     
 -0.78125352275175219       0.15556362482132904      -0.60451872743570267     
 -0.68581321470328604      -0.14079690832043618      -0.71402833637454521     
 -0.92016347081300653       -3.2329394957608740E-002 -0.39019738236311419     
 -0.80964222740161107       0.56854818612088975       0.14571349857446494     
 -0.47634495461534232       0.84736408712647593      -0.23466910333675944     
 -0.26929051775604573       0.94428526563790294      -0.18922989760042430     
 -0.26249691942742231       0.87562739894297403      -0.40542820019279202     
 -0.37358418005719407       0.91367145403543792       0.16012287310623641     
  -2.3658793146821011E-003  0.75449016407929781       0.65630708888646949     
   6.8964933705493212E-002  0.55094103533035810       0.83168973392014145     
  0.53500318744682784       -5.6327757044960312E-002  0.84297020896831665     
  0.94207604588779947      -0.12148131599122330       0.31262599640697791     
  0.87085260215917626       0.49152809073559250        3.9851387049241321E-003
  0.17822050200082407       0.89931671619602094       0.39933306479303343     
  0.94845255240714710       0.20149711215147728      -0.24461535035032211     
  0.96573587597940225       -6.7007968706638152E-002 -0.25072724218984793     
  0.92824835976789621        3.8962987764248766E-002  0.36991467688205903     
  0.99308204911338338       0.10278086399821700        5.6781491038807766E-002
  0.79928760006104205       0.47157457861037511       0.37250067006268028     
  0.70266108674127870       0.67425853541405045       0.22725057667880894     
  0.57153168840061230       0.77122189621910597       0.28030040304324250     
  0.47315534377805696       0.86997451137358350       0.13881055512673598     
  0.58559940151303302       0.79444926778648783      -0.16100839065443756     
   7.9356855469399967E-002  0.90400182804792406      -0.42009901734719951     
 -0.27003171001734583       0.58072648400038429      -0.76801017334776389     
 -0.47163691068111413       0.40854471588034674      -0.78144087403299911     
 -0.12421661202514542       0.37848620069330841      -0.91723411906764230     
 -0.71670365289870286      -0.34384024750384007      -0.60672049422954999     
 -0.98076757561944594      -0.19405593473162486        2.0910686479049714E-002
 -0.84465392012404639       0.28351657658894908      -0.45406839354706718     
 -0.91038288839449277       0.31616198266332840      -0.26691683580640779     
 -0.97537288033875325       0.20740671803869690       -7.5034642746709096E-002
 -0.91187809512713003      -0.12176054036935277       0.39198559978183511     
 -0.93057661543593018      -0.36348267923549848       -4.3674989406782161E-002
 -0.97918548131162486      -0.17031804276103107       0.11039727124635978     
 -0.37909695320987791       0.33847832728828176      -0.86123046974844986     
  -5.7832282671285221E-002 -0.19139881679935516      -0.97980708305713393     
 -0.76526260621700049       0.45580993090724820      -0.45454422272465245     
 -0.79340848433521760       0.43962126408665575      -0.42099420559877887     
 -0.89822677705113030       0.39534536993462899      -0.19206950684482799     
 -0.92469397643646523       0.24456828155275212      -0.29176601172944450     
 -0.94408238079852480       -1.6402669977015269E-002  0.32930139793731705     
 -0.96649031923290096        1.2664385516254692E-002  0.25639047597099979     
 -0.83925858587830215      -0.21659098459298781       0.49873176299752386     
 -0.47889621738695498      -0.49949612322285269       0.72191553235669625     
 -0.16577219997547238      -0.62949817027449739       0.75911239703773259     
 -0.73432179198848879      -0.47798012853962235       0.48198184875793620     
 -0.39768232293644773      -0.90608039677983865      -0.14445443778291306     
 -0.67392713477795629      -0.73485147618832358       -7.6259589258244054E-002
 -0.78198522326786624      -0.62097387041685370        5.3763954934745450E-002
 -0.89492511291164267       -1.2913688937038259E-002  0.44602945969754143     
 -0.94998044989596753       0.30385247469678400       -7.2185998892223421E-002
 -0.80277628168959425      -0.44572771281346540       0.39607707278594639     
 -0.70899706090701631      -0.69949854595434058       -8.9582095493647956E-002
 -0.31043589237380298      -0.93922402691698048       0.14658712081195141     
  0.27743155621340004      -0.94625231619932149      -0.16624766375644334     
  0.31885090604692529      -0.25793509178604840      -0.91203266835044161     
   8.6048286600851176E-002  0.16558053145185683      -0.98243512761767848     
 -0.19527122587693255       0.18805257060512745      -0.96255149422424990     
 -0.51327098413518524       0.44112852431700628      -0.73617832206525058     
 -0.25499694407930351       0.90832497306132653      -0.33154532393531611     
 -0.66302798421001941       0.74431102025713558       -7.9968726876062129E-002
  -7.7497842153840570E-003  0.99996578053592033       -2.8945814550810911E-003
  0.50546381569569476       0.72273400630423645      -0.47134052144264627     
 -0.12227253757372267       0.58638905005324327      -0.80074796817286331     
 -0.32620827320820628       0.78856030418357737      -0.52130682822731156     
 -0.49124618862784730       0.81241733572488406      -0.31409434056072527     
 -0.41388023193921714       0.89736306561463497      -0.15311003259333317     
 -0.42781140069968920       0.86825615467032757      -0.25121436127042412     
 -0.84753696767080100       0.38422525893308129      -0.36613117707904386     
 -0.70325844100072976       0.44546146074687210      -0.55406827390726987     
 -0.89600627137149813      -0.10089837017569780      -0.43242604056524853     
 -0.99664729748627057       -1.8806524634315609E-002   7.9627125055351897E-002
 -0.95694182395544336       0.20459842100842496       0.20591705049782880     
 -0.99176475256568719       0.12659031468835918       -1.9431103815846482E-002
 -0.82566348766943265       -3.8857114952403682E-002 -0.56282317804721105     
 -0.86532506335922199       0.32574341130180834      -0.38092488067314184     
 -0.69918158138903108      -0.32823015171696757      -0.63514571851680479     
  -2.6978328868341762E-002 -0.53909127286921110      -0.84181516337478168     
  0.16492935797967190      -0.85149736391299624      -0.49774546318943746     
 -0.68360903131425432      -0.31761546979600275      -0.65711422572627320     
 -0.77920290159193706      -0.47154135706860750      -0.41290626869136937     
 -0.91776385877418776        8.7422595797082420E-002 -0.38738454960419155     
 -0.77054202153893758      -0.30620602738763153       0.55901955407139148     
   3.2797246970737846E-002 -0.51894182603950290       0.85418014597507319     
  0.10466568543692202        2.9337977026128670E-002  0.99407463371523119     
  0.58680025150641102      -0.15993047616296935       0.79378064200783061     
   9.8828551285462599E-003 -0.41913130316596831       0.90787184111025521     
 -0.16892317659620146      -0.19782219323511371       0.96557306314557512     
 -0.31190716354433407      -0.36655173821625531       0.87655789571503762     
 -0.26145729417774466      -0.17271338092537858       0.94963686289583105     
  0.24513469680373234      -0.33248153099763711       0.91069479627834049     
  0.55378315441265935      -0.58577386890392624       0.59177123316205438     
  0.46667253875358966      -0.36179509499142198       0.80704463991372555     
  0.23876523083344614       -1.7079095364909758E-002  0.97092711829807099     
  0.41035454721144049        8.8689402674718698E-003  0.91188293518490693     
  0.63726893149567110       0.10249750202761179       0.76379484878370052     
  0.71859974770061030       0.37708930182035177       0.58430990155680429     
  0.96362627448547022       0.26717152633382635        6.6165427365835749E-003
  0.97682290391119930       0.21379917887904362       -1.0340478962423488E-002
  0.61412058653753898       0.38149428888735448       0.69088205414325143     
 -0.29261664901832274       0.82817113977373902       0.47802516666300937     
 -0.46064447916060569       0.77548601108653126       0.43177321643190303     
 -0.18295474318540358       0.86005125965507434      -0.47627659265577793     
 -0.14555046151563672       0.97061167276837357      -0.19164562045189235     
 -0.60487245049609817       0.56883707247285120      -0.55727345496749692     
  0.43268369403932627       0.82680778845934266      -0.35940743155300742     
  0.30321326554250139       0.14910434895651675      -0.94118521488673978     
  0.19970428307038823       0.64233657716207593      -0.73994724201331130     
 -0.45895813436344157       0.22933829208285816      -0.85834805218290489     
 -0.85548424287341829       -7.6650305015045633E-003  0.51777210962237930     
 -0.42140132188460261       0.59872031714439689       0.68114235498352715     
 -0.47037088187149678       0.58398154169159744       0.66160168715853840     
 -0.98524677414856043       0.10232794540062547      -0.13717793415875185     
 -0.78737324637902761       0.61119237296001105        8.0543492115421444E-002
 -0.95505300804086701       0.12877811116194249      -0.26700177886625709     
 -0.97474164818930753       0.22024272689805641        3.7038635689417898E-002
 -0.93730972621976405       0.22456308450401466      -0.26649933998405761     
 -0.28173258086367337       0.60789002882327514      -0.74235871769464423     
   4.0937455333778072E-002  0.25555326338195139      -0.96592787221701137     
  0.12942135896395346       0.29914487367915643      -0.94539010804825385     
  0.85963854228981174       -2.3286631880704210E-002 -0.51037173646822565     
  0.90762838900419329       -4.3917142290808300E-002 -0.41747094759603148     
  0.80355481698598308      -0.48143650621291639      -0.35002649411747444     
  0.68663640315172347      -0.60213444206794908       0.40738748574597949     
  0.39167629149888489      -0.82813303207242794       0.40098050310247291     
 -0.14978176881592992      -0.97733633963848288      -0.14959646036090049     
 -0.83067218445837265      -0.52675620352408903      -0.18030980011105158     
 -0.83567451028238660      -0.49646175790200653       0.23489111478563865     
 -0.52174878635831967      -0.84875034761658474       -8.6029363326971808E-002
  0.41786867672588268      -0.89528140535060485      -0.15445703041578901     
  -7.0205325259746654E-002 -0.86925826265097539       0.48934781609635264     
   9.8814404346652590E-002 -0.53955772268552282       0.83612988069092609     
  0.13568788712661431      -0.77095304377266449       0.62227019982067922     
  0.57943583270588361      -0.57916641573952843       0.57342861687918723     
  0.63184909539207357      -0.53019168496005897       0.56538791802756805     
  0.79614809516742602      -0.11956528994983126       0.59317143559060437     
