  0.37002366986025953       0.42662436574040274      -0.82527215771513895     
  0.46965531345844630       0.66073491784847749      -0.58553672376378629     
  0.35336107608686890       0.91536201360802871      -0.19299827447465473     
 -0.26276661295563525       0.96389889327454725       -4.3042196272092992E-002
  0.33117944035203983       0.94198578383348508        5.4616493330630733E-002
  0.50636384844225968       0.85804356452486241       -8.5772340344840325E-002
  0.57324856420525838       0.81819539986044099        4.4072341483660293E-002
  0.32290699547062041       0.85994212352168142      -0.39526018831790355     
  0.60687916719421431       0.75101950709357079      -0.26012953771273661     
  0.64764180069896216       0.75998623584427116        5.4598711657759980E-002
   6.2902457502809053E-002  0.87598537766678841      -0.47821846362735893     
  0.11601715494122596       0.93182535481691220      -0.34386265845498376     
  0.17724590698400011       0.96575915830265968      -0.18945484056088133     
  0.13789714177730855       0.92126786168116781       0.36366180074770471     
  0.53429987430762760       0.74484885143676327       0.39965464194502015     
  0.18170409821595956       0.38460286015073225       0.90502169070991889     
 -0.30364759668829355        4.9670637786914468E-002  0.95148881484088155     
 -0.29872993825144556       0.30423384784128665       0.90454529450989507     
 -0.42622124166566744       0.10423518510316050       0.89859361189556408     
 -0.34074423986200364      -0.35640682537889173       0.86998134337710531     
 -0.28146006939519363      -0.95838550603562889        4.7722648259616474E-002
 -0.88860722761995681       0.40464240878783353       0.21596693272801945     
 -0.82766497832949659       0.38210641609000967       0.41105397508067770     
 -0.89117577565473272       0.13631454894758643      -0.43269398035032752     
 -0.79726726465877262      -0.58842838056669011       0.13459921859790186     
 -0.78495476867966474      -0.51313655556219673       0.34718422555305212     
 -0.41642329707670528      -0.90459739385873350        9.1077948350840099E-002
 -0.69046144404471221      -0.40319845697308032       0.60057805369680517     
 -0.58826375781130469        2.4330348013937186E-002  0.80830302820863986     
 -0.62942647792816231        9.4751966696743045E-002  0.77126154687633453     
 -0.72422864283179966        2.9271674174372236E-002  0.68893834411585997     
 -0.62905480424609916      -0.42396194925081387       0.65157219004680034     
 -0.63094098733038118      -0.64033547841845850       0.43804559760970413     
 -0.68057094154537889      -0.44022831753791364       0.58568098992693574     
 -0.86262217457402679      -0.39432046336368115       0.31685068424389312     
 -0.70488257703735180      -0.52789297315786854       0.47378218780334702     
 -0.16838845925317680      -0.85651672189608474       0.48787747632243661     
 -0.56148986968406311      -0.80856069932305119      -0.17595090722254852     
 -0.85752320816523830      -0.44042519371567657       0.26585634504095751     
 -0.89884339168405225      -0.31870643271882787       0.30084342600366376     
 -0.41840401649944103       -8.8551999751396229E-002  0.90393397010911070     
 -0.37773711403226351       -9.4822520752287781E-002  0.92104471240043662     
 -0.39035565677432443      -0.90983212777895062       0.14081179100332678     
   4.1564847715258257E-002 -0.97234198018127804       0.22983349845404971     
   2.9827078535356679E-002 -0.64667652388785257       0.76218096200207586     
 -0.22086353136796741      -0.82616242961843156       0.51833863486980458     
  0.27302928767362888      -0.95979825141378761       -6.5133130244783399E-002
   4.0797305871741033E-002 -0.99055817637829202       0.13088192787287431     
 -0.17746464669895556      -0.98182210374357215       -6.7317574024660001E-002
  -7.6857976020285323E-002 -0.98338365104668701       0.16446715895931424     
 -0.52083667634933384      -0.84276303537755159      -0.13593977626358153     
 -0.25032657671802894      -0.96802149206089627        1.6461953007825783E-002
 -0.77592321274264975      -0.63070184109810090       -1.2583940660837151E-002
 -0.54362642752669765      -0.46335903130291906       0.69983477721859988     
  0.35709819809129434      -0.60561171296150995       0.71113664653408992     
  0.26785346731973020      -0.90754281994616293       0.32345100093980350     
  0.36816137897185008      -0.68779565062435610       0.62561517086447838     
  0.44027049497219078      -0.64689121305104569       0.62265050368107311     
  -8.7935535891767499E-003 -0.79921886435270162       0.60097577345351871     
 -0.42076058709891256      -0.44726822312566827       0.78924753083313159     
 -0.33408168077764488      -0.58176675880345463       0.74157728452274285     
 -0.18111157411136669      -0.69736827454965478       0.69345229639428674     
 -0.17038193857848100      -0.27376397306977801       0.94658506329612646     
   4.0270931186625121E-002 -0.31857323060675635       0.94704242188098342     
  0.40971703377368568      -0.38974003787322298       0.82476339341311944     
 -0.12358544420318845       0.19046834159885498       0.97388318027865817     
 -0.62756485468808287      -0.15556562365189522       0.76286413593649294     
 -0.89551583190350315      -0.44138470566252808        5.6841326668556437E-002
 -0.94401987468227144      -0.32567436980290837       -5.2561212489659358E-002
 -0.72698725192707769      -0.62922680336364267      -0.27488755058092584     
 -0.96659761277725553      -0.13072665527455288      -0.22045316186000483     
 -0.95320654662616644        5.9501493810479228E-002 -0.29640656487890371     
 -0.66884111230414511       0.68559881391916799      -0.28741230461556055     
 -0.20134785940532318       0.92740991982210497       0.31522988457397783     
  0.26133161062429411       0.90483034762166381       0.33613662595941962     
 -0.19357257392590912       0.97449163287912977       0.11355930641013261     
 -0.57211784111556552       0.44782674905222697       0.68711889706992835     
   7.0260142692279551E-002  0.99748784420685987       -9.0284554847537557E-003
  0.43603484477978877       0.85836412878336676      -0.27034170332351820     
  0.17193485738875403       0.70892932805746067       0.68400117882557332     
 -0.14221230392911341       0.82377307036915481       0.54879284720720978     
 -0.38047542547383162       0.38660963180028507       0.84010204333152005     
 -0.42146615551863964       0.75633836804426513       0.50031845136519015     
 -0.47471162302897890       0.39099715046959355       0.78852400298653136     
 -0.54809661889135430       0.23685090668671593       0.80217937168788866     
 -0.52290504375479552       0.73878430617473467       0.42516827746875868     
 -0.78777186462639515       0.51681308853951213      -0.33514134453595001     
 -0.56376994356654275       -4.1468031497899363E-002 -0.82489020669096869     
   1.4186792604997342E-002 -0.50647783515446554      -0.86213626383122599     
  0.32005476099691371      -0.41381045974488873      -0.85224753057370983     
 -0.21964904772006799      -0.81412736287874055      -0.53754156383275953     
 -0.60984060192112355      -0.48095620693737806      -0.62990123611319460     
 -0.88207263011711035       0.32288893586060691      -0.34306065104750766     
 -0.75252124082198402      -0.21361723897842952      -0.62296023735306727     
 -0.77221586183524815       -2.2441461119625972E-002 -0.63496381279006342     
 -0.11043094304559772      -0.74437639616843976      -0.65856570488098976     
 -0.41044463805536086      -0.60645901398090962      -0.68098653691023758     
 -0.23909173580641185      -0.51598627900917160      -0.82255291729068825     
 -0.67794173465602947       0.66914268074810301      -0.30437325311669744     
 -0.52965794467641825       0.82335777841336788      -0.20382450875068386     
 -0.63224294609358256       0.76521714601766944      -0.12129128804472705     
 -0.69639262558742032       0.71334074705166983       -7.8627537308743320E-002
 -0.68095845128466392       0.61612145668726703       0.39584079910184422     
 -0.87925346884751965        6.6588196971793731E-002  0.47167716665502513     
 -0.73252702577901496      -0.31017826319384090       0.60596501676702819     
 -0.90387016342146709      -0.42443275379201550       -5.3624296592497345E-002
 -0.86520223166370891      -0.19088693554191188       0.46366720410611895     
 -0.94130075582526007      -0.26475714444382187       0.20941953478316444     
 -0.60328200749868777      -0.52712899123978796       0.59848629560158073     
 -0.94302918540119796       -3.0016073259211865E-002  0.33135327194357445     
 -0.83663059347683488      -0.51651015818383261       0.18239108133767903     
 -0.91349510252830812        1.7001619537937888E-002 -0.40649433278940805     
 -0.38626963286891886       0.52467546452961733      -0.75862469485507378     
 -0.82785970620866456       0.54808439418067456      -0.11938091845714532     
 -0.38042522021429920       0.87128045209244520       0.31007583850804060     
 -0.66919963011963324       0.67568543613742582      -0.30922652932681388     
 -0.18304081943550291       0.79901834249476766      -0.57277023908139446     
 -0.56579563787875475       0.47940119037923268      -0.67085750709100644     
 -0.95329548573031675       0.23100678816397990      -0.19458566419038165     
 -0.92918538954953056       0.31233191966692703      -0.19764433663759540     
 -0.81561768047521221      -0.54860978163045893      -0.18383445486525690     
   1.6254861082331359E-002 -0.95370696449705072      -0.30029786106636341     
   3.2040827449190949E-002 -0.87833798028629806      -0.47696517458088328     
   3.9061000313399249E-002 -0.81681599233201729      -0.57557438522331716     
  0.69062780818981451      -0.10624307385612158      -0.71536399113495919     
 -0.51094978109902622        4.4834036398060079E-002 -0.85844058057335171     
 -0.54825777507640616      -0.12567001182268472      -0.82681343735863821     
  0.18839421889759109      -0.21124221911389390      -0.95910601246673377     
   5.6605040101259135E-002  0.27981018764379245      -0.95838516700013654     
  -4.4102927851296672E-002   8.2971164907066366E-002 -0.99557557098840666     
  0.14435996536631346      -0.21262407034254621      -0.96641150919807317     
  0.52646003995321233      -0.11629674405890944      -0.84220834337698458     
  0.61313757674988134       0.46769505661934413      -0.63665033259333936     
  0.16052636863698150       0.58441874833004048      -0.79541562190635318     
  0.63381334504893139       0.43232604675104441      -0.64138508942647321     
  0.35600406266308587       0.81648722762377257      -0.45454341321233449     
  -2.0405205571020883E-002  0.95000058334876625      -0.31158067851304810     
 -0.40937816870447508       0.48666963418866804      -0.77172675355136122     
 -0.28696406940797703       0.49883459171639188      -0.81781151433322052     
  0.16641610732841147       0.26050793657161986      -0.95102118494010801     
 -0.32182414584741686      -0.82870766122133377      -0.45790046012500585     
  0.18756155154905643      -0.95136613936823333      -0.24438316890506825     
 -0.22653472082970300      -0.92549603066240504      -0.30354425951874647     
 -0.55061872465602746      -0.31774355338164922      -0.77191842466841487     
 -0.54386743500094348      -0.24651303708469635      -0.80214682926058278     
 -0.70533075166220005        1.9487509581654933E-002 -0.70861044850466148     
 -0.69447412441611600       0.62418018571288481       0.35791728971915909     
 -0.57124388296309958       0.62752224257014377       0.52905222923361339     
 -0.78183435835227300       0.43889170989421245       0.44284207465649750     
 -0.55804098471651886        6.3330893387498297E-002  0.82739316973215993     
 -0.93938269302435051       0.31374546976677353       0.13828932079945550     
 -0.68616079094431448       0.15005075885719546       0.71180625084154314     
 -0.79543717288541604      -0.52601184228444953       0.30098379652166013     
 -0.88509608534303386      -0.45720860357718501        8.6978230181499319E-002
 -0.82248812377375413      -0.55213894492863402      -0.13658649912883714     
 -0.26571476033377306      -0.78867240721710463      -0.55442898574587418     
 -0.12131008571369915      -0.75307017182089075      -0.64666001841604770     
 -0.42372010050339309      -0.88217145394212015      -0.20551107580634076     
 -0.82845585142487932      -0.49603799532825699      -0.26001386392003001     
 -0.30105192321840690      -0.65401973509494737      -0.69399274177248382     
 -0.36763448854890829      -0.65153673215165520      -0.66358478696139045     
   4.4139745264117264E-002 -0.21715446545072581      -0.97513877013628769     
  0.39470595232163508       0.17828175600094187      -0.90134500979321663     
  0.30201194000428300      -0.52683293762558370      -0.79450352039983496     
  0.76003956174597298      -0.45397219493998753      -0.46502592487130223     
  0.94348121276275054      -0.33091760751014382       -1.8350427883056228E-002
  0.97745272605929046      -0.14979749889744670      -0.14881827052970889     
  0.99864083423839134       -5.2107133074886763E-002   1.1536352956989619E-003
  0.89842908748770456      -0.27419949324732312       0.34298660711312556     
  0.93894530887724326       0.33267398638087148        8.7805043835517640E-002
  0.24628670800360708       0.92411043040892471       0.29216907753949295     
  0.65109088160136130       0.68395725855204337       0.32906402472709895     
  0.66649142491137081       0.66286181270171318       0.34117942168520965     
  0.33404558764209641       0.10870430003351640       0.93626754751576180     
  0.54271317425702947      -0.15984981826496641       0.82456682330094155     
  0.47687191367909498       0.57567590773725408       0.66422167022389167     
  0.86108001048774430       0.35086370302276176       0.36801613747185624     
  0.99339645794366982        7.4427899210211590E-002   8.7315320329360943E-002
  0.90419709453634056       -4.6976265992055757E-003  0.42708962354109020     
  0.84427224226361308       0.40384621099643525       0.35229620890243663     
  0.81024950048609035       -8.8562811978494069E-002  0.57935513745592371     
  0.87606678233021207        4.7648152285005324E-002  0.47982980991339658     
  0.33496992564826394        8.6474732917375410E-002  0.93825224192544621     
  -3.0312321537078454E-002 -0.39545499123772071       0.91798502878222288     
 -0.48437137774738576      -0.58389717745027614       0.65149708716524168     
 -0.24818498142402207       -4.9751504893919905E-002  0.96743423691557362     
 -0.63788917327890138      -0.16952326864055478       0.75123848676903626     
 -0.93961442988650978       0.18260396265635928       0.28944864133607295     
 -0.79031932319110465       0.45745290130609040       0.40759319238365749     
 -0.62576511227243992       -7.7091630579124229E-002  0.77619256937785841     
 -0.68533906844360337       -7.1566024984742418E-002  0.72469901706348683     
 -0.99708280047960673        2.7819970068430704E-003   7.6276795164088904E-002
 -0.73300934962914333        6.3601944285751194E-002  0.67723857394527476     
 -0.50064049190867255        8.6122476896781736E-002  0.86136056145766693     
 -0.45353487615618876       0.78839246646911920       0.41562415103651190     
 -0.14425983449531515       0.73004663022005911       0.66799776785249454     
 -0.14875520700528608       0.42404791849809870       0.89333938187361783     
  0.30992047749998536       0.29231690739087868       0.90470996638686840     
  0.43206765337514197       0.51322656778991471       0.74156323602347118     
  0.63184038539891274       0.32165756975294008       0.70520503061146489     
