  0.42430620166380895      -0.57779234553728887      -0.69722324449792139     
  0.63150058369877082      -0.61513141835567042      -0.47203850578090822     
  0.89049718369700115      -0.40085182950821868      -0.21525003277033727     
  0.66504157790651008       0.61587540441595823      -0.42239458553715015     
  0.54944173298232701       0.70474558813483767      -0.44882896303811459     
  0.36469244928751443       0.87167738535194217      -0.32738044122808696     
   5.4037247259159260E-002  0.96059435931966219      -0.27265078901762496     
  -7.2884885948014969E-002  0.96088359539910662      -0.26719002506302558     
  0.62746817908641794       0.77823833989992797        2.5075297482514969E-002
  0.66488985520281552       0.55990230698084820       0.49439952172906748     
  0.39844505256471152       0.82602017813104167       0.39866302237240214     
  0.19438851122056325       0.73078842572043823       0.65434041869545712     
  0.20214903840522566       0.70836432934203941       0.67628081681180141     
   3.0341850131839591E-003  0.41241296424398172       0.91099195421518731     
  0.19915786927498871      -0.13072181574149538       0.97120952939883587     
 -0.78898977846675344        6.3181379204065663E-002  0.61114911666212557     
 -0.87770719044745393      -0.36369720991177890       0.31201671003211912     
 -0.86886371485196423      -0.22690981471896082       0.43998611455121539     
 -0.90426310240981833      -0.39614310861653301       0.15930749861769561     
 -0.90489869987737204      -0.31144790665847372      -0.29010092105735230     
 -0.71287558716442534      -0.50491517063871094      -0.48669196385792324     
 -0.50001150538310468       0.83251396032621627      -0.23855607379916416     
 -0.54185898012484157       0.63139529018160356      -0.55473311889096055     
 -0.24313999438737760       0.13694070035985789      -0.96027609973083383     
  -5.7514907956479969E-002 -0.62192093659921621      -0.78096503377698823     
   7.7442689127893167E-003 -0.61794135815773421      -0.78618604934025060     
  0.31897786733124756      -0.64790815738964169      -0.69171391466473042     
  -2.9840332951818000E-002 -0.86425697769494392      -0.50216474491440199     
 -0.21523259034322806      -0.84087442493882214      -0.49659352949666785     
 -0.31646308404771240      -0.84164697891925899      -0.43758596790929921     
 -0.42699849992769079      -0.90403045642220792        2.0030349987330220E-002
   9.6521679478108566E-002 -0.88071119803672193      -0.46371473024206794     
  0.39603237991555185      -0.74034034962086104      -0.54318921268905429     
 -0.16190143752869940      -0.29648851556783423      -0.94121330455032259     
 -0.26727011793863920      -0.23008011772216191      -0.93575094094850497     
   6.4648837872306797E-002  -2.3403267252633975E-002 -0.99763360751513064     
 -0.10696245097905356        9.0638414462651418E-002 -0.99012307916958864     
 -0.28242283477702312      -0.45334400600907032      -0.84540910487893162     
  0.14465442966466407      -0.73610457222190073      -0.66123003163228256     
  0.14599726808127608      -0.43602373062831612      -0.88801357199191489     
  0.48795869141009746      -0.48249163384297278      -0.72739132435638221     
  0.67501822029135317      -0.48952576682749493      -0.55200989654777843     
  0.12760639653478570      -0.76757204003632240      -0.62813196934874571     
  -2.6718878038427582E-002 -0.58917302968765206      -0.80756500830899491     
  0.42021506562229294      -0.65367789311798397      -0.62938423135070798     
  0.59750919761287424      -0.61786861362544498      -0.51109797012376712     
   9.7722801793686989E-002  0.12491066868653938      -0.98734369844441061     
  0.71815573237540153      -0.32125416815138896      -0.61729093910546307     
  0.26839742955760698      -0.25950543882064869      -0.92769593457628718     
  0.45035589564777811       -4.4269691423889979E-002 -0.89175095271970961     
  0.23871399317094991      -0.15901817272547908      -0.95798165442111882     
  0.34103930187649845      -0.23455879973841370      -0.91031552993501275     
  0.38143373255645507      -0.34173743837245713      -0.85890851135766444     
  0.26340565101236962      -0.77396201929692587      -0.57584742397669975     
  0.50878602867727674      -0.83296640467294192       0.21749424293302366     
  0.81887049491239228      -0.57154955005601338        5.2746795094025134E-002
   5.7449257942782807E-002 -0.82663172469462520       0.55980315691341964     
  0.18770860146993501      -0.77910557067906616       0.59813041276217760     
  0.22651022344382402      -0.94322280104638367       0.24294827898472998     
 -0.30804747697346196      -0.92120770203944091       0.23766177991739590     
 -0.14430946300541095      -0.98732839461169630       -6.6010757309674373E-002
 -0.11030007977710879      -0.97810171071812457       0.17649627727351203     
 -0.45239009844691147      -0.86323907968365565       0.22396760956475792     
   4.3408379087007606E-004 -0.94168203649395321       0.33650372021111652     
  0.33551061359352963      -0.91949037845961956       0.20486598567437020     
  -6.4754039324209312E-002 -0.35102637633313877       0.93412386625629684     
 -0.69074069785061754      -0.48435105257536193       0.53691837946003329     
 -0.96641947443865939      -0.16119765451089782      -0.20012175195601720     
 -0.91072949477843967       -5.9792658732197107E-002 -0.40865220579653894     
 -0.44353606095989462       -5.0094518698730606E-002 -0.89485546420894613     
 -0.81033911037027972       0.36635851790009727      -0.45730948226160129     
 -0.54095694365121527       0.59115678365393221      -0.59824680714186962     
 -0.54186497201123762       0.71252717914478536      -0.44574361586822125     
 -0.65052661918996646       0.71270273347906976       0.26243081262840312     
 -0.21932425009846715       0.93277458380508005       0.28605672361616474     
 -0.20122529917055867       0.90221037686903294      -0.38147714852089848     
 -0.53787754621018569       0.42871034537184632      -0.72587546111855261     
 -0.71590398046535964       0.69708375487779572        3.9442736205193583E-002
 -0.17704708828429919       0.86058662217459636       0.47754056818681989     
 -0.53017030849039237       0.76873246648912952       0.35772872258291444     
 -0.60914377757898419       0.76128662169909023       0.22223082112711678     
 -0.51871112529818175       0.82363820950200972      -0.22925721000712718     
 -0.32543425926494746       0.94033899938921517       -9.9272902266173454E-002
 -0.70493771496221169       0.61924482169367134      -0.34583040472098170     
 -0.58464620639067910       0.60633939620947097      -0.53901887718089025     
 -0.55393197890897172       0.37270925083785683      -0.74447778817229571     
 -0.78389006999432698       0.17370664451510778      -0.59610599713108858     
 -0.80545228230431776      -0.22849625282393288      -0.54684191808619487     
 -0.17918613559362639      -0.62414983711982119      -0.76047965760719549     
  -1.7955186118812843E-002  -6.7896125950750716E-002 -0.99753081524952036     
 -0.32759864661432958       -9.6562534799937774E-002 -0.93986956733871441     
 -0.40979392040323748       0.34461939129892072      -0.84457469648418038     
 -0.88319577160600449       0.41598501811526484      -0.21661415863458208     
 -0.66400068339967933      -0.16354377210011073      -0.72962766329960571     
 -0.73848338815718595      -0.37594874211781254      -0.55973639216683990     
 -0.45998520024524098      -0.19457037182069742      -0.86634634296276070     
 -0.59405539109587768      -0.25690675786925204      -0.76229725833897810     
 -0.51411477540325456        6.1242941588573047E-002 -0.85553217345562993     
 -0.66095708601274361       0.74168298935201948      -0.11420189908850001     
 -0.43275075145752950       0.84440066756153087      -0.31577571112212782     
  -8.4453488615589878E-002  0.97977593966502563       0.18140208464689084     
   3.2298578834504640E-002  0.93702543662453963      -0.34776447910025388     
 -0.29702646738461058       0.91742238631208872      -0.26478565438195911     
   2.8590552633569258E-002  0.92344590924974490      -0.38266203494739259     
  0.33237959006007939       0.54186724462184788      -0.77194798873854098     
  0.65199517747259006       0.72413759058476823       0.22478220226395507     
  0.64567757981288731       0.59012551913499944       0.48461565656987138     
  0.65463113773810022       0.43854026687177172       0.61574386544715065     
  0.45645722799391181       0.63881175830329906       0.61932732578627847     
   7.8552124281345420E-004  0.97222640240478697       0.23404103363189332     
  0.20007075053687090       0.88738924050572665       0.41534567605104161     
  0.22276487919915483       0.60446766984589750       0.76484942616601115     
  -7.2464566615707854E-002  0.96305479918165537       0.25937297538176485     
  -1.2057477655733822E-002  0.77756303761282453       0.62868938258162088     
  0.18112215970531126       0.86253307831109660       0.47247375808910469     
  0.48486190618830860        3.7448704298064156E-002  0.87378860514074930     
   9.0947611101722434E-002   5.6921073661604059E-002  0.99422760141134781     
  0.45588118992273863       -7.1162512328793809E-002  0.88719120685097763     
  0.95193832534263301      -0.20586257875502612      -0.22679070398110385     
  0.89910209845669697       0.40394107363275761       0.16866246050390288     
  0.67822783176196810       0.37339518799281696      -0.63291629921124648     
  0.76879981963421362      -0.51108287740079639      -0.38437108340526577     
  0.80502264250925748      -0.37227429394607453      -0.46189868490219410     
  0.78903956112047668      -0.24793822570768512      -0.56208825572124710     
  0.63940409859016700      -0.62906087394186749      -0.44209141088873427     
  0.94369686412298059      -0.27154688697697965       0.18894051131919659     
  0.94036073068960846       0.16979197198442444       0.29477513875256267     
  0.95349470638156075      -0.25354811624810003       0.16297606465186759     
  0.87476420884710437      -0.21477269433430216       0.43435039851308926     
  0.72318987594919948       -9.4513196786924186E-002  0.68415178064350612     
  0.73947642506933053      -0.43344800593164956       0.51507032813068465     
  0.87623215084759742       0.10178469087923075       0.47101708517171315     
  0.42598149777234623       0.90141651536137590        7.7382358386642022E-002
  0.72515345938357068       0.68110612099382939      -0.10122703338968621     
  0.52079389396368503       0.46494353203456912      -0.71596175318899835     
  0.45327094633738318       0.41100044929511192      -0.79096401933698768     
  0.16979989325546646       -2.2672563625717353E-002 -0.98521771761834998     
  0.86386989089156929      -0.49229107274759082      -0.10666916754197571     
  0.74105201228874817      -0.60815751676701502      -0.28458100759294080     
  0.93821538866774012      -0.25013842044314899       0.23912895074681850     
  0.70872042904757293      -0.23066758547216895       0.66671419548641997     
  0.84300689358948344      -0.16594000834163525       0.51166716817886104     
  0.75621766590497397      -0.43754190789193176       0.48650993886205557     
  0.65279255945921189      -0.61627722891063930       0.44052724256384990     
  0.94215799581641302       -5.9587169171876002E-002  0.32982977456456042     
  0.76380218909427666       0.63702032003463793       0.10397753506305316     
  0.66514305905991689      -0.34607878738648146       0.66167528585063651     
  0.25627303876894708      -0.86287316143639847       0.43563061976054901     
 -0.25731598149123891      -0.84641712969348037       0.46622583393747546     
 -0.36459565548713890      -0.81835353430378333       0.44426062271202715     
 -0.24504851555569207      -0.87116978692487901       0.42545790317402427     
 -0.67730434409349438      -0.71849076173974680       0.15820825126003984     
 -0.41900560534985204      -0.69282966672739266       0.58687422467495154     
 -0.90031850710915273      -0.42874853361975973        7.4841704120895608E-002
 -0.18108143314060471      -0.62803245717127054       0.75682544044925415     
  0.26088112746669284      -0.30061916337096362       0.91737078433199604     
 -0.20560462681984387      -0.42995804359010065       0.87912616738583160     
 -0.45230321156686315      -0.54728346417383744       0.70420353211853748     
 -0.53167521041273169      -0.57422592174646025       0.62256410226339587     
 -0.12127837842923989        2.1082445336427211E-002  0.99239462182352922     
 -0.22505862588292036      -0.55795416098050954       0.79877141233289983     
 -0.11986243639724514       0.48708261786955392       0.86509162503768400     
   6.7941039390879865E-002  0.73703803330852025       0.67242765605174082     
  0.16828492738135614       0.95265499055303327       0.25323635637627201     
  0.26939345803521636       0.96139279073246098        5.6134362876329343E-002
 -0.30511820919373811       0.91475104892525083       0.26482710757881184     
  0.20585629412178627       0.97706157188483223       -5.4533209299551744E-002
 -0.34572283168217777       0.85294912089191177      -0.39109272663065897     
  0.21279440614952830       0.96665351113714026      -0.14247641951480072     
 -0.15427385343421374       0.98709751210289298       -4.2872832270796857E-002
  0.35248875080673098       0.69511437374875096      -0.62655222285352397     
  0.45290471260015697       0.13576612315571143      -0.88116109827198863     
  0.67547664333025959        4.6930318595931803E-002 -0.73588643791811648     
  -5.6920186084686131E-002  0.49480040460911068      -0.86714050304138002     
 -0.10220193106431760       0.84931696238610754      -0.51789522366020380     
  0.37316900530760827       0.21192121609978326      -0.90323545747751122     
  0.50782793606013832        8.0127701552116321E-002 -0.85772392924588292     
  0.59357287277812509       0.79603330047349052      -0.11833101554242181     
  0.23882599925264641       0.73284698333176368      -0.63710080921515755     
  0.24775706205836096       0.63475175311451648      -0.73191983858773468     
  0.62412269240367957       0.47014391388374610      -0.62404772659222640     
  -4.4505729682821793E-002  0.36651608250168233      -0.92934665291974705     
 -0.96745724255035526       0.10957081338228959      -0.22808051361672832     
 -0.87778646928288429       0.12226120965446971       0.46318798662941596     
 -0.92288191934788777       0.33655064998557976       0.18714332190899907     
 -0.94801965412199740       0.31578155799402552       -3.9252299669554597E-002
 -0.83930772269870579       0.54073722379710398        5.6265454930709044E-002
 -0.92266024449676998       0.11270972007709365      -0.36877444627490236     
 -0.96936310153443950      -0.10075814279039451       0.22401556652400323     
 -0.76472015999356313       0.47947189449399508       0.43047622383802642     
 -0.87300002986851732       0.37100029881267560       0.31659078655343276     
 -0.31043020920350778        7.7007729586244716E-002  0.94747184380220395     
 -0.62337900232091770       0.16502608469195831       0.76430688263073787     
 -0.46551928699516948      -0.52713418812867274       0.71092991296013175     
  -8.2183714730132779E-002 -0.67745510703506040       0.73095855900684625     
 -0.45805848004669270      -0.70530840907104719       0.54103833223827991     
 -0.39903342396074565      -0.87549069832019033       0.27255891788214098     
 -0.40233615621364560      -0.91515245990939831       -2.4931757361348339E-002
 -0.87174188127878238      -0.45112036954870000       0.19119755386221149     
 -0.94258969837285433      -0.30145363454940388       0.14370235467262110     
