  0.10902928314233695       0.63488826806973342      -0.76487221317350629     
 -0.14503103686878402       0.94890583947552853      -0.28025650064543040     
  0.12669152658244082       0.94523233880600299       0.30080738482880814     
 -0.74862360103019210       0.39511754830616058       0.53239536718599823     
 -0.16098973205018158       0.87570654892195510       0.45521461570298694     
 -0.12225877170135561       0.74901490717142083       0.65117544607968769     
   9.6832225635941363E-002  0.91851631184525528       0.38334228171780071     
  0.20179267439530532       0.69242582184049506       0.69269488074393204     
  0.28828766230149627       0.16778279445067204       0.94272963125761255     
  0.11916681457703758      -0.35303378146237774       0.92799052767254131     
 -0.17684627110084331      -0.38700817352113415       0.90495860127720162     
 -0.15307814664997227      -0.58691849315252032       0.79504324625383194     
  0.20871456302457697      -0.42734937291686048       0.87966513210938069     
   4.9246017452845306E-002 -0.94345396097033496       0.32782533961611748     
  0.42047845472347578      -0.90172280777521263      -0.10046813948388714     
 -0.32547664009493038      -0.94093300724477114       -9.3327555576389734E-002
 -0.70670513554792236      -0.42931806412273632      -0.56236451809136889     
 -0.37307919541058909      -0.57053878781739320      -0.73164021591740558     
 -0.55939465792538656      -0.35345792799146558      -0.74976336922027831     
 -0.31809150486048809      -0.44084786278653487      -0.83932768119022227     
 -0.72272645010666781      -0.47388222617918191      -0.50309255016120180     
 -0.70703566315129662      -0.33069037637147025       0.62509554950222601     
 -0.72778832326915754      -0.47125465089603463       0.49824011332073614     
 -0.92731937058226532      -0.35641636359987838       0.11421979119728295     
 -0.56957704274021304      -0.19684868283132442      -0.79801791236216113     
 -0.58471105183101835      -0.11509169496625127      -0.80303604378415538     
 -0.56477599823870639       0.11101890606759994      -0.81774254769399135     
 -0.40501473506118346       0.25235231587288998      -0.87879541023888341     
 -0.49020306524239998      -0.14323011921346601      -0.85975931968025521     
 -0.48668191605790129      -0.58522654068289504      -0.64857583108111816     
 -0.14505606797746878      -0.42389245687846766      -0.89402120900150284     
 -0.52597428737856877       0.28954930765551107      -0.79969509655420912     
  -7.7941481130099605E-002  0.44934193179633930      -0.88995334363597167     
 -0.73115185582108411       0.20751433114233189      -0.64988827201292754     
 -0.44829231179999540       0.23788631714259734      -0.86165196181366510     
 -0.58577269648203534        5.3357492926808747E-002 -0.80871708650474394     
 -0.57538806974672685       -6.9322095858713614E-002 -0.81493743086135650     
 -0.93741328660505807       0.34721748651821266       -2.6388390483592900E-002
 -0.99820834913016399       -3.7321085356788169E-003  -5.9717360061679714E-002
 -0.78462057870618762       0.41721354250945664      -0.45858849464148627     
 -0.66785992678147610       -8.5313842912799656E-002 -0.73938127269152398     
 -0.83259658826452676       -2.5577849507965975E-002 -0.55328897948979694     
 -0.55113815376263975       0.20461478569590413      -0.80893728121639807     
 -0.42418856713470454        3.1956914566550802E-002 -0.90500984255623484     
 -0.93217548144610851      -0.16848684439797779      -0.32040763888453366     
 -0.83358849210294805      -0.22029892278762211      -0.50655563411356019     
 -0.21076553809526488       0.14819171761580244      -0.96623863656009401     
 -0.46986434863557169       -1.4829662679290694E-002 -0.88261405777728696     
 -0.76951994270686475       0.46292019850539540      -0.43993629947090207     
 -0.45903494077731066       0.80591393142279522      -0.37388455208021065     
 -0.20173086780706070       0.95660249450840129      -0.21027678063474037     
 -0.31862705008944858       0.79291057559374922      -0.51939351368965458     
 -0.54153315445364314       0.71553639677882197      -0.44130432528157715     
 -0.67585470406240544       0.16600390691680117      -0.71809687500023744     
 -0.77702237134933405        8.5573886503080718E-002 -0.62362917216194202     
 -0.65112543179258797       0.20459640167601661      -0.73087343945045202     
 -0.88787636533473180       0.30050122126838152       0.34838854156849342     
 -0.96341295149438400      -0.20221503982577194       0.17591066642234887     
 -0.99326979328356757       -3.9693918589686031E-002  0.10880951510515691     
 -0.87745155740447223      -0.37311606135000080       0.30143518237117123     
 -0.55521841764592583       0.31941002242946442       0.76792561246411484     
 -0.40076252389816719       0.50681972534453235       0.76323205215742695     
 -0.63653447202542157        5.7736593388733597E-002  0.76908409924222787     
 -0.79417961166437467       0.15112996277320706       0.58859024691958428     
 -0.97476432051295903       0.18344300276774178       0.12721314472382350     
 -0.89450357391051050      -0.39315505953738039      -0.21282024203884448     
 -0.60010072647456425      -0.70460319565716767       0.37869968940364906     
  0.18257024522995055      -0.63753472481668150       0.74847684012911164     
  0.52384570698197708      -0.49752742128992883       0.69141314735922332     
  0.72534533161264980       0.45305332454123626       0.51828258221742063     
  0.85961944844572336       0.23278639059131528       0.45482403213701361     
  0.99076359988482210       0.13212821016049811       -3.0489756034219634E-002
  0.84460052871083946      -0.49963447696032226       0.19239370138859574     
  0.72345149778690898      -0.51536809602919242       0.45936222738183979     
  0.81416395575148925      -0.44656788234604677       0.37109861170863356     
  0.99726750709659073       -6.7406390303090286E-002  -3.0230743221887610E-002
  0.77992426374011747       0.60454435409007612       0.16200082335366850     
  0.51678492495562400       0.23392175233166068       0.82353746431156960     
  0.10299438307471737      -0.16790237026011878       0.98040856336331672     
 -0.13605522690257452        5.8516004739392134E-002  0.98897161355718399     
  0.23475602326112016        8.2935049986034182E-002  0.96850987967417612     
  0.41564363944597388       0.32712111293729523       0.84866491765526453     
  0.58420885430692548      -0.15486964768324707       0.79669028284261767     
  0.71975408401686258       0.53633549243920475       0.44079280630598289     
  0.11846309951770112       0.98821320826589265       -9.6959522799598630E-002
  -7.9760973872637586E-002  0.99662877832730346       -1.9216275829774254E-002
  0.25506527643859123       0.92779022931396904      -0.27229945858357718     
 -0.55218289761937289       0.81133278182282120      -0.19191968298309017     
 -0.56267076061350718      -0.23710429990306298      -0.79194896686474647     
  -9.4012301756175309E-002 -0.11849040753913881      -0.98849466889800597     
 -0.14401092599657903       0.37966305247323912      -0.91384726282913897     
  0.19017366485095533       0.56311219325320550      -0.80420061863117676     
  0.13870960188501544       0.96584118344776060      -0.21888456935377937     
 -0.29973530254146830       0.95374701703116627       -2.2921080134968724E-002
 -0.33215083896522718       0.92577967301149211      -0.18057634732565203     
  -7.6270150864633499E-002  0.98133950179438068      -0.17650962099868459     
  0.36420288839820514       0.81515320454902696      -0.45042369963840989     
  0.38279243414792341       0.66722965022749281      -0.63896365015272083     
  0.84711040490193168      -0.22387259338989532      -0.48195956659848643     
  0.85412677990726382      -0.51091267308168231       -9.7137450707161191E-002
  0.97402129883161037       -3.3635689367164379E-002 -0.22394452398585663     
  0.85341252176875493       0.31350069172635503      -0.41641852021182468     
  0.95133995355679435       0.14616961868501852       0.27126875113081705     
  0.88983665680773028       0.30657866424480795       0.33793527017933261     
  0.82879185870706173       0.52974391787150099      -0.18020942377997215     
  0.91201353851646783        9.4338076604010071E-002 -0.39916366676514797     
  0.82361744559763417      -0.36231492662772236      -0.43632808441585758     
  0.77262631664972592      -0.41650473744355454      -0.47913711869088577     
  0.81606822125381284       0.25157139900169645      -0.52033113443651857     
  0.42881232788242163       0.56511499873806004      -0.70481559691695905     
  -4.9834203842188132E-002  0.59368986301525761      -0.80314936262214731     
  0.35797309405728578       0.38690477362152809      -0.84979995297714128     
  0.50965009512768167      -0.19132776539187019      -0.83883876086320652     
 -0.63314765887363444        1.4040720883560162E-002 -0.77390367631887802     
 -0.42999155844666170      -0.26248104627128332      -0.86383503055440225     
  0.23974818603264769      -0.42271817876596296      -0.87397376884825850     
  0.36033335380654602      -0.81291141887108664      -0.45753130953366539     
  0.12904074213208919      -0.61483243989544523      -0.77802927819088674     
 -0.74020364460160559      -0.36755457490148891      -0.56302948323115765     
 -0.57080054173098038       0.63801040681197962      -0.51684568524782271     
 -0.28648887274191920       0.64520736590201699      -0.70825954337434771     
 -0.63577268564994072       0.58048851537284785      -0.50874961985411593     
 -0.17724086989698429       0.40961099050241556      -0.89487681302948430     
  0.27289340390893668       0.41660970887099391      -0.86715946663658527     
  0.11406213579743840       0.43727382923942193      -0.89206582012743263     
  0.55374319445287068       0.45094541304568730      -0.70001193493410496     
  0.59382935145773541       0.30791658190558513      -0.74333981457670051     
  -8.8003770941753462E-002  0.60737023617679908      -0.78952943739078496     
 -0.51386398723310056       0.82103660072488494      -0.24868193117921647     
  -4.7391250047454224E-002  0.66928546062285132      -0.74149244205034603     
 -0.38546361558937609       0.82966493871542979      -0.40382408363442823     
 -0.59801480986894395       0.80096343975163586       -2.8911163219319719E-002
  -1.5595634370232328E-002  0.84693659870740090       0.53146512017124392     
  0.17920267949491703       0.47768733796212104       0.86005883915730585     
 -0.68218871051938579       -7.3877296840592105E-002  0.72743433260435209     
 -0.35104449441541047       -1.2653351347077041E-002  0.93627328042640401     
 -0.28745084802860577       0.72161802499212269       0.62979316920251949     
  0.21220928275868778       0.94929295247082102      -0.23197006423323083     
  0.44011544266473251       0.89782683129531315        1.4331020001729117E-002
   5.5444359903796245E-002  0.89647597147885383      -0.43960977641078358     
 -0.41510239689729650       0.19223140896167581      -0.88923398804745113     
 -0.65082208958807430       0.20443468729165076      -0.73118880348113435     
 -0.88202965607745387      -0.21897672464869389      -0.41722042119492192     
 -0.98279340673253868      -0.18095212351424331        3.7060068520353102E-002
 -0.81122575440548506      -0.58358728093614720       -3.6587715408893023E-002
 -0.51111123069003961       0.18820846647537320      -0.83865540182457554     
 -0.74096677011118206       0.53726142784882913       0.40288758200873864     
 -0.62852480477859707       0.14556468319680754       0.76404678703854467     
  -2.0851872517112915E-002 -0.47484566527499639       0.87982202381056740     
 -0.29823707471429167      -0.47081660953926580       0.83029294074313742     
 -0.85892434171990606       0.15995827764414297       0.48647952126906330     
 -0.48839063810330446       0.17853275987028844       0.85416663378183544     
 -0.51538097851357811      -0.34210225451261056       0.78571527568438837     
 -0.35036955396783132      -0.77575051681154017       0.52483550882070018     
   8.8733232417452707E-002 -0.25376486610988347       0.96318731625423526     
 -0.12077194766525412      -0.52221496753580454       0.84421896705699517     
  0.23324011772674441      -0.34006064209698339       0.91102020130152095     
  0.27688356306982076       0.42728381453131603       0.86067649807658375     
 -0.13823741660204003       0.69352993825348330       0.70704076360372836     
 -0.22955428527757030       0.92560798100610620       0.30092307257597684     
 -0.66135092124612849       0.36175623944423518       0.65707486802505055     
 -0.97710834453419382       0.17632681389413388       0.11902998674147641     
 -0.90582144552991395       0.37415338807729642       0.19873789525006480     
 -0.99133127296903345        7.1734991866212322E-002 -0.11007451192548533     
 -0.80010671760349084       0.37484938870032841      -0.46831311772874346     
 -0.52638165825493943       0.49594269555243198      -0.69062521861062331     
 -0.46577592261697409       0.53389623737144554      -0.70569653366801199     
 -0.65563460750131031       0.20599226391738432      -0.72643681669697091     
 -0.23768775928348027      -0.24615325903806215      -0.93963455776796290     
  0.32959103252445987      -0.65678330949533648      -0.67823700551348920     
 -0.31920794528305152      -0.40891956765633158      -0.85492167761499371     
  0.10884934548983363      -0.25785135589205133      -0.96003359225140139     
  0.58808095331505572      -0.41901407537712371      -0.69180054711163708     
  0.70649512469962628      -0.12677988602021095      -0.69626970297183011     
  0.66293869167884945       -2.6107364319956472E-002 -0.74821834821360356     
  0.10530003293968468      -0.34904091698344181      -0.93117256259747783     
  0.34886580952240476      -0.60829783231792400      -0.71292804275306676     
 -0.31171958139699080      -0.86727940263325987       0.38814602966136313     
 -0.34537296626318831      -0.53646630028137132       0.77001391080751880     
  0.14395616892211083      -0.37578897309882664       0.91545577125639310     
  0.22697763941718899       -8.0887937434165141E-002  0.97053505489617176     
   8.3812889851457600E-002  0.24856422077948023       0.96498250121085483     
 -0.39439773029258535       0.90561899150351766       0.15589955923054588     
 -0.72933280618732521       0.52553189528048005      -0.43805237684771636     
 -0.40435677938550330       0.91282702622737077        5.6942208896183774E-002
 -0.19677518519580031       0.76344428166308020      -0.61516855843515339     
 -0.54279639564761750       0.57613900428092757      -0.61109403582278987     
 -0.19830664224280867       0.97881733692522199       -5.0902815020969716E-002
  0.37744067818745336       0.85198175123089503       0.36285758917107303     
 -0.11209422994032217       0.89502579436715068       0.43169863450285489     
 -0.49161080299262805       0.41143738671154123       0.76748817267562663     
 -0.67271916633944806       0.27533603467316609       0.68675977695998958     
   4.6588606857777583E-004 -0.45015528927395382       0.89295016573656527     
 -0.40216323706419743        9.9362369460622713E-003  0.91551406431003002     
 -0.83153671716386257      -0.25822957080857056       0.49179688568398300     
 -0.95912723475534567      -0.27259708948816880        7.5932696207514638E-002
 -0.98609557132885162        9.7142670949243004E-002  0.13482887556665396     
 -0.76294346131525304      -0.35065712029101614       0.54309930843781795     
 -0.45363791308998413      -0.65525420341300711       0.60403193021319246     
  0.15540061791378612      -0.39775537096183172       0.90423520879424135     
