  0.97931128626183739       0.19590847594366742        5.0688003054690262E-002
  0.79697856077840146      -0.47318015506709388       0.37540073855852307     
  0.41207109757944127      -0.59893489535493094       0.68663993596779405     
  -3.1437511526154330E-002  0.47506892983763571       0.87938682885972808     
 -0.40913670949150405      -0.54049749104169775       0.73516638601346918     
 -0.58981051138183949      -0.41261140171216859       0.69417245108159598     
 -0.80545283959984937      -0.16992450837750808       0.56777758377134957     
 -0.85892562424370178      -0.51064172949103381        3.8623776613888716E-002
 -0.98039327778155683       -7.7822691726704252E-002 -0.18103217817061890     
 -0.68397341881402118       0.40597682199570856       0.60610492685520134     
 -0.87090462436322491       -8.3879384623602504E-002  0.48424103925415118     
 -0.85873345702600501      -0.22668239642720273       0.45955624349390789     
 -0.84802400079377038      -0.40027768225182481       0.34732271905077239     
 -0.78737837404881983        9.7990070377153987E-004  0.61646924973988149     
 -0.57938850695976252        8.2320272301015962E-002  0.81088367277386575     
   3.5221843512293516E-002 -0.13348863039425318       0.99042425621301311     
  0.43522643299108660      -0.61299174577594384       0.65940812220995637     
  0.21047364819637421      -0.27651856387477397       0.93767709113935627     
  -4.9878156176937222E-003 -0.57852734816665241       0.81564773592443318     
   5.7920107405491555E-002   9.7974345251834419E-002  0.99350203262531478     
  -4.4077191513849853E-002   7.5955293744831981E-002  0.99613653408577207     
 -0.70405335161946059      -0.47097288144482030       0.53150110349552238     
 -0.36399761552627891      -0.58749148024817788       0.72274441992098626     
  -2.9634975909754918E-002 -0.77649232851981675       0.62942944954355484     
  0.67681746010667687      -0.39202470574933462       0.62308487044452632     
  0.74134441393538675      -0.47460299389065219       0.47451075658711317     
  0.62870101186323113      -0.74630093197253611       0.21856339267843086     
  0.45094346141748226      -0.89072291096435008        5.7119965756568011E-002
  0.63712321671141869      -0.41570771998169748       0.64904629902258693     
  0.34714437340473003       -2.1418844850618277E-003  0.93780925371010915     
  0.20935618979468712      -0.52335025839443738       0.82599908767091379     
  0.73284053180163367      -0.66927537102086954       0.12253665857039614     
  0.95051045074114671      -0.23409795645117126      -0.20427439834034730     
  0.67045178764497981      -0.73254247669476480      -0.11779609620679696     
  0.89274286171623141      -0.44628624510709447        6.1957810507755777E-002
  0.85898707530897389      -0.50485378981226658        8.5228254495301844E-002
  0.84111383178193855      -0.27469110282668963       0.46591020595494431     
  0.26619985403487534      -0.96371281654373853       -1.9880768123517009E-002
   1.4767710908443182E-002 -0.99974432848250083        1.7122861373666406E-002
  0.18112411184992719      -0.90022807700120278      -0.39595891893649343     
 -0.54509049900608308      -0.81721281135800039       0.18718859165477764     
 -0.40450516958494487      -0.87612773970919999      -0.26225131361185317     
 -0.31478499628602707      -0.78488912318718496      -0.53372227835804498     
 -0.60485088037278689      -0.66842070680291921      -0.43286160747912822     
 -0.32340030551525983      -0.16525374212659602      -0.93172068942673048     
 -0.19728048959751696       -2.2505443330869485E-002 -0.98008872733272667     
 -0.36756719922763259      -0.32145465282255065      -0.87267477345842093     
  0.13429636278641438       -8.8164078945186797E-002 -0.98701143971388894     
  0.43781104989215841       0.38806324407161713      -0.81100456422448086     
  0.71019244860604591       0.62520913616121188      -0.32363594053116840     
  0.29255274151125676       0.88762600256962820      -0.35571473542222337     
  0.59299313077169080       0.80435233084756463       -3.7100872195626938E-002
  0.53986701653227243       0.84153898125567028        1.8861269513857207E-002
  0.84749964689375434       0.34395415825958620       0.40427699109760451     
  0.93994736383460276       0.18557205174087674       0.28646459961579179     
  0.73336703737863096       0.63353649971247483       0.24658526318201945     
  0.56510573844486589       0.30474990209725356      -0.76667007346604032     
  0.68991651293539047       0.23799563664042470      -0.68364704498681395     
  0.95871511828662959       -2.2232190093147104E-002 -0.28349788657469988     
  0.98162006135030910       -5.6325678642298815E-002  0.18234438044566528     
  0.99453498502840598        9.7302629131223561E-002   3.7846557554511398E-002
  0.99902841604894455        2.8468456837308465E-002   3.3641802746181629E-002
  0.93055939879975236       0.29366595970712811       0.21867672353221482     
  0.94400624630473706       0.24982752247120205       0.21549574462992460     
  0.69506782694183111       0.54076954095528562      -0.47376050861741942     
 -0.27465822650757155       0.74842508847105360      -0.60367437046706129     
  0.29647095176249544       0.92796494725448864       0.22580086675657901     
  0.52582093177831335       0.14927403734427505       0.83739453633206240     
  0.79115654499011456       0.10690389462921870       0.60219837149601363     
  0.82196465202037328      -0.54111206818422908       0.17768466589578980     
  0.70776547294525116      -0.50129442292039295       0.49776695034476603     
  0.55140736998020312      -0.57021469865996810       0.60893768955749228     
  0.13936380077145222      -0.33208255627583710       0.93289812243989867     
  0.44983891602728354       -1.3546484703740983E-002  0.89300696659077305     
  0.66071329127982903      -0.12302942095059693       0.74048748018231669     
  0.44766133471833996      -0.75796443652463452       0.47443570940874702     
 -0.16063141288589655      -0.95476844258553073      -0.25022943519318663     
  -1.5431157799651526E-002 -0.67753648572444147      -0.73532726719547881     
  0.54127709031111215      -0.20773037123881780      -0.81478046390997549     
  -3.5282522243893777E-002  0.10574642954816368      -0.99376699294250925     
  0.31045770834499137       0.31227634092160494      -0.89783043957633835     
  0.40197084642246711      -0.24894653422466306      -0.88116120075953197     
   4.1669662126599671E-002 -0.87952746223012357      -0.47402012873008642     
 -0.34506467963224996      -0.70463402475449344      -0.62001714333446922     
 -0.83034662178231866       -4.1248657406574948E-002 -0.55571848624720133     
 -0.87317332844739515      -0.26324291821934620      -0.41020909850405735     
 -0.76710901412249566      -0.31379020655117135      -0.55953504512644958     
 -0.74766800082728468       0.33204877222741497      -0.57509666439757212     
 -0.48647152394175996       0.67984016257233526       0.54878302611091123     
 -0.88368648450892395       0.38951556983587254       0.25956852265203101     
 -0.99410886960463263       -1.1032936454121022E-002  0.10782314077505964     
 -0.99129976581575407      -0.12357540716230775       -4.5319896715981078E-002
 -0.78165766637269962      -0.61295469521188872      -0.11531623571095916     
 -0.60494694037882346      -0.66828677746237075      -0.43293415480334468     
 -0.50482044255447434      -0.51697357184255999      -0.69129924547585886     
 -0.49981073952784211      -0.83847386749498409      -0.21714234543425170     
 -0.72330659277255238      -0.67828928648847331      -0.12942649144134125     
 -0.71838596712242397      -0.48058171587923992       0.50295408995675106     
   6.8475955135702538E-002 -0.23539627513726785       0.96948421194972756     
  0.28443499440194547      -0.17586273930526827       0.94242720190140883     
  0.53914067965498658      -0.67560449628351316       0.50287761149481813     
  0.11387146030592897      -0.77817419842255631       0.61763922109692759     
 -0.19800127493232383      -0.88632314317023053      -0.41860098065587059     
  -7.5212905292344007E-002 -0.99651335208130187        3.6113127824071140E-002
 -0.35701699140825477      -0.88916306891283980       0.28623050977727343     
 -0.44759482290945729      -0.89050817819705441       -8.1572416103016729E-002
 -0.21989606916921131      -0.94103496015021659      -0.25709710721640322     
 -0.62483963177343049      -0.73960884936130555       0.25010834554596206     
 -0.84484683275460259      -0.23621923437841880      -0.48003573043495240     
 -0.75835960092262356       0.22464858921846009      -0.61190172989680214     
 -0.71238723502546297      -0.24742944916365320      -0.65672147449231943     
 -0.77572482538331078      -0.35626768124212216      -0.52088802499809450     
 -0.88905532265181142      -0.40332006421709832      -0.21659538098588799     
 -0.39966808859488601       0.24600694868623466      -0.88303227582969268     
 -0.71309054012767470       0.55630941141392587      -0.42664003604056805     
 -0.76656198044476387       0.37332086240478479      -0.52250766868050524     
 -0.32995391558666343       0.80358070691668859      -0.49536699633743170     
  0.54850596009725805       0.82307722673905781       0.14725858399883437     
 -0.32904859923806928       0.74461680681670139       0.58075195251124245     
 -0.26182135719180866       0.14474931961831866       0.95419977540781653     
 -0.17029831264110123       0.58911399115097340       0.78990074701936985     
  -3.3123834535493710E-002  0.74650597638636540       0.66455371401047958     
  -2.6385870631641523E-002  0.75749702471610592       0.65230517656789089     
 -0.25862012835452308       0.92197306957813341       0.28823824899307116     
  -4.4177842656097963E-002  0.99535065035986292        8.5588556749481334E-002
 -0.35788183450360606       0.93192962365901089       -5.8547152613191364E-002
 -0.39129884076181376       0.79031065662449396      -0.47148094685180836     
 -0.45008258301676352       0.85517900232573507       0.25708858871244167     
  0.11218635971374852       0.91522266873937896       0.38701639153883949     
  0.11911824842056144       0.97507055995373981       0.18721176780508744     
  0.43267670878331538       0.84826565695589762      -0.30534610019733099     
 -0.33152995592890577       0.86854028720506460      -0.36840963318509190     
 -0.45073598294562273       0.10523146813581014      -0.88643297083994455     
 -0.15626796271893950       0.48410780616456689      -0.86094131962538878     
 -0.17073462833658770       0.79054229570241952      -0.58812631754787925     
 -0.20824676679063850       0.89843287784736758      -0.38658976722650684     
 -0.42430941453418969       0.87870037515214305       0.21873996307301313     
 -0.65811896349662635       0.50142541468114743       0.56165112249336346     
 -0.71197277929252833       0.65134121251658517       0.26239166607181080     
 -0.58852463446847281       0.58515563174977525       0.55788138636748430     
 -0.44592955341733453       0.19949332999365360       0.87255329045113683     
 -0.18377965207753558       0.47902609883470793       0.85834668760207455     
  0.33244760448497107       0.81569771706019234       0.47340872895949132     
  -4.5176598079783678E-002  0.74640544231766026       0.66395631683455525     
 -0.12423008842144581       0.98529093181206095       0.11733995406407455     
  0.45239834057290146       0.80835593208053347       0.37669142347169449     
 -0.36202047450553632       0.36718417438353929       0.85680625471635807     
 -0.46058655989204955      -0.29818908705532265       0.83602828254073125     
 -0.18305866053276074      -0.71880753815662657       0.67067521938208685     
   1.1198301900026533E-002 -0.95132148346355749       0.30799680702131754     
 -0.43987028875637341      -0.89680405851012712        4.7503786261546194E-002
 -0.41936202495960234      -0.90662146484120532        4.6615571550888885E-002
 -0.51029918741779368      -0.85834386074179814        5.3296867146405441E-002
 -0.30174935269779485      -0.91005385399361360      -0.28416423240427119     
 -0.22622506655397362      -0.96627201364548065       0.12304720601545571     
 -0.15594876623078802      -0.89764551464485987       0.41220445454788984     
 -0.45660894970040811      -0.80053974760152957       0.38812933355214463     
 -0.47247725248807593      -0.78829083967429991       0.39416087828061747     
 -0.39967249947283762      -0.88282622664049082      -0.24673821495844717     
 -0.41928771203529064      -0.65444703799285364      -0.62920337649972780     
 -0.69126370993046726      -0.71686509560306710        9.0878589553602174E-002
 -0.53115775968152934      -0.82998902558093923      -0.17026347742656853     
 -0.28702060645122818      -0.95787025532761538        1.0185550109370833E-002
  0.16667155532034930      -0.75768842413790094       0.63097451975068608     
  0.49500053036920350      -0.46568348181098301       0.73356211032377361     
  0.13858878125324134       0.19455825620360229       0.97105109785930366     
  0.42868272524040296        6.3183784947967572E-002  0.90124299187302415     
  0.42311532505081073        4.7830822098483827E-003  0.90606321183003524     
  0.64388193277213179       0.41992140375026638       0.63959524022782566     
  0.65555661867013382       0.75514403252558460        1.7348944841914238E-003
  0.31901004226708884       0.58095386270201510       0.74881586678199075     
  0.24292339158541754       0.57879825937755436       0.77844768659314256     
  0.71371894870321850       0.66249435518308464       0.22739061460969368     
  0.48595185867310481       0.82782585072362802       0.28027692007365951     
  0.78744203269349211       0.29544062506144975      -0.54097123972623340     
  0.96757487386535956      -0.24587254081736032        5.7840791285605431E-002
  0.97797019612877434        9.8595114740255646E-002 -0.18399265972676027     
  0.43076224055461299       0.76775564670660068      -0.47433654620174898     
  0.67188632921882363       0.41856367867283639      -0.61104272150548189     
 -0.10902577002374032       0.83500702056435117      -0.53932982216730230     
  0.22475627613846672       0.90541036959844334      -0.36016201765323469     
  0.39207367149377859       0.80876774314466504      -0.43837537997724152     
 -0.20401553665795630       0.97474561490787748       -9.0822062408312740E-002
 -0.63895414724911292       0.65851738863100662       0.39760840859301444     
 -0.33637221119091382       0.36378384445778633       0.86862825768572982     
 -0.71829925659775673      -0.33699691783274160       0.60867007100926873     
 -0.72767467815723097      -0.34338601422914727       0.59378077436090826     
 -0.67508030264859487       0.33678050148038197       0.65638820738840509     
 -0.42404847110532512       0.61346052414825980       0.66621999329432613     
 -0.38381914627144831       0.66704183260224015       0.63854369976861791     
  -2.4311052950672860E-002  0.78063843172411829       0.62450989713518001     
 -0.40600444847221362       0.88044063038989473       0.24491770899535625     
  0.47647213592900217       0.86564796872846961       0.15371368813360783     
  0.67395650281161346       0.59665128226821040       0.43564880314964016     
  0.76427607626445226        8.6506622261147831E-002  0.63906078236336750     
  0.45030382241275824       0.38882605507285395       0.80376661190742615     
  0.52593639188971353       0.74944025539033676       0.40215695354747871     
  0.78126015055167886       0.54463169542968914       0.30497359474792246     
  0.98942301747360240      -0.12936410722592984        6.5627892356755091E-002
  0.60930910416626105       0.29002852897162013      -0.73798771531970753     
