   1.3208400318157185     
  -2.6317747136998091     
   2.3932380644958706     
 -0.81332067939828667     
  -1.7079664403294539     
   1.4650050026939665     
   2.9596250209082702     
 -0.41417329350625820     
  0.15200262416413093     
  0.83368510655498107     
 -0.26036323180708015     
   1.1002828422153859     
  -2.0311730470256326     
  0.15254930399306313     
   1.7368612969782562     
   2.6696459479140731     
  0.24805326711896175     
 -0.18574531624693377     
 -0.17877192848042006     
  -1.6570860847407203     
  0.33952863709507924     
  0.93901183602206717     
  0.86430362008353645     
   1.2433798749690719     
 -0.63874061427628781     
   2.4289993498442941     
   5.9884300677608554E-003
   1.1773434390564903     
   1.1190481161236145     
   2.2024990444008732     
  0.26343286741475669     
   2.7024245836792922     
 -0.54040402336269522     
 -0.15822203107923810     
   1.0289521631608283     
 -0.49254246849916455     
  -2.4412550095884704     
   1.0668362782460539     
  0.82385068882429169     
  0.92282774148724633     
  -2.5985330097413675E-002
  0.55951515497854365     
  -3.2661190907850521     
  -1.8254630049771958     
  -2.9822354723161073     
   1.3584530323860400     
 -0.68793417534900281     
   1.5109539320687131     
   6.8048638461427988E-002
   7.4098942209753271E-002
  0.48056406055724799     
  -3.8917161274930052     
  0.21149534808021642     
   1.0413123731143956     
   2.4148926107379811     
  0.22903131089762704     
   5.5702381596161032E-002
  -2.7615952812343441     
   1.9699108949829314     
  0.93576906398677473     
  0.45368404070753376     
   1.5343960525753930     
  0.12493334407135086     
 -0.12130091395281248     
  0.13929613766919710     
   1.7046239681838031     
   8.5559299343638900E-002
  0.67468736995103473     
  0.44507311913554032     
  0.41287798255226016     
  -8.4875699956755507E-002
   1.2729794497109570     
  0.89333961419723595     
   1.8486954174190586     
   2.7903602401432011     
  -1.2861819964072281     
   1.7635200374792253     
  -5.0876510360119587E-002
   3.2941789017757936     
  0.47783166260826759     
  -1.0317044887532136     
   1.8686541433909611     
   4.3984849310329560E-002
 -0.45505051645745909     
   3.1437029132532712E-002
   1.3023987597962672     
  -2.3378836643640883     
 -0.38962192141977414     
  -1.4916625767660576     
   2.6776307821104894     
   1.5153384081397627     
  -3.2849614891804171     
 -0.61644237390574785     
   1.3108327824943067     
 -0.40652807522299106     
 -0.14118208270627616     
 -0.73957446241230995     
   1.1051543728330260     
  0.78891581606780792     
   2.8479346392608802     
  0.20144129232141700     
