   100000.00000000000        1.3208400318157185     
   101000.00000000000       -2.6317747136998091     
   102000.00000000000        2.3932380644958706     
   103000.00000000000      -0.81332067939828667     
   104000.00000000000       -1.7079664403294539     
   105000.00000000000        1.4650050026939665     
   106000.00000000000        2.9596250209082702     
   107000.00000000000      -0.41417329350625820     
   108000.00000000000       0.15200262416413093     
   109000.00000000000       0.83368510655498107     
   110000.00000000000      -0.26036323180708015     
   111000.00000000000        1.1002828422153859     
   112000.00000000000       -2.0311730470256326     
   113000.00000000000       0.15254930399306313     
   114000.00000000000        1.7368612969782562     
   115000.00000000000        2.6696459479140731     
   116000.00000000000       0.24805326711896175     
   117000.00000000000      -0.18574531624693377     
   118000.00000000000      -0.17877192848042006     
   119000.00000000000       -1.6570860847407203     
   120000.00000000000       0.33952863709507924     
   121000.00000000000       0.93901183602206717     
   122000.00000000000       0.86430362008353645     
   123000.00000000000        1.2433798749690719     
   124000.00000000000      -0.63874061427628781     
   125000.00000000000        2.4289993498442941     
   126000.00000000000        5.9884300677608554E-003
   127000.00000000000        1.1773434390564903     
   128000.00000000000        1.1190481161236145     
   129000.00000000000        2.2024990444008732     
   130000.00000000000       0.26343286741475669     
   131000.00000000000        2.7024245836792922     
   132000.00000000000      -0.54040402336269522     
   133000.00000000000      -0.15822203107923810     
   134000.00000000000        1.0289521631608283     
   135000.00000000000      -0.49254246849916455     
   136000.00000000000       -2.4412550095884704     
   137000.00000000000        1.0668362782460539     
   138000.00000000000       0.82385068882429169     
   139000.00000000000       0.92282774148724633     
   140000.00000000000       -2.5985330097413675E-002
   141000.00000000000       0.55951515497854365     
   142000.00000000000       -3.2661190907850521     
   143000.00000000000       -1.8254630049771958     
   144000.00000000000       -2.9822354723161073     
   145000.00000000000        1.3584530323860400     
   146000.00000000000      -0.68793417534900281     
   147000.00000000000        1.5109539320687131     
   148000.00000000000        6.8048638461427988E-002
   149000.00000000000        7.4098942209753271E-002
   150000.00000000000       0.48056406055724799     
   151000.00000000000       -3.8917161274930052     
   152000.00000000000       0.21149534808021642     
   153000.00000000000        1.0413123731143956     
   154000.00000000000        2.4148926107379811     
   155000.00000000000       0.22903131089762704     
   156000.00000000000        5.5702381596161032E-002
   157000.00000000000       -2.7615952812343441     
   158000.00000000000        1.9699108949829314     
   159000.00000000000       0.93576906398677473     
   160000.00000000000       0.45368404070753376     
   161000.00000000000        1.5343960525753930     
   162000.00000000000       0.12493334407135086     
   163000.00000000000      -0.12130091395281248     
   164000.00000000000       0.13929613766919710     
   165000.00000000000        1.7046239681838031     
   166000.00000000000        8.5559299343638900E-002
   167000.00000000000       0.67468736995103473     
   168000.00000000000       0.44507311913554032     
   169000.00000000000       0.41287798255226016     
   170000.00000000000       -8.4875699956755507E-002
   171000.00000000000        1.2729794497109570     
   172000.00000000000       0.89333961419723595     
   173000.00000000000        1.8486954174190586     
   174000.00000000000        2.7903602401432011     
   175000.00000000000       -1.2861819964072281     
   176000.00000000000        1.7635200374792253     
   177000.00000000000       -5.0876510360119587E-002
   178000.00000000000        3.2941789017757936     
   179000.00000000000       0.47783166260826759     
   180000.00000000000       -1.0317044887532136     
   181000.00000000000        1.8686541433909611     
   182000.00000000000        4.3984849310329560E-002
   183000.00000000000      -0.45505051645745909     
   184000.00000000000        3.1437029132532712E-002
   185000.00000000000        1.3023987597962672     
   186000.00000000000       -2.3378836643640883     
   187000.00000000000      -0.38962192141977414     
   188000.00000000000       -1.4916625767660576     
   189000.00000000000        2.6776307821104894     
   190000.00000000000        1.5153384081397627     
   191000.00000000000       -3.2849614891804171     
   192000.00000000000      -0.61644237390574785     
   193000.00000000000        1.3108327824943067     
   194000.00000000000      -0.40652807522299106     
   195000.00000000000      -0.14118208270627616     
   196000.00000000000      -0.73957446241230995     
   197000.00000000000        1.1051543728330260     
   198000.00000000000       0.78891581606780792     
   199000.00000000000        2.8479346392608802     
